=~=~=~=~=~=~=~=~=~=~=~= PuTTY log 2024.01.03 13:21:01 =~=~=~=~=~=~=~=~=~=~=~=


[      upc      ] >>> 6.215691,6.212623,0.000000,11.987932,0.000000,11.000006,-0.030829,1.000000,52752
6.215691,6.212623,0.000000,11.987932,0.000000,11.000006,-0.030829,1.000000,52770
6.215691,6.212623,0.000000,11.987932,0.000000,11.000006,-0.030829,1.000000,52787
6.215691,6.212623,0.000000,11.987932,0.000000,11.000006,-0.030829,1.000000,52804
6.215691,6.212623,0.000000,11.987932,0.000000,11.000006,-0.030829,1.000000,52821
6.215691,6.212623,0.000000,11.987932,0.000000,11.000006,-0.030829,1.000000,52838
6.215691,6.212623,0.000000,11.987932,0.000000,11.000006,-0.030829,1.000000,52855
6.215691,6.212623,0.000000,11.987932,0.000000,11.000006,-0.030829,1.000000,52872
6.215691,6.212623,0.000000,11.987932,0.000000,11.000006,-0.030829,1.000000,52889
6.215691,6.212623,0.000000,11.987932,0.000000,11.000006,-0.030829,1.000000,52906
6.215691,6.212623,0.000000,11.987932,0.000000,11.000006,-0.030829,1.000000,52923
6.215691,6.212623,0.000000,11.987932,0.000000,11.000006,-0.030829,1.000000,52940
6.215691,6.212623,0.000000,11.987932,0.000000,11.000006,-0.030829,1.000000,52957
6.215691,6.212623,0.000000,11.987932,0.000000,11.000006,-0.030829,1.000000,52974
6.215691,6.212623,0.000000,11.987932,0.000000,11.000006,-0.030829,1.000000,52991


[      upc      ] >>> rr

******************************************
*********** FreeRTOS based CLI ***********
******************************************

[ uninitialzied ] >>> vol 1

Voltage set to: 1.000000

[ uninitialzied ] >>> b
Command not recognised.  Enter "help" to view a list of available commands.


[ uninitialzied ] >>> r
Command not recognised.  Enter "help" to view a list of available commands.


[ uninitialzied ] >>> br

[ uninitialzied ] >>> rr

******************************************
*********** FreeRTOS based CLI ***********
******************************************

[ uninitialzied ] >>> home

[ uninitialzied ] >>> vol -1

Voltage set to: -1.000000

[ uninitialzied ] >>> v 5

Voltage set to: 5.000000

[    default    ] >>> swu

[    swingup    ] >>> 

[    swingup    ] >>> 3.150797,6.212623,0.000000,11.159881,-0.000000,11.000006,0.000000,1.000000,13252
3.150797,6.212623,0.000000,11.159881,-0.000000,11.000006,0.000000,1.000000,13270
3.150797,6.212623,0.000000,11.159881,-0.000000,11.000006,0.000000,1.000000,13287
3.150797,6.212623,0.000000,11.159881,-0.000000,11.000006,0.000000,1.000000,13304
3.150797,6.212623,0.000000,11.159881,-0.000000,11.000006,0.000000,1.000000,13321
3.150797,6.212623,0.000000,11.159881,-0.000000,11.000006,0.000000,1.000000,13338
3.150797,6.212623,0.000000,11.159881,-0.000000,11.000006,0.000000,1.000000,13355
3.150797,6.212623,0.000000,11.159881,-0.000000,11.000006,0.000000,1.000000,13372
3.150797,6.212623,0.000000,11.159881,-0.000000,11.000006,0.000000,1.000000,13389
3.150797,6.212623,0.000000,11.159881,-0.000000,11.000006,0.000000,1.000000,13406
3.150797,6.212623,0.000000,11.159881,-0.000000,11.000006,0.000000,1.000000,13423
3.150797,6.212623,0.000000,11.159881,-0.000000,11.000006,0.000000,1.000000,13440
3.150797,6.212623,0.000000,11.159881,-0.000000,11.000006,0.000000,1.000000,13457
3.150797,6.212623,0.000000,11.159881,-0.000000,11.000006,0.000000,1.000000,13474
3.150797,6.212623,0.000000,11.159881,-0.000000,11.000006,0.000000,1.000000,13491
3.150797,6.212623,0.000000,11.159881,-0.000000,11.000006,0.000000,1.000000,13508
3.150797,6.212623,0.000000,11.159881,-0.000000,11.000006,0.000000,1.000000,13525
3.150797,6.212623,0.000000,11.159881,-0.000000,11.000006,0.000000,1.000000,13542
3.150797,6.212623,0.000000,11.159881,-0.000000,11.000006,0.000000,1.000000,13559
3.150797,6.212623,0.000000,11.159881,-0.000000,11.000006,0.000000,1.000000,13576
3.150797,6.212623,0.000000,11.159881,-0.000000,11.000006,0.000000,1.000000,13593
3.150797,6.212623,0.000000,11.159881,-0.000000,11.000006,0.000000,1.000000,13610
3.150797,6.212623,0.000000,11.159881,-0.000000,11.000006,0.000000,1.000000,13627
3.150797,6.212623,0.000000,11.159881,-0.000000,11.000006,0.000000,1.000000,13644
3.150797,6.212623,0.000000,11.159881,-0.000000,11.000006,0.000000,1.000000,13661
3.150797,6.212623,0.000000,11.159881,-0.000000,11.000006,0.000000,1.000000,13678
3.150797,6.212623,0.000000,11.159881,-0.000000,11.000006,0.000000,1.000000,13695
3.150797,6.212623,0.000000,11.159881,-0.000000,11.000006,0.000000,1.000000,13712
3.150797,6.212623,0.000000,11.159881,-0.000000,11.000006,0.000000,1.000000,13729
3.150797,6.212623,0.000000,11.159881,-0.000000,11.000006,0.000000,1.000000,13746
3.150797,6.212623,0.000000,11.159881,-0.000000,11.000006,0.000000,1.000000,13763
3.150797,6.212623,0.000000,11.159881,-0.000000,11.000006,0.000000,1.000000,13780
3.150797,6.212623,0.000000,11.159881,-0.000000,11.000006,0.000000,1.000000,13797
3.150797,6.212623,0.000000,11.159881,-0.000000,11.000006,0.000000,1.000000,13814
3.150797,6.212623,0.000000,11.159881,-0.000000,11.000006,0.000000,1.000000,13831
3.150797,6.212623,0.000000,11.159881,-0.000000,11.000006,0.000000,1.000000,13848
3.150797,6.212623,0.000000,11.159881,-0.000000,11.000006,0.000000,1.000000,13865
3.150797,6.212623,0.000000,11.159881,-0.000000,11.000006,0.000000,1.000000,13882
3.150797,6.212623,0.000000,11.159881,-0.000000,11.000006,0.000000,1.000000,13899
3.150797,6.212623,0.000000,11.159881,-0.000000,11.000006,0.000000,1.000000,13916
3.150797,6.212623,0.000000,11.159881,-0.000000,11.000006,0.000000,1.000000,13933
3.150797,6.212623,0.000000,11.159881,-0.000000,11.000006,0.000000,1.000000,13950
3.150797,6.212623,0.000000,11.159881,-0.000000,11.000006,-1.621211,1.000000,13967
3.150797,6.212623,0.000000,11.134788,-0.697019,11.000006,-1.907093,1.000000,13984
3.144661,6.212623,0.000000,11.046964,-2.749338,11.000006,-1.949105,1.000000,14001
3.141593,6.212623,-0.215892,10.984233,-3.923918,11.000006,-1.727833,1.000000,14018
3.132389,-0.070563,-0.317533,10.846225,-5.159315,11.000006,-1.393819,0.000000,14035
3.124719,-0.070563,-0.345658,10.714489,-5.778104,11.000006,-1.232331,0.000000,14052
3.121651,-0.070563,-0.332703,10.651757,-5.943127,11.000006,0.000000,0.000000,14069
3.118583,-0.070563,-0.216044,10.551387,-5.011259,11.000006,0.000000,0.000000,14086
3.121651,-0.070563,0.000000,10.513749,-3.133312,11.000006,0.000000,0.000000,14103
3.124719,-0.070563,0.000000,10.513749,-1.392583,11.000006,0.000000,0.000000,14120
3.127787,-0.070563,0.000000,10.513749,-0.928389,11.000006,0.000000,0.000000,14137
3.130855,-0.070563,0.000000,10.513749,-0.412617,11.000006,0.000000,0.000000,14154
3.135457,-0.070563,0.205028,10.513749,-0.183385,11.000006,2.290079,0.000000,14171
3.136991,-0.070563,0.000000,10.545115,0.923256,11.000006,3.936127,0.000000,14188
3.149263,6.212623,0.407322,10.701942,4.453014,11.000006,5.358953,1.000000,14205
3.169204,6.212623,0.726439,11.009325,10.343266,11.000006,6.064532,1.000000,14222
3.184544,6.212623,0.995625,11.222611,14.005056,11.000006,7.416114,1.000000,14239
3.219826,6.212623,1.294713,11.755827,19.258631,11.000006,8.631917,1.000000,14256
3.261243,6.212623,1.666262,12.452143,26.751427,11.000006,9.178888,1.000000,14273
3.310331,6.212623,2.087057,13.286468,35.030365,11.000006,10.034525,1.000000,14290
3.334874,6.212623,2.209487,13.750678,38.827259,11.000006,10.630927,1.000000,14307
3.387030,6.212623,2.311455,14.760651,42.906654,11.000006,10.842417,1.000000,14324
3.433049,6.212623,2.254496,15.870993,49.110893,11.000006,11.093746,1.000000,14341
3.457593,6.212623,2.321123,16.454393,52.187286,11.000006,11.217501,1.000000,14358
3.502078,6.212623,2.122440,17.665106,53.235638,11.000006,11.269611,1.000000,14375
3.538894,6.212623,1.914827,18.926003,56.977509,11.000006,11.282052,1.000000,14392
3.552700,6.212623,1.736746,19.578407,59.731831,11.000006,11.289150,1.000000,14409
3.575709,6.212623,1.334353,20.889488,58.261536,11.000006,11.263653,1.000000,14426
3.591049,6.212623,0.985061,22.219391,60.256786,11.000006,11.226822,1.000000,14443
3.594117,6.212623,0.488935,23.561838,63.722511,11.000006,11.078613,1.000000,14460
3.591049,6.212623,0.223692,24.239334,65.064865,11.000006,10.786854,1.000000,14477
3.580311,6.212623,0.000000,25.581783,62.862312,11.000006,10.553588,1.000000,14494
3.558836,6.212623,-0.681140,26.911684,63.765274,11.000006,9.879889,1.000000,14511
3.541962,6.212623,-1.016553,27.570360,64.466049,11.000006,8.831070,1.000000,14528
3.503612,6.212623,-1.406279,28.843805,60.086906,11.000006,7.232365,1.000000,14545
3.451457,6.212623,-2.022636,30.048243,58.349644,11.000006,6.071352,1.000000,14562
3.419243,6.212623,-2.422216,30.606550,57.510017,11.000006,3.123302,1.000000,14579
3.345612,6.212623,-2.866182,31.591431,49.188766,11.000006,-1.044260,1.000000,14596
3.247437,6.212623,-3.847538,32.281475,39.147629,11.000006,-3.521049,1.000000,14613
3.118583,-0.070563,-5.289305,32.551216,24.159861,11.000006,-8.343076,0.000000,14630
3.043418,-0.070563,-6.031706,32.513580,14.852046,11.000006,-11.127677,0.000000,14648
2.871612,-0.070563,-6.924770,32.080734,-4.481635,11.000006,-11.879822,0.000000,14665
2.681398,-0.070563,-8.088681,31.296593,-22.832588,11.000006,-11.847203,0.000000,14682
2.586292,-0.070563,-8.562681,30.807291,-31.531780,11.000006,-11.222929,0.000000,14699
2.399146,-0.070563,-8.288260,29.759680,-39.176311,11.000006,-8.922678,0.000000,14716
2.224272,-0.070563,-8.149254,28.680704,-45.152786,11.000006,-7.630441,0.000000,14733
2.070874,-0.070563,-7.763637,27.664457,-47.809059,11.000006,-5.521799,0.000000,14750
2.006447,-0.070563,-7.323331,27.187700,-47.764606,11.000006,-4.493721,0.000000,14768
1.900602,-0.070563,-5.828493,26.334558,-42.069332,11.000006,-4.453317,0.000000,14785
1.825437,-0.070563,-4.533485,25.575510,-38.492664,11.000006,-4.718682,0.000000,14802
1.796291,-0.070563,-3.993840,25.217941,-37.580734,11.000006,-5.871340,0.000000,14819
1.759476,-0.070563,-2.644296,24.521624,-33.430927,11.000006,-7.462854,0.000000,14836
1.745670,-0.070563,-1.499092,23.768850,-34.165428,11.000006,-8.355992,0.000000,14853
1.756408,-0.070563,-0.342420,22.965891,-37.349678,11.000006,-10.220212,0.000000,14870
1.768680,-0.070563,0.000000,22.507954,-40.164360,11.000006,-11.453742,0.000000,14888
1.810097,-0.070563,1.102997,21.516800,-42.316002,11.000006,-11.911474,0.000000,14905
1.872991,-0.070563,2.160560,20.400187,-48.221031,11.000006,-11.966201,0.000000,14922
1.912874,-0.070563,2.769821,19.797966,-52.221367,11.000006,-11.994127,0.000000,14939
2.007981,-0.070563,3.532002,18.480610,-55.411533,11.000006,-11.997689,0.000000,14956
2.127631,-0.070563,4.671823,17.113071,-59.547661,11.000006,-11.997649,0.000000,14973
2.265690,-0.070563,5.877224,15.770623,-63.198242,11.000006,-11.464522,0.000000,14990
2.342389,-0.070563,6.474780,15.074306,-65.342712,11.000006,-9.530668,0.000000,15008
2.508059,-0.070563,6.968293,13.794591,-60.476467,11.000006,-4.894328,0.000000,15025
2.695204,-0.070563,8.039845,12.621516,-57.337944,11.000006,0.000000,0.000000,15042
2.794913,-0.070563,8.683525,12.169852,-53.280758,11.000006,7.495344,0.000000,15059
3.026544,-0.070563,9.483943,11.649183,-35.738667,11.000006,11.088063,0.000000,15076
3.301127,6.212623,11.305486,11.768373,-12.119972,11.000006,11.664316,1.000000,15093
3.591049,6.212623,12.967266,12.345500,10.714368,11.000006,11.954342,1.000000,15110
3.732175,6.212623,13.349056,12.765799,21.152864,11.000006,11.993541,1.000000,15128
3.994486,6.212623,12.375635,13.750678,33.866428,11.000006,11.995756,1.000000,15145
4.230719,6.212623,11.687336,14.879840,44.953621,11.000006,11.664141,1.000000,15162
4.341166,6.212623,11.473106,15.475786,49.833958,11.000006,0.000000,1.000000,15179
4.546719,6.212623,10.059033,16.561035,48.077278,11.000006,0.000000,1.000000,15196
4.743069,6.212623,9.532822,17.288717,39.768822,11.000006,0.000000,1.000000,15213
4.928680,6.212623,9.333028,17.727837,29.454580,11.000006,0.000000,1.000000,15230
5.017652,6.212623,9.187727,17.872118,24.445765,11.000006,0.000000,1.000000,15247
5.189457,6.212623,8.412661,18.054039,15.395392,11.000006,0.000000,1.000000,15264
5.348991,6.212623,8.017083,18.135590,8.933443,11.000006,0.000000,1.000000,15281
5.422622,6.212623,7.799067,18.160681,6.792001,11.000006,0.000000,1.000000,15298
5.556079,6.212623,6.772848,18.179501,3.436885,11.000006,0.000000,1.000000,15315
5.674195,6.212623,6.112205,18.179501,1.527504,11.000006,0.000000,1.000000,15332
5.727884,6.212623,5.864435,18.179501,1.018336,11.000006,12.000000,1.000000,15349
5.819923,6.212623,4.788086,18.461792,7.701557,11.000006,12.000000,1.000000,15366
5.861341,6.212623,3.184777,19.176926,22.381620,11.000006,12.000000,1.000000,15383
5.879748,6.212623,1.892690,20.155533,37.130920,11.000006,12.000000,1.000000,15400
5.881283,6.212623,1.312941,20.707569,43.155159,11.000006,12.000000,1.000000,15418
5.870544,6.212623,0.310814,21.893187,48.593971,11.000006,8.940695,1.000000,15435
5.852137,6.212623,-0.356144,23.141539,54.566093,11.000006,10.918243,1.000000,15452
5.838331,6.212623,-0.697604,23.768850,57.287781,11.000006,3.291417,1.000000,15469
5.809185,6.212623,-1.008875,24.910559,52.853878,11.000006,-3.158025,1.000000,15486
5.790777,6.212623,-0.908590,25.732338,44.122208,11.000006,-3.496385,1.000000,15503
5.793845,6.212623,-0.301554,26.089905,28.740705,11.000006,-7.893097,1.000000,15520
5.804584,6.212623,0.000000,26.083633,18.951424,11.000006,-11.013685,1.000000,15538
5.839865,6.212623,0.956028,25.726065,-0.777731,11.000006,-10.154966,1.000000,15555
5.885884,6.212623,1.635042,25.086205,-17.492237,11.000006,-8.672339,1.000000,15572
5.910428,6.212623,1.908153,24.678452,-25.253258,11.000006,-9.608395,1.000000,15589
5.959516,6.212623,2.041166,23.825310,-31.855202,11.000006,-8.716217,1.000000,15606
6.005535,6.212623,2.083248,22.915707,-37.647224,11.000006,-8.270594,1.000000,15623
6.048487,6.212623,2.118989,21.987284,-42.242821,11.000006,-8.976849,1.000000,15640
6.066895,6.212623,2.026256,21.510527,-44.053780,11.000006,-8.696390,1.000000,15658
6.100641,6.212623,1.735699,20.550741,-43.277859,11.000006,-9.062097,1.000000,15675
6.138991,6.212623,1.777054,19.547041,-45.651424,11.000006,-8.959969,1.000000,15692
6.155865,6.212623,1.747152,19.032646,-47.580772,11.000006,-8.109017,1.000000,15709
6.188079,6.212623,1.543517,18.028946,-45.333397,11.000006,-7.083813,1.000000,15726
6.217224,6.212623,1.435943,17.037794,-45.658836,11.000006,-8.569249,1.000000,15743
6.247904,6.212623,1.490417,16.052914,-47.197533,11.000006,-6.995653,1.000000,15760
6.261709,6.212623,1.453786,15.588702,-46.938736,11.000006,-4.940217,1.000000,15778
6.284719,6.212623,1.208603,14.716739,-42.329674,11.000006,-3.674027,1.000000,15795
6.303127,6.212623,1.014391,13.938871,-39.096291,11.000006,-4.520380,1.000000,15812
6.310797,6.212623,0.931906,13.581304,-37.983116,11.000006,-2.789849,1.000000,15829
6.316933,6.212623,0.567572,12.947720,-32.076241,11.000006,-3.032506,1.000000,15846
6.327671,6.212623,0.542019,12.345500,-29.729801,11.000006,-4.337610,1.000000,15863
6.335340,6.212623,0.445416,11.812284,-27.711128,11.000006,-1.759924,1.000000,15880
6.338408,6.212623,0.399208,11.586452,-26.001850,11.000006,-0.801453,1.000000,15898
6.336875,6.212623,0.000000,11.235158,-20.129601,11.000006,-1.748380,1.000000,15915
6.332273,6.212623,0.000000,10.952868,-16.334826,11.000006,-1.784472,1.000000,15932
6.332273,6.212623,0.000000,10.827405,-15.071968,11.000006,2.202740,1.000000,15949
6.326137,6.212623,0.000000,10.701942,-9.556400,11.000006,4.483457,1.000000,15966
6.307729,6.212623,-0.561306,10.764674,-2.365339,11.000006,0.711910,1.000000,15983
6.284719,6.212623,-0.880085,10.871317,1.876190,11.000006,0.269874,1.000000,16000
6.277049,6.212623,-0.842399,10.915228,2.714492,11.000006,-0.350381,1.000000,16017
6.266312,6.212623,-0.647095,10.946593,1.973142,11.000006,-0.723403,1.000000,16034
6.258641,6.212623,-0.492137,10.934048,0.528458,11.000006,-0.007389,1.000000,16051
6.257108,6.212623,-0.379208,10.927774,0.143196,11.000006,0.987929,1.000000,16068
6.250972,6.212623,-0.321939,10.946593,0.551532,11.000006,1.261335,1.000000,16085
6.246370,6.212623,-0.262377,10.977960,1.081561,11.000006,1.316020,1.000000,16102
6.243302,6.212623,-0.277182,11.009325,1.766554,11.000006,-0.246266,1.000000,16119
6.237166,6.212623,-0.276584,11.078330,2.457986,11.000006,-0.299713,1.000000,16136
6.235632,6.212623,0.000000,11.084602,1.231823,11.000006,-0.933114,1.000000,16153
6.235632,6.212623,0.000000,11.065784,0.129280,11.000006,0.781033,1.000000,16170
6.235632,6.212623,0.000000,11.072056,0.295264,11.000006,0.954445,1.000000,16187
6.234098,6.212623,0.000000,11.115968,1.246444,11.000006,1.349035,1.000000,16204
6.231030,6.212623,0.000000,11.178699,2.296497,11.000006,1.591685,1.000000,16221
6.227962,6.212623,0.000000,11.222611,2.994761,11.000006,1.873972,1.000000,16238
6.223360,6.212623,0.000000,11.341801,4.258456,11.000006,2.263786,1.000000,16255
6.217224,6.212623,-0.240635,11.467263,5.238317,11.000006,-0.026694,1.000000,16272
6.214156,6.212623,-0.262687,11.517448,5.165051,11.000006,-0.202144,1.000000,16289
6.212623,6.212623,0.000000,11.573906,3.619882,11.000006,1.291795,1.000000,16306
6.215691,6.212623,0.000000,11.592725,2.166428,11.000006,0.899293,1.000000,16323
6.215691,6.212623,0.000000,11.630364,2.008402,11.000006,0.755643,1.000000,16340
6.214156,6.212623,0.000000,11.649183,1.966230,11.000006,0.612792,1.000000,16357
6.215691,6.212623,0.000000,11.693095,1.989106,11.000006,0.953682,1.000000,16374
6.215691,6.212623,0.000000,11.743279,2.278054,11.000006,0.765267,1.000000,16391
6.215691,6.212623,0.000000,11.762099,2.146030,11.000006,0.906131,1.000000,16408
6.214156,6.212623,0.000000,11.806011,2.069018,11.000006,0.782565,1.000000,16425
6.214156,6.212623,0.000000,11.856196,2.243899,11.000006,0.989190,1.000000,16442
6.214156,6.212623,0.000000,11.887562,2.541446,11.000006,1.086620,1.000000,16459
6.211088,6.212623,0.000000,11.950293,2.662944,11.000006,0.962761,1.000000,16476
6.209555,6.212623,0.000000,12.031843,3.274557,11.000006,1.516904,1.000000,16493
6.204952,6.212623,0.000000,12.125940,4.104019,11.000006,1.329734,1.000000,16510
6.203419,6.212623,0.000000,12.176126,4.408853,11.000006,1.447271,1.000000,16527
6.198816,6.212623,0.000000,12.282768,4.677833,11.000006,-0.691460,1.000000,16544
6.197283,6.212623,0.000000,12.314134,2.845748,11.000006,-1.249643,1.000000,16561
6.198816,6.212623,0.000000,12.307860,1.688056,11.000006,-0.205581,1.000000,16578
6.203419,6.212623,0.000000,12.289042,0.262379,11.000006,-0.604040,1.000000,16595
6.204952,6.212623,0.000000,12.276495,-0.162220,11.000006,-0.873828,1.000000,16612
6.204952,6.212623,0.000000,12.263948,-0.526365,11.000006,-0.912391,1.000000,16629
6.206487,6.212623,0.000000,12.251403,-0.512731,11.000006,-0.798097,1.000000,16646
6.209555,6.212623,0.000000,12.213763,-1.203733,11.000006,-1.042973,1.000000,16663
6.212623,6.212623,0.000000,12.163580,-1.928978,11.000006,-1.075076,1.000000,16680
6.214156,6.212623,0.000000,12.132214,-2.331530,11.000006,-1.240696,1.000000,16697
6.217224,6.212623,0.000000,12.056935,-2.987898,11.000006,-1.622732,1.000000,16714
6.221827,6.212623,0.202215,11.956567,-4.046266,11.000006,-1.783349,1.000000,16731
6.223360,6.212623,0.000000,11.893835,-4.788568,11.000006,-1.984166,1.000000,16748
6.229496,6.212623,0.236026,11.787192,-4.776892,11.000006,0.532961,1.000000,16765
6.231030,6.212623,0.000000,11.724462,-3.656476,11.000006,0.322963,1.000000,16782
6.229496,6.212623,0.000000,11.724462,-2.437650,11.000006,-0.433295,1.000000,16799
6.226428,6.212623,0.000000,11.711914,-1.431936,11.000006,-0.157866,1.000000,16816
6.224895,6.212623,0.000000,11.705642,-0.775801,11.000006,-0.024398,1.000000,16833
6.223360,6.212623,0.000000,11.699368,-0.484206,11.000006,0.079639,1.000000,16850
6.223360,6.212623,0.000000,11.699368,-0.322804,11.000006,0.170825,1.000000,16867
6.221827,6.212623,0.000000,11.699368,-0.143469,11.000006,0.109693,1.000000,16884
6.220292,6.212623,0.000000,11.699368,-0.063764,11.000006,0.054646,1.000000,16901
6.220292,6.212623,0.000000,11.699368,-0.042509,11.000006,0.082011,1.000000,16918
6.220292,6.212623,0.000000,11.699368,-0.018893,11.000006,0.094173,1.000000,16935
6.218759,6.212623,0.000000,11.699368,-0.008397,11.000006,0.097417,1.000000,16952
6.218759,6.212623,0.000000,11.699368,-0.005598,11.000006,-0.015526,1.000000,16969
6.218759,6.212623,0.000000,11.699368,-0.002488,11.000006,-0.013925,1.000000,16986
6.218759,6.212623,0.000000,11.699368,-0.001106,11.000006,-0.013497,1.000000,17003
6.220292,6.212623,0.000000,11.699368,-0.000491,11.000006,0.103524,1.000000,17020
6.220292,6.212623,0.000000,11.699368,-0.000328,11.000006,0.103735,1.000000,17037
6.220292,6.212623,0.000000,11.699368,-0.000146,11.000006,0.103791,1.000000,17054
6.220292,6.212623,0.000000,11.699368,-0.000065,11.000006,0.103853,1.000000,17071
6.220292,6.212623,0.000000,11.699368,-0.000043,11.000006,0.103881,1.000000,17088
6.218759,6.212623,0.000000,11.699368,-0.000019,11.000006,-0.012653,1.000000,17105
6.220292,6.212623,0.000000,11.699368,-0.000009,11.000006,-0.012650,1.000000,17122
6.220292,6.212623,0.000000,11.699368,-0.000006,11.000006,0.103900,1.000000,17139
6.220292,6.212623,0.000000,11.699368,-0.000003,11.000006,0.103902,1.000000,17156
6.220292,6.212623,0.000000,11.699368,-0.000001,11.000006,0.103902,1.000000,17173
6.218759,6.212623,0.000000,11.699368,-0.000000,11.000006,0.103903,1.000000,17190
6.220292,6.212623,0.000000,11.699368,-0.000000,11.000006,0.103903,1.000000,17207
6.220292,6.212623,0.000000,11.699368,-0.000000,11.000006,0.103903,1.000000,17224
6.220292,6.212623,0.000000,11.699368,-0.000000,11.000006,0.103903,1.000000,17241
6.220292,6.212623,0.000000,11.699368,-0.000000,11.000006,0.103903,1.000000,17258
6.220292,6.212623,0.000000,11.699368,-0.000000,11.000006,0.103903,1.000000,17275
6.220292,6.212623,0.000000,11.699368,-0.000000,11.000006,0.103903,1.000000,17292
6.220292,6.212623,0.000000,11.699368,-0.000000,11.000006,0.103903,1.000000,17309
6.220292,6.212623,0.000000,11.699368,-0.000000,11.000006,0.103903,1.000000,17326
6.220292,6.212623,0.000000,11.699368,-0.000000,11.000006,0.103903,1.000000,17343
6.220292,6.212623,0.000000,11.699368,-0.000000,11.000006,0.103903,1.000000,17360
6.220292,6.212623,0.000000,11.699368,-0.000000,11.000006,0.103903,1.000000,17377
6.220292,6.212623,0.000000,11.699368,-0.000000,11.000006,0.103903,1.000000,17394
6.220292,6.212623,0.000000,11.699368,-0.000000,11.000006,0.103903,1.000000,17411
6.220292,6.212623,0.000000,11.699368,-0.000000,11.000006,0.103903,1.000000,17428
6.220292,6.212623,0.000000,11.699368,-0.000000,11.000006,0.103903,1.000000,17445
6.220292,6.212623,0.000000,11.699368,-0.000000,11.000006,0.103903,1.000000,17462
6.218759,6.212623,0.000000,11.699368,-0.000000,11.000006,-0.012643,1.000000,17479
6.218759,6.212623,0.000000,11.699368,-0.000000,11.000006,-0.012643,1.000000,17496
6.220292,6.212623,0.000000,11.699368,-0.000000,11.000006,0.103903,1.000000,17513
6.220292,6.212623,0.000000,11.699368,-0.000000,11.000006,0.103903,1.000000,17530
6.220292,6.212623,0.000000,11.699368,-0.000000,11.000006,0.103903,1.000000,17547
6.220292,6.212623,0.000000,11.699368,-0.000000,11.000006,0.103903,1.000000,17564
6.220292,6.212623,0.000000,11.699368,-0.000000,11.000006,-0.012643,1.000000,17581
6.220292,6.212623,0.000000,11.699368,-0.000000,11.000006,0.103903,1.000000,17598
6.220292,6.212623,0.000000,11.699368,-0.000000,11.000006,0.103903,1.000000,17615
6.220292,6.212623,0.000000,11.699368,-0.000000,11.000006,0.103903,1.000000,17632
6.220292,6.212623,0.000000,11.699368,-0.000000,11.000006,0.103903,1.000000,17649
6.220292,6.212623,0.000000,11.699368,-0.000000,11.000006,0.103903,1.000000,17666
6.220292,6.212623,0.000000,11.699368,-0.000000,11.000006,0.103903,1.000000,17683
6.220292,6.212623,0.000000,11.699368,-0.000000,11.000006,0.103903,1.000000,17700
6.220292,6.212623,0.000000,11.699368,-0.000000,11.000006,0.103903,1.000000,17717
6.220292,6.212623,0.000000,11.699368,-0.000000,11.000006,0.103903,1.000000,17734
6.220292,6.212623,0.000000,11.699368,-0.000000,11.000006,0.103903,1.000000,17751
6.220292,6.212623,0.000000,11.699368,-0.000000,11.000006,0.103903,1.000000,17768
6.220292,6.212623,0.000000,11.699368,-0.000000,11.000006,0.103903,1.000000,17785
6.220292,6.212623,0.000000,11.699368,-0.000000,11.000006,0.103903,1.000000,17802
6.220292,6.212623,0.000000,11.699368,-0.000000,11.000006,0.103903,1.000000,17819
6.220292,6.212623,0.000000,11.699368,-0.000000,11.000006,0.103903,1.000000,17836
6.220292,6.212623,0.000000,11.699368,-0.000000,11.000006,0.103903,1.000000,17853
6.220292,6.212623,0.000000,11.699368,-0.000000,11.000006,0.103903,1.000000,17870
6.220292,6.212623,0.000000,11.699368,-0.000000,11.000006,0.103903,1.000000,17887
6.220292,6.212623,0.000000,11.699368,-0.000000,11.000006,0.103903,1.000000,17904
6.220292,6.212623,0.000000,11.699368,-0.000000,11.000006,0.103903,1.000000,17921
6.220292,6.212623,0.000000,11.699368,-0.000000,11.000006,0.103903,1.000000,17938
6.220292,6.212623,0.000000,11.699368,-0.000000,11.000006,0.103903,1.000000,17955
6.220292,6.212623,0.000000,11.699368,-0.000000,11.000006,0.103903,1.000000,17972
6.220292,6.212623,0.000000,11.699368,-0.000000,11.000006,0.103903,1.000000,17989
6.220292,6.212623,0.000000,11.699368,-0.000000,11.000006,0.103903,1.000000,18006
6.220292,6.212623,0.000000,11.699368,-0.000000,11.000006,0.103903,1.000000,18023
6.220292,6.212623,0.000000,11.699368,-0.000000,11.000006,0.103903,1.000000,18040
6.220292,6.212623,0.000000,11.699368,-0.000000,11.000006,0.103903,1.000000,18057
6.220292,6.212623,0.000000,11.699368,-0.000000,11.000006,0.103903,1.000000,18074
6.220292,6.212623,0.000000,11.699368,-0.000000,11.000006,0.103903,1.000000,18091
6.220292,6.212623,0.000000,11.699368,-0.000000,11.000006,0.103903,1.000000,18108
6.220292,6.212623,0.000000,11.699368,-0.000000,11.000006,0.103903,1.000000,18125
6.220292,6.212623,0.000000,11.699368,-0.000000,11.000006,0.103903,1.000000,18142
6.220292,6.212623,0.000000,11.699368,-0.000000,11.000006,0.103903,1.000000,18159
6.220292,6.212623,0.000000,11.699368,-0.000000,11.000006,0.103903,1.000000,18176
6.220292,6.212623,0.000000,11.699368,-0.000000,11.000006,0.103903,1.000000,18193
6.220292,6.212623,0.000000,11.699368,-0.000000,11.000006,0.103903,1.000000,18210
6.220292,6.212623,0.000000,11.699368,-0.000000,11.000006,0.103903,1.000000,18227
6.220292,6.212623,0.000000,11.699368,-0.000000,11.000006,0.103903,1.000000,18244
6.220292,6.212623,0.000000,11.699368,-0.000000,11.000006,0.103903,1.000000,18261
6.220292,6.212623,0.000000,11.699368,-0.000000,11.000006,0.103903,1.000000,18278
6.220292,6.212623,0.000000,11.699368,-0.000000,11.000006,0.103903,1.000000,18295
6.220292,6.212623,0.000000,11.699368,-0.000000,11.000006,0.103903,1.000000,18312
6.220292,6.212623,0.000000,11.699368,-0.000000,11.000006,0.103903,1.000000,18329
6.220292,6.212623,0.000000,11.699368,-0.000000,11.000006,0.103903,1.000000,18346
6.220292,6.212623,0.000000,11.699368,-0.000000,11.000006,0.103903,1.000000,18363
6.218759,6.212623,0.000000,11.699368,-0.000000,11.000006,0.103903,1.000000,18380
6.220292,6.212623,0.000000,11.699368,-0.000000,11.000006,0.103903,1.000000,18397
6.220292,6.212623,0.000000,11.699368,-0.000000,11.000006,0.103903,1.000000,18414
6.220292,6.212623,0.000000,11.699368,-0.000000,11.000006,0.103903,1.000000,18431
6.220292,6.212623,0.000000,11.699368,-0.000000,11.000006,0.103903,1.000000,18448
6.220292,6.212623,0.000000,11.699368,-0.000000,11.000006,0.103903,1.000000,18465
6.220292,6.212623,0.000000,11.699368,-0.000000,11.000006,0.103903,1.000000,18482
6.220292,6.212623,0.000000,11.699368,-0.000000,11.000006,0.103903,1.000000,18499
6.220292,6.212623,0.000000,11.699368,-0.000000,11.000006,0.103903,1.000000,18516
6.220292,6.212623,0.000000,11.699368,-0.000000,11.000006,0.103903,1.000000,18533
6.220292,6.212623,0.000000,11.699368,-0.000000,11.000006,0.103903,1.000000,18550
6.220292,6.212623,0.000000,11.699368,-0.000000,11.000006,0.103903,1.000000,18567
6.220292,6.212623,0.000000,11.699368,-0.000000,11.000006,0.103903,1.000000,18584
6.220292,6.212623,0.000000,11.699368,-0.000000,11.000006,0.103903,1.000000,18601
6.220292,6.212623,0.000000,11.699368,-0.000000,11.000006,0.103903,1.000000,18618
6.220292,6.212623,0.000000,11.699368,-0.000000,11.000006,0.103903,1.000000,18635
6.220292,6.212623,0.000000,11.699368,-0.000000,11.000006,0.103903,1.000000,18652
6.220292,6.212623,0.000000,11.699368,-0.000000,11.000006,0.103903,1.000000,18669
6.220292,6.212623,0.000000,11.699368,-0.000000,11.000006,0.103903,1.000000,18686


[      upc      ] >>> wd
Command not recognised.  Enter "help" to view a list of available commands.


[      upc      ] >>> swd

[      dpc      ] >>> 