3.135229,0.000000,0.000000,0.144883,0.000000,0.000000,0.000000,12610
3.135229,0.000000,0.000000,0.144883,0.000000,0.000000,0.000000,12620
3.135229,0.000000,0.000000,0.144883,0.000000,0.000000,0.000000,12630
3.135229,0.000000,0.000000,0.144883,0.000000,0.000000,0.000000,12640
3.135229,0.000000,0.000000,0.144883,0.000000,0.000000,0.000000,12650
3.135229,0.000000,0.000000,0.144883,0.000000,0.000000,0.000000,12660
3.135229,0.000000,0.000000,0.144883,0.000000,0.000000,0.000000,12670
3.135229,0.000000,0.000000,0.144883,0.000000,0.000000,0.000000,12680
3.135229,0.000000,0.000000,0.144883,0.000000,0.000000,0.000000,12690
3.135229,0.000000,0.000000,0.144883,0.000000,0.000000,0.000000,12700
3.135229,0.000000,0.000000,0.144883,0.000000,0.000000,0.000000,12710
3.135229,0.000000,0.000000,0.144883,0.000000,0.000000,0.000000,12720
3.135229,0.000000,0.000000,0.144883,0.000000,0.000000,0.000000,12730
3.135229,0.000000,0.000000,0.144883,0.000000,0.000000,0.000000,12740
3.135229,0.000000,0.000000,0.144883,0.000000,0.000000,0.000000,12750
3.135229,0.000000,0.000000,0.144883,0.000000,0.000000,0.000000,12760
3.135229,0.000000,0.000000,0.144883,0.000000,0.000000,0.000000,12770
3.135229,0.000000,0.000000,0.144883,0.000000,0.000000,0.000000,12780
3.135229,0.000000,0.000000,0.144883,0.000000,0.000000,0.000000,12790
3.135229,0.000000,0.000000,0.144883,0.000000,0.000000,0.000000,12800
3.135229,0.000000,0.000000,0.144883,0.000000,0.000000,0.000000,12810
3.135229,0.000000,0.000000,0.144883,0.000000,0.000000,0.000000,12820
3.135229,0.000000,0.000000,0.144883,0.000000,0.000000,0.000000,12830
3.135229,0.000000,0.000000,0.144883,0.000000,0.000000,0.000000,12840
3.135229,0.000000,0.000000,0.144883,0.000000,0.000000,0.000000,12850
3.135229,0.000000,0.000000,0.144883,0.000000,0.000000,0.000000,12860
3.135229,0.000000,0.000000,0.144883,0.000000,0.000000,0.000000,12870
3.135229,0.000000,0.000000,0.144883,0.000000,0.000000,0.000000,12880
3.135229,0.000000,0.000000,0.144883,0.000000,0.000000,0.000000,12890
3.135229,0.000000,0.000000,0.144883,0.000000,0.000000,0.000000,12900
3.135229,0.000000,0.000000,0.144883,0.000000,0.000000,0.000000,12910
3.135229,0.000000,0.000000,0.144883,0.000000,0.000000,0.000000,12920
3.135229,0.000000,0.000000,0.144883,0.000000,0.000000,0.000000,12930
3.135229,0.000000,0.000000,0.144883,0.000000,0.000000,0.000000,12940
3.135229,0.000000,0.000000,0.144883,0.000000,0.000000,0.000000,12950
3.135229,0.000000,0.000000,0.144883,0.000000,0.000000,0.000000,12960
3.135229,0.000000,0.000000,0.144883,0.000000,0.000000,0.000000,12970
3.135229,0.000000,0.000000,0.144883,0.000000,0.000000,0.000000,12980
3.135229,0.000000,0.000000,0.144883,0.000000,0.000000,0.000000,12990
3.135229,0.000000,0.000000,0.144883,0.000000,0.000000,0.000000,13000
3.135229,0.000000,0.000000,0.144883,0.000000,0.000000,0.000000,13010
3.135229,0.000000,0.000000,0.144883,0.000000,0.000000,0.000000,13020
3.135229,0.000000,0.000000,0.144883,0.000000,0.000000,0.000000,13030
3.135229,0.000000,0.000000,0.144883,0.000000,0.000000,0.000000,13040
3.135229,0.000000,0.000000,0.144883,0.000000,0.000000,0.000000,13050
3.135229,0.000000,0.000000,0.144883,0.000000,0.000000,0.000000,13060
3.135229,0.000000,0.000000,0.144883,0.000000,0.000000,0.000000,13070
3.135229,0.000000,0.000000,0.144883,0.000000,0.000000,0.000000,13080
3.135229,0.000000,0.000000,0.144883,0.000000,0.000000,0.000000,13090
3.135229,0.000000,0.000000,0.144883,0.000000,0.000000,0.000000,13100
3.135229,0.000000,0.000000,0.144883,0.000000,0.000000,0.000000,13110
3.135229,0.000000,0.000000,0.144883,0.000000,0.000000,0.000000,13120
3.135229,0.000000,0.000000,0.144883,0.000000,0.000000,0.000000,13130
3.135229,0.000000,0.000000,0.144883,0.000000,0.000000,0.000000,13140
3.135229,0.000000,0.000000,0.144883,0.000000,0.000000,0.000000,13150
3.135229,0.000000,0.000000,0.144883,0.000000,0.000000,0.000000,13160
3.135229,0.000000,0.000000,0.144883,0.000000,0.000000,0.000000,13170
3.135229,0.000000,0.000000,0.144883,0.000000,0.000000,0.000000,13180
3.135229,0.000000,0.000000,0.144883,0.000000,0.000000,0.000000,13190
3.135229,0.000000,0.000000,0.144883,0.000000,0.000000,0.000000,13200
3.135229,0.000000,0.000000,0.144883,0.000000,0.000000,0.000000,13210
3.135229,0.000000,0.000000,0.144883,0.000000,0.000000,0.000000,13220
3.135229,0.000000,0.000000,0.144883,0.000000,0.000000,0.000000,13230
3.135229,0.000000,0.000000,0.144883,0.000000,0.000000,0.000000,13240
3.135229,0.000000,0.000000,0.144883,0.000000,0.000000,0.000000,13250
3.135229,0.000000,0.000000,0.144883,0.000000,0.000000,0.000000,13260
3.135229,0.000000,0.000000,0.144883,0.000000,0.000000,0.000000,13270
3.135229,0.000000,0.000000,0.144883,0.000000,0.000000,0.000000,13280
3.135229,0.000000,0.000000,0.144883,0.000000,0.000000,0.000000,13290
3.135229,0.000000,0.000000,0.144883,0.000000,0.000000,0.000000,13300
3.135229,0.000000,0.000000,0.144883,0.000000,0.000000,0.000000,13310
3.135229,0.000000,0.000000,0.144883,0.000000,0.000000,0.000000,13320
3.135229,0.000000,0.000000,0.144883,0.000000,0.000000,0.000000,13330
3.135229,0.000000,0.000000,0.144883,0.000000,0.000000,0.000000,13340
3.135229,0.000000,0.000000,0.144883,0.000000,0.000000,0.000000,13350
3.135229,0.000000,0.000000,0.144883,0.000000,0.000000,0.000000,13360
3.135229,0.000000,0.000000,0.144883,0.000000,0.000000,0.000000,13370
3.135229,0.000000,0.000000,0.144883,0.000000,0.000000,0.000000,13380
3.135229,0.000000,0.000000,0.144883,0.000000,0.000000,0.000000,13390
3.135229,0.000000,0.000000,0.144883,0.000000,0.000000,0.000000,13400
3.135229,0.000000,0.000000,0.144883,0.000000,0.000000,0.000000,13410
3.135229,0.000000,0.000000,0.144883,0.000000,0.000000,0.000000,13420
3.135229,0.000000,0.000000,0.144883,0.000000,0.000000,0.000000,13430
3.135229,0.000000,0.000000,0.144883,0.000000,0.000000,0.000000,13440
3.135229,0.000000,0.000000,0.144883,0.000000,0.000000,0.000000,13450
3.135229,0.000000,0.000000,0.144883,0.000000,0.000000,0.000000,13460
3.135229,0.000000,0.000000,0.144883,0.000000,0.000000,0.000000,13470
3.135229,0.000000,0.000000,0.144883,0.000000,0.000000,0.000000,13480
3.135229,0.000000,0.000000,0.144883,0.000000,0.000000,0.000000,13490
3.135229,0.000000,0.000000,0.144883,0.000000,0.000000,0.000000,13500
3.135229,0.000000,0.000000,0.144883,0.000000,0.000000,0.000000,13510
3.135229,0.000000,0.000000,0.144883,0.000000,0.000000,0.000000,13520
3.135229,0.000000,0.000000,0.144883,0.000000,0.000000,0.000000,13530
3.135229,0.000000,0.000000,0.144883,0.000000,0.000000,0.000000,13540
3.135229,0.000000,0.000000,0.144883,0.000000,0.000000,0.000000,13550
3.135229,0.000000,0.000000,0.144883,0.000000,0.000000,0.000000,13560
3.135229,0.000000,0.000000,0.144883,0.000000,0.000000,0.000000,13570
3.135229,0.000000,0.000000,0.144883,0.000000,0.000000,0.000000,13580
3.135229,0.000000,0.000000,0.144883,0.000000,0.000000,0.000000,13590
3.135229,0.000000,0.000000,0.144883,0.000000,0.000000,0.000000,13600
3.135229,0.000000,0.000000,0.144883,0.000000,0.000000,0.000000,13610
3.135229,0.000000,0.000000,0.144883,0.000000,0.000000,0.000000,13620
3.135229,0.000000,0.000000,0.144883,0.000000,0.000000,0.000000,13630
3.135229,0.000000,0.000000,0.144883,0.000000,0.000000,0.000000,13640
3.135229,0.000000,0.000000,0.144883,0.000000,0.000000,0.000000,13650
3.135229,0.000000,0.000000,0.144883,0.000000,0.000000,0.000000,13660
3.135229,0.000000,0.000000,0.144883,0.000000,0.000000,0.000000,13670
3.135229,0.000000,0.000000,0.144883,0.000000,0.000000,0.000000,13680
3.135229,0.000000,0.000000,0.144883,0.000000,0.000000,0.000000,13690
3.135229,0.000000,0.000000,0.144883,0.000000,0.000000,0.000000,13700
3.135229,0.000000,0.000000,0.144883,0.000000,0.000000,0.000000,13710
3.135229,0.000000,0.000000,0.144883,0.000000,0.000000,0.000000,13720
3.135229,0.000000,0.000000,0.144883,0.000000,0.000000,0.000000,13730
3.135229,0.000000,0.000000,0.144883,0.000000,0.000000,0.000000,13740
3.135229,0.000000,0.000000,0.144883,0.000000,0.000000,0.000000,13750
3.135229,0.000000,0.000000,0.144883,0.000000,0.000000,0.000000,13760
3.135229,0.000000,0.000000,0.144883,0.000000,0.000000,0.000000,13770
3.135229,0.000000,0.000000,0.144883,0.000000,0.000000,0.000000,13780
3.135229,0.000000,0.000000,0.144883,0.000000,0.000000,0.000000,13790
3.135229,0.000000,0.000000,0.144883,0.000000,0.000000,0.000000,13800
3.135229,0.000000,0.000000,0.144883,0.000000,0.000000,0.000000,13810
3.135229,0.000000,0.000000,0.144883,0.000000,0.000000,0.000000,13820
3.135229,0.000000,0.000000,0.144883,0.000000,0.000000,0.000000,13830
3.135229,0.000000,0.000000,0.144883,0.000000,0.000000,0.000000,13840
3.135229,0.000000,0.000000,0.144883,0.000000,0.000000,0.000000,13850
3.135229,0.000000,0.000000,0.144883,0.000000,0.000000,0.000000,13860
3.135229,0.000000,0.000000,0.144883,0.000000,0.000000,0.000000,13870
3.135229,0.000000,0.000000,0.144883,0.000000,0.000000,0.000000,13880
3.135229,0.000000,0.000000,0.144883,0.000000,0.000000,0.000000,13890
3.135229,0.000000,0.000000,0.144883,0.000000,0.000000,0.000000,13900
3.135229,0.000000,0.000000,0.144883,0.000000,0.000000,0.000000,13910
3.135229,0.000000,0.000000,0.144883,0.000000,0.000000,0.000000,13920
3.135229,0.000000,0.000000,0.144883,0.000000,0.000000,0.000000,13930
3.135229,0.000000,0.000000,0.144883,0.000000,0.000000,0.000000,13940
3.135229,0.000000,0.000000,0.144883,0.000000,0.000000,0.000000,13950
3.135229,0.000000,0.000000,0.144883,0.000000,0.000000,0.000000,13960
3.135229,0.000000,0.000000,0.144883,0.000000,0.000000,0.000000,13970
3.135229,0.000000,0.000000,0.144883,0.000000,0.000000,0.000000,13980
3.135229,0.000000,0.000000,0.144883,0.000000,0.000000,0.000000,13990
3.135229,0.000000,0.000000,0.144883,0.000000,0.000000,0.000000,14000
3.135229,0.000000,0.000000,0.144883,0.000000,0.000000,0.000000,14010
3.135229,0.000000,0.000000,0.144883,0.000000,0.000000,0.000000,14020
3.135229,0.000000,0.000000,0.144883,0.000000,0.000000,0.000000,14030
3.135229,0.000000,0.000000,0.144883,0.000000,0.000000,0.000000,14040
3.135229,0.000000,0.000000,0.144883,0.000000,0.000000,0.000000,14050
3.135229,0.000000,0.000000,0.144883,0.000000,0.000000,0.000000,14060
3.135229,0.000000,0.000000,0.144883,0.000000,0.000000,0.000000,14070
3.135229,0.000000,0.000000,0.144883,0.000000,0.000000,0.000000,14080
3.135229,0.000000,0.000000,0.144883,0.000000,0.000000,0.000000,14090
3.135229,0.000000,0.000000,0.144883,0.000000,0.000000,0.000000,14100
3.135229,0.000000,0.000000,0.144883,0.000000,0.000000,0.000000,14110
3.135229,0.000000,0.000000,0.144883,0.000000,0.000000,0.000000,14120
3.135229,0.000000,0.000000,0.144883,0.000000,0.000000,0.000000,14130
3.135229,0.000000,0.000000,0.144883,0.000000,0.000000,0.000000,14140
3.135229,0.000000,0.000000,0.144883,0.000000,0.000000,0.000000,14150
3.135229,0.000000,0.000000,0.144883,0.000000,0.000000,0.000000,14160
3.135229,0.000000,0.000000,0.144883,0.000000,0.000000,0.000000,14170
3.135229,0.000000,0.000000,0.144883,0.000000,0.000000,0.000000,14180
3.135229,0.000000,0.000000,0.144883,0.000000,0.000000,0.000000,14190
3.135229,0.000000,0.000000,0.144883,0.000000,0.000000,0.000000,14200
3.135229,0.000000,0.000000,0.144883,0.000000,0.000000,0.000000,14210
3.135229,0.000000,0.000000,0.144883,0.000000,0.000000,0.000000,14220
3.135229,0.000000,0.000000,0.144883,0.000000,0.000000,0.000000,14230
3.135229,0.000000,0.000000,0.144883,0.000000,0.000000,0.000000,14240
3.135229,0.000000,0.000000,0.144883,0.000000,0.000000,0.000000,14250
3.135229,0.000000,0.000000,0.144883,0.000000,0.000000,0.000000,14260
3.135229,0.000000,0.000000,0.144883,0.000000,0.000000,0.000000,14270
3.135229,0.000000,0.000000,0.144883,0.000000,0.000000,0.000000,14280
3.135229,0.000000,0.000000,0.144883,0.000000,0.000000,0.000000,14290
3.135229,0.000000,0.000000,0.144883,0.000000,0.000000,0.000000,14300
3.135229,0.000000,0.000000,0.144883,0.000000,0.000000,0.000000,14310
3.135229,0.000000,0.000000,0.144883,0.000000,0.000000,0.000000,14320
3.135229,0.000000,0.000000,0.144883,0.000000,0.000000,0.000000,14330
3.135229,0.000000,0.000000,0.144883,0.000000,0.000000,0.000000,14340
3.135229,0.000000,0.000000,0.144883,0.000000,0.000000,0.000000,14350
3.135229,0.000000,0.000000,0.144883,0.000000,0.000000,0.000000,14360
3.135229,0.000000,0.000000,0.144883,0.000000,0.000000,0.000000,14370
3.135229,0.000000,0.000000,0.144883,0.000000,0.000000,0.000000,14380
3.135229,0.000000,0.000000,0.144883,0.000000,0.000000,0.000000,14390
3.135229,0.000000,0.000000,0.144883,0.000000,0.000000,0.000000,14400
3.135229,0.000000,0.000000,0.144883,0.000000,0.000000,0.000000,14410
3.135229,0.000000,0.000000,0.144883,0.000000,0.000000,0.000000,14420
3.135229,0.000000,0.000000,0.144883,0.000000,0.000000,0.000000,14430
3.135229,0.000000,0.000000,0.144883,0.000000,0.000000,0.000000,14440
3.135229,0.000000,0.000000,0.144883,0.000000,0.000000,0.000000,14450
3.135229,0.000000,0.000000,0.144883,0.000000,0.000000,0.000000,14460
3.135229,0.000000,0.000000,0.144883,0.000000,0.000000,0.000000,14470
3.135229,0.000000,0.000000,0.144883,0.000000,0.000000,0.000000,14480
3.135229,0.000000,0.000000,0.144883,0.000000,0.000000,0.000000,14490
3.135229,0.000000,0.000000,0.144883,0.000000,0.000000,0.000000,14500
3.135229,0.000000,0.000000,0.144883,0.000000,0.000000,0.000000,14510
3.135229,0.000000,0.000000,0.144883,0.000000,0.000000,0.000000,14520
3.135229,0.000000,0.000000,0.144883,0.000000,0.000000,0.000000,14530
3.135229,0.000000,0.000000,0.144883,0.000000,0.000000,0.000000,14540
3.135229,0.000000,0.000000,0.144883,0.000000,0.000000,0.000000,14550
3.135229,0.000000,0.000000,0.144883,0.000000,0.000000,0.000000,14560
3.135229,0.000000,0.000000,0.144883,0.000000,0.000000,0.000000,14570
3.135229,0.000000,0.000000,0.144883,0.000000,0.000000,0.000000,14580
3.135229,0.000000,0.000000,0.144883,0.000000,0.000000,0.000000,14590
3.135229,0.000000,0.000000,0.144883,0.000000,0.000000,0.000000,14600
3.135229,0.000000,0.000000,0.144883,0.000000,0.000000,0.000000,14610
3.135229,0.000000,0.000000,0.144883,0.000000,0.000000,0.000000,14620
3.135229,0.000000,0.000000,0.144883,0.000000,0.000000,0.000000,14630
3.135229,0.000000,0.000000,0.144883,0.000000,0.000000,0.000000,14640
3.135229,0.000000,0.000000,0.144883,0.000000,0.000000,0.000000,14650
3.135229,0.000000,0.000000,0.144883,0.000000,0.000000,0.000000,14660
3.135229,0.000000,0.000000,0.144883,0.000000,0.000000,0.000000,14670
3.135229,0.000000,0.000000,0.144883,0.000000,0.000000,0.000000,14680
3.135229,0.000000,0.000000,0.144883,0.000000,0.000000,0.000000,14690
3.135229,0.000000,0.000000,0.144883,0.000000,0.000000,0.000000,14700
3.135229,0.000000,0.000000,0.144883,0.000000,0.000000,0.000000,14710
3.135229,0.000000,0.000000,0.144883,0.000000,0.000000,0.000000,14720
3.135229,0.000000,0.000000,0.144883,0.000000,0.000000,0.000000,14730
3.135229,0.000000,0.000000,0.144883,0.000000,0.000000,0.000000,14740
3.135229,0.000000,0.000000,0.144883,0.000000,0.000000,0.000000,14750
3.135229,0.000000,0.000000,0.144883,0.000000,0.000000,0.000000,14760
3.135229,0.000000,0.000000,0.144883,0.000000,0.000000,0.000000,14770
3.135229,0.000000,0.000000,0.144883,0.000000,0.000000,0.000000,14780
3.135229,0.000000,0.000000,0.144883,0.000000,0.000000,0.000000,14790
3.135229,0.000000,0.000000,0.144883,0.000000,0.000000,0.000000,14800
3.135229,0.000000,0.000000,0.144883,0.000000,0.000000,0.000000,14810
3.135229,0.000000,0.000000,0.144883,0.000000,0.000000,0.000000,14820
3.135229,0.000000,0.000000,0.144883,0.000000,0.000000,0.000000,14830
3.135229,0.000000,0.000000,0.144883,0.000000,0.000000,0.000000,14840
3.135229,0.000000,0.000000,0.144883,0.000000,0.000000,0.000000,14850
3.135229,0.000000,0.000000,0.144883,0.000000,0.000000,0.000000,14860
3.135229,0.000000,0.000000,0.144883,0.000000,0.000000,0.000000,14870
3.135229,0.000000,0.000000,0.144883,0.000000,0.000000,0.000000,14880
3.135229,0.000000,0.000000,0.144883,0.000000,0.000000,0.000000,14890
3.135229,0.000000,0.000000,0.144883,0.000000,0.000000,0.000000,14900
3.135229,0.000000,0.000000,0.144883,0.000000,0.000000,0.000000,14910
3.135229,0.000000,0.000000,0.144883,0.000000,0.000000,0.000000,14920
3.135229,0.000000,0.000000,0.144883,0.000000,0.000000,0.000000,14930
3.135229,0.000000,0.000000,0.144883,0.000000,0.000000,0.000000,14940
3.135229,0.000000,0.000000,0.144883,0.000000,0.000000,0.000000,14950
3.135229,0.000000,0.000000,0.144883,0.000000,0.000000,0.000000,14960
3.135229,0.000000,0.000000,0.144883,0.000000,0.000000,0.000000,14970
3.135229,0.000000,0.000000,0.144883,0.000000,0.000000,0.000000,14980
3.135229,0.000000,0.000000,0.144883,0.000000,0.000000,0.000000,14990
3.135229,0.000000,0.000000,0.144883,0.000000,0.000000,0.000000,15000
3.135229,0.000000,0.000000,0.144883,0.000000,0.000000,0.000000,15010
3.135229,0.000000,0.000000,0.144883,0.000000,0.000000,0.000000,15020
3.135229,0.000000,0.000000,0.144883,0.000000,0.000000,0.000000,15030
3.135229,0.000000,0.000000,0.144883,0.000000,0.000000,0.000000,15040
3.135229,0.000000,0.000000,0.144883,0.000000,0.000000,0.000000,15050
3.135229,0.000000,0.000000,0.144883,0.000000,0.000000,0.000000,15060
3.135229,0.000000,0.000000,0.144883,0.000000,0.000000,0.000000,15070
3.135229,0.000000,0.000000,0.144883,0.000000,0.000000,0.000000,15080
3.135229,0.000000,0.000000,0.144883,0.000000,0.000000,0.000000,15090
3.135229,0.000000,0.000000,0.144883,0.000000,0.000000,0.000000,15100
3.135229,0.000000,0.000000,0.144883,0.000000,0.000000,0.000000,15110
3.135229,0.000000,0.000000,0.144883,0.000000,0.000000,0.000000,15120
3.135229,0.000000,0.000000,0.144883,0.000000,0.000000,0.000000,15130
3.135229,0.000000,0.000000,0.144883,0.000000,0.000000,0.000000,15140
3.133695,0.000000,-0.076699,0.144883,0.000000,0.000000,0.000000,15150
3.135229,0.000000,0.038350,0.144883,0.000000,0.000000,0.000000,15160
3.135229,0.000000,0.019175,0.144883,0.000000,0.000000,0.000000,15170
3.135229,0.000000,0.009587,0.144883,0.000000,0.000000,0.000000,15180
3.135229,0.000000,0.004794,0.144883,0.000000,0.000000,0.000000,15190
3.135229,0.000000,0.002397,0.144883,0.000000,0.000000,0.000000,15200
3.135229,0.000000,0.001198,0.144883,0.000000,0.000000,0.000000,15210
3.135229,0.000000,0.000599,0.144883,0.000000,0.000000,0.000000,15220
3.135229,0.000000,0.000300,0.144883,0.000000,0.000000,0.000000,15230
3.135229,0.000000,0.000150,0.144883,0.000000,0.000000,0.000000,15240
3.135229,0.000000,0.000075,0.144883,0.000000,0.000000,0.000000,15250
3.135229,0.000000,0.000037,0.144883,0.000000,0.000000,0.000000,15260
3.135229,0.000000,0.000019,0.144883,0.000000,0.000000,0.000000,15270
3.135229,0.000000,0.000009,0.144883,0.000000,0.000000,0.000000,15280
3.135229,0.000000,0.000005,0.144883,0.000000,0.000000,0.000000,15290
3.135229,0.000000,0.000002,0.144883,0.000000,0.000000,0.000000,15300
3.135229,0.000000,0.000001,0.144883,0.000000,0.000000,0.000000,15310
3.135229,0.000000,0.000001,0.144883,0.000000,0.000000,0.000000,15320
3.135229,0.000000,0.000000,0.144883,0.000000,0.000000,0.000000,15330
3.135229,0.000000,0.000000,0.144883,0.000000,0.000000,0.000000,15340
3.135229,0.000000,0.000000,0.144883,0.000000,0.000000,0.000000,15350
3.135229,0.000000,0.000000,0.144883,0.000000,0.000000,0.000000,15360
3.135229,0.000000,0.000000,0.144883,0.000000,0.000000,0.000000,15370
3.135229,0.000000,0.000000,0.144883,0.000000,0.000000,0.000000,15380
3.135229,0.000000,0.000000,0.144883,0.000000,0.000000,0.000000,15390
3.135229,0.000000,0.000000,0.144883,0.000000,0.000000,0.000000,15400
3.135229,0.000000,0.000000,0.144883,0.000000,0.000000,0.000000,15410
3.135229,0.000000,0.000000,0.144883,0.000000,0.000000,0.000000,15420
3.135229,0.000000,0.000000,0.144883,0.000000,0.000000,0.000000,15430
3.135229,0.000000,0.000000,0.144883,0.000000,0.000000,0.000000,15440
3.135229,0.000000,0.000000,0.144883,0.000000,0.000000,0.000000,15450
3.135229,0.000000,0.000000,0.144883,0.000000,0.000000,0.000000,15460
3.135229,0.000000,0.000000,0.144883,0.000000,0.000000,0.000000,15470
3.135229,0.000000,0.000000,0.144883,0.000000,0.000000,0.000000,15480
3.135229,0.000000,0.000000,0.144883,0.000000,0.000000,0.000000,15490
3.135229,0.000000,0.000000,0.144883,0.000000,0.000000,0.000000,15500
3.135229,0.000000,0.000000,0.144883,0.000000,0.000000,0.000000,15510
3.135229,0.000000,0.000000,0.144883,0.000000,0.000000,0.000000,15520
3.135229,0.000000,0.000000,0.144883,0.000000,0.000000,0.000000,15530
3.135229,0.000000,0.000000,0.144883,0.000000,0.000000,0.000000,15540
3.135229,0.000000,0.000000,0.144883,0.000000,0.000000,0.000000,15550
3.135229,0.000000,0.000000,0.144883,0.000000,0.000000,0.000000,15560
3.135229,0.000000,0.000000,0.144883,0.000000,0.000000,0.000000,15570
3.135229,0.000000,0.000000,0.144883,0.000000,0.000000,0.000000,15580
3.135229,0.000000,0.000000,0.144883,0.000000,0.000000,0.000000,15590
3.135229,0.000000,0.000000,0.144883,0.000000,0.000000,0.000000,15600
3.135229,0.000000,0.000000,0.144883,0.000000,0.000000,0.000000,15610
3.135229,0.000000,0.000000,0.144883,0.000000,0.000000,0.000000,15620
3.135229,0.000000,0.000000,0.144883,0.000000,0.000000,0.000000,15630
3.135229,0.000000,0.000000,0.144883,0.000000,0.000000,0.000000,15640
3.135229,0.000000,0.000000,0.144883,0.000000,0.000000,0.000000,15650
3.135229,0.000000,0.000000,0.144883,0.000000,0.000000,0.000000,15660
3.135229,0.000000,0.000000,0.144883,0.000000,0.000000,0.000000,15670
3.135229,0.000000,0.000000,0.144883,0.000000,0.000000,0.000000,15680
3.135229,0.000000,0.000000,0.144883,0.000000,0.000000,0.000000,15690
3.135229,0.000000,0.000000,0.144883,0.000000,0.000000,0.000000,15700
3.135229,0.000000,0.000000,0.144883,0.000000,0.000000,0.000000,15710
3.135229,0.000000,0.000000,0.144883,0.000000,0.000000,0.000000,15720
3.135229,0.000000,0.000000,0.144883,0.000000,0.000000,0.000000,15730
3.135229,0.000000,0.000000,0.144883,0.000000,0.000000,0.000000,15740
3.135229,0.000000,0.000000,0.144883,0.000000,0.000000,0.000000,15750
3.135229,0.000000,0.000000,0.144883,0.000000,0.000000,0.000000,15760
3.135229,0.000000,0.000000,0.144883,0.000000,0.000000,0.000000,15770
3.135229,0.000000,0.000000,0.144883,0.000000,0.000000,0.000000,15780
3.135229,0.000000,0.000000,0.144883,0.000000,0.000000,0.000000,15790
3.135229,0.000000,0.000000,0.144883,0.000000,0.000000,0.000000,15800
3.135229,0.000000,0.000000,0.144883,0.000000,0.000000,0.000000,15810
3.133695,0.000000,-0.076699,0.144883,0.000000,0.000000,0.000000,15820
3.135229,0.000000,0.038350,0.144883,0.000000,0.000000,0.000000,15830
3.135229,0.000000,0.019175,0.144883,0.000000,0.000000,0.000000,15840
3.135229,0.000000,0.009587,0.144883,0.000000,0.000000,0.000000,15850
3.135229,0.000000,0.004794,0.144883,0.000000,0.000000,0.000000,15860
3.135229,0.000000,0.002397,0.144883,0.000000,0.000000,0.000000,15870
3.135229,0.000000,0.001198,0.144883,0.000000,0.000000,0.000000,15880
3.135229,0.000000,0.000599,0.144883,0.000000,0.000000,0.000000,15890
3.135229,0.000000,0.000300,0.144883,0.000000,0.000000,0.000000,15900
3.135229,0.000000,0.000150,0.144883,0.000000,0.000000,0.000000,15910
3.135229,0.000000,0.000075,0.144883,0.000000,0.000000,0.000000,15920
3.135229,0.000000,0.000037,0.144883,0.000000,0.000000,0.000000,15930
3.135229,0.000000,0.000019,0.144883,0.000000,0.000000,0.000000,15940
3.135229,0.000000,0.000009,0.144883,0.000000,0.000000,0.000000,15950
3.135229,0.000000,0.000005,0.144883,0.000000,0.000000,0.000000,15960
3.135229,0.000000,0.000002,0.144883,0.000000,0.000000,0.000000,15970
3.135229,0.000000,0.000001,0.144883,0.000000,0.000000,0.000000,15980
3.135229,0.000000,0.000001,0.144883,0.000000,0.000000,0.000000,15990
3.135229,0.000000,0.000000,0.144883,0.000000,0.000000,0.000000,16000
3.135229,0.000000,0.000000,0.144883,0.000000,0.000000,0.000000,16010
3.135229,0.000000,0.000000,0.144883,0.000000,0.000000,0.000000,16020
3.135229,0.000000,0.000000,0.144883,0.000000,0.000000,0.000000,16030
3.135229,0.000000,0.000000,0.144883,0.000000,0.000000,0.000000,16040
3.135229,0.000000,0.000000,0.144883,0.000000,0.000000,0.000000,16050
3.135229,0.000000,0.000000,0.144883,0.000000,0.000000,0.000000,16060
3.135229,0.000000,0.000000,0.144883,0.000000,0.000000,0.000000,16070
3.135229,0.000000,0.000000,0.144883,0.000000,0.000000,0.000000,16080
3.135229,0.000000,0.000000,0.144883,0.000000,0.000000,0.000000,16090
3.135229,0.000000,0.000000,0.144883,0.000000,0.000000,0.000000,16100
3.135229,0.000000,0.000000,0.144883,0.000000,0.000000,0.000000,16110
3.135229,0.000000,0.000000,0.144883,0.000000,0.000000,0.000000,16120
3.135229,0.000000,0.000000,0.144883,0.000000,0.000000,0.000000,16130
3.135229,0.000000,0.000000,0.144883,0.000000,0.000000,0.000000,16140
3.135229,0.000000,0.000000,0.144883,0.000000,0.000000,0.000000,16150
3.135229,0.000000,0.000000,0.144883,0.000000,0.000000,0.000000,16160
3.135229,0.000000,0.000000,0.144883,0.000000,0.000000,0.000000,16170
3.135229,0.000000,0.000000,0.144883,0.000000,0.000000,0.000000,16180
3.135229,0.000000,0.000000,0.144883,0.000000,0.000000,0.000000,16190
3.135229,0.000000,0.000000,0.144883,0.000000,0.000000,0.000000,16200
3.135229,0.000000,0.000000,0.144883,0.000000,0.000000,0.000000,16210
3.135229,0.000000,0.000000,0.144883,0.000000,0.000000,0.000000,16220
3.135229,0.000000,0.000000,0.144883,0.000000,0.000000,0.000000,16230
3.135229,0.000000,0.000000,0.144883,0.000000,0.000000,0.000000,16240
3.135229,0.000000,0.000000,0.144883,0.000000,0.000000,0.000000,16250
3.135229,0.000000,0.000000,0.144883,0.000000,0.000000,0.000000,16260
3.135229,0.000000,0.000000,0.144883,0.000000,0.000000,0.000000,16270
3.135229,0.000000,0.000000,0.144883,0.000000,0.000000,0.000000,16280
3.135229,0.000000,0.000000,0.144883,0.000000,0.000000,0.000000,16290
3.135229,0.000000,0.000000,0.144883,0.000000,0.000000,0.000000,16300
3.135229,0.000000,0.000000,0.144883,0.000000,0.000000,0.000000,16310
3.135229,0.000000,0.000000,0.144883,0.000000,0.000000,0.000000,16320
3.135229,0.000000,0.000000,0.144883,0.000000,0.000000,0.000000,16330
3.135229,0.000000,0.000000,0.144883,0.000000,0.000000,0.000000,16340
3.135229,0.000000,0.000000,0.144883,0.000000,0.000000,0.000000,16350
3.135229,0.000000,0.000000,0.144883,0.000000,0.000000,0.000000,16360
3.135229,0.000000,0.000000,0.144883,0.000000,0.000000,0.000000,16370
3.135229,0.000000,0.000000,0.144883,0.000000,0.000000,0.000000,16380
3.135229,0.000000,0.000000,0.144883,0.000000,0.000000,0.000000,16390
3.135229,0.000000,0.000000,0.144883,0.000000,0.000000,0.000000,16400
3.135229,0.000000,0.000000,0.144883,0.000000,0.000000,0.000000,16410
3.135229,0.000000,0.000000,0.144883,0.000000,0.000000,0.000000,16420
3.135229,0.000000,0.000000,0.144883,0.000000,0.000000,0.000000,16430
3.135229,0.000000,0.000000,0.144883,0.000000,0.000000,0.000000,16440
3.135229,0.000000,0.000000,0.144883,0.000000,0.000000,0.000000,16450
3.135229,0.000000,0.000000,0.144883,0.000000,0.000000,0.000000,16460
3.135229,0.000000,0.000000,0.144883,0.000000,0.000000,0.000000,16470
3.135229,0.000000,0.000000,0.144883,0.000000,0.000000,0.000000,16480
3.135229,0.000000,0.000000,0.144883,0.000000,0.000000,0.000000,16490
3.135229,0.000000,0.000000,0.144883,0.000000,0.000000,0.000000,16500
3.135229,0.000000,0.000000,0.144883,0.000000,0.000000,0.000000,16510
3.135229,0.000000,0.000000,0.144883,0.000000,0.000000,0.000000,16520
3.135229,0.000000,0.000000,0.144883,0.000000,0.000000,0.000000,16530
3.135229,0.000000,0.000000,0.144883,0.000000,0.000000,0.000000,16540
3.135229,0.000000,0.000000,0.144883,0.000000,0.000000,0.000000,16550
3.135229,0.000000,0.000000,0.144883,0.000000,0.000000,0.000000,16560
3.135229,0.000000,0.000000,0.144883,0.000000,0.000000,0.000000,16570
3.135229,0.000000,0.000000,0.144883,0.000000,0.000000,0.000000,16580
3.135229,0.000000,0.000000,0.144883,0.000000,0.000000,0.000000,16590
3.135229,0.000000,0.000000,0.144883,0.000000,0.000000,0.000000,16600
3.135229,0.000000,0.000000,0.144883,0.000000,0.000000,0.000000,16610
3.135229,0.000000,0.000000,0.144883,0.000000,0.000000,0.000000,16620
3.135229,0.000000,0.000000,0.144883,0.000000,0.000000,0.000000,16630
3.135229,0.000000,0.000000,0.144883,0.000000,0.000000,0.000000,16640
3.135229,0.000000,0.000000,0.144883,0.000000,0.000000,0.000000,16650
3.133695,0.000000,-0.076699,0.144883,0.000000,0.000000,0.000000,16660
3.135229,0.000000,0.038350,0.144883,0.000000,0.000000,0.000000,16670
3.135229,0.000000,0.019175,0.144883,0.000000,0.000000,0.000000,16680
3.135229,0.000000,0.009587,0.144883,0.000000,0.000000,0.000000,16690
3.135229,0.000000,0.004794,0.144883,0.000000,0.000000,0.000000,16700
3.135229,0.000000,0.002397,0.144883,0.000000,0.000000,0.000000,16710
3.135229,0.000000,0.001198,0.144883,0.000000,0.000000,0.000000,16720
3.135229,0.000000,0.000599,0.144883,0.000000,0.000000,0.000000,16730
3.135229,0.000000,0.000300,0.144883,0.000000,0.000000,0.000000,16740
3.135229,0.000000,0.000150,0.144883,0.000000,0.000000,0.000000,16750
3.135229,0.000000,0.000075,0.144883,0.000000,0.000000,0.000000,16760
3.135229,0.000000,0.000037,0.144883,0.000000,0.000000,0.000000,16770
3.135229,0.000000,0.000019,0.144883,0.000000,0.000000,0.000000,16780
3.135229,0.000000,0.000009,0.144883,0.000000,0.000000,0.000000,16790
3.135229,0.000000,0.000005,0.144883,0.000000,0.000000,0.000000,16800
3.135229,0.000000,0.000002,0.144883,0.000000,0.000000,0.000000,16810
3.135229,0.000000,0.000001,0.144883,0.000000,0.000000,0.000000,16820
3.135229,0.000000,0.000001,0.144883,0.000000,0.000000,0.000000,16830
3.135229,0.000000,0.000000,0.144883,0.000000,0.000000,0.000000,16840
3.135229,0.000000,0.000000,0.144883,0.000000,0.000000,0.000000,16850
3.135229,0.000000,0.000000,0.144883,0.000000,0.000000,0.000000,16860
3.135229,0.000000,0.000000,0.144883,0.000000,0.000000,0.000000,16870
3.135229,0.000000,0.000000,0.144883,0.000000,0.000000,0.000000,16880
3.135229,0.000000,0.000000,0.144883,0.000000,0.000000,0.000000,16890
3.135229,0.000000,0.000000,0.144883,0.000000,0.000000,0.000000,16900
3.135229,0.000000,0.000000,0.144883,0.000000,0.000000,0.000000,16910
3.135229,0.000000,0.000000,0.144883,0.000000,0.000000,0.000000,16920
3.135229,0.000000,0.000000,0.144883,0.000000,0.000000,0.000000,16930
3.135229,0.000000,0.000000,0.144883,0.000000,0.000000,0.000000,16940
3.135229,0.000000,0.000000,0.144883,0.000000,0.000000,0.000000,16950
3.135229,0.000000,0.000000,0.144883,0.000000,0.000000,0.000000,16960
3.135229,0.000000,0.000000,0.144883,0.000000,0.000000,0.000000,16970
3.135229,0.000000,0.000000,0.144883,0.000000,0.000000,0.000000,16980
3.135229,0.000000,0.000000,0.144883,0.000000,0.000000,0.000000,16990
3.135229,0.000000,0.000000,0.144883,0.000000,0.000000,0.000000,17000
3.135229,0.000000,0.000000,0.144883,0.000000,0.000000,0.000000,17010
3.135229,0.000000,0.000000,0.144883,0.000000,0.000000,0.000000,17020
3.135229,0.000000,0.000000,0.144883,0.000000,0.000000,0.000000,17030
3.135229,0.000000,0.000000,0.144883,0.000000,0.000000,0.000000,17040
3.135229,0.000000,0.000000,0.144883,0.000000,0.000000,0.000000,17050
3.135229,0.000000,0.000000,0.144883,0.000000,0.000000,0.000000,17060
3.135229,0.000000,0.000000,0.144883,0.000000,0.000000,0.000000,17070
3.135229,0.000000,0.000000,0.144883,0.000000,0.000000,0.000000,17080
3.135229,0.000000,0.000000,0.144883,0.000000,0.000000,0.000000,17090
3.135229,0.000000,0.000000,0.144883,0.000000,0.000000,0.000000,17100
3.135229,0.000000,0.000000,0.144883,0.000000,0.000000,0.000000,17110
3.135229,0.000000,0.000000,0.144883,0.000000,0.000000,0.000000,17120
3.135229,0.000000,0.000000,0.144883,0.000000,0.000000,0.000000,17130
3.135229,0.000000,0.000000,0.144883,0.000000,0.000000,0.000000,17140
3.135229,0.000000,0.000000,0.144883,0.000000,0.000000,0.000000,17150
3.135229,0.000000,0.000000,0.144883,0.000000,0.000000,0.000000,17160
3.135229,0.000000,0.000000,0.144883,0.000000,0.000000,0.000000,17170
3.135229,0.000000,0.000000,0.144883,0.000000,0.000000,0.000000,17180
3.135229,0.000000,0.000000,0.144883,0.000000,0.000000,0.000000,17190
3.135229,0.000000,0.000000,0.144883,0.000000,0.000000,12.000000,17200
3.136763,0.000000,0.076699,0.268033,12.315043,3.078761,12.000000,17210
3.147501,1.073790,0.575244,0.550555,28.252157,9.372110,12.000000,17220
3.168976,2.147555,1.361400,0.948983,39.842789,16.989780,12.000000,17230
3.195054,2.607775,1.984587,1.441584,49.260170,25.057377,12.000000,17240
3.222666,2.761173,2.372880,2.006628,56.504311,32.919113,12.000000,17250
3.251811,2.914548,2.643714,2.622380,61.575222,40.083141,12.000000,17260
3.284025,3.221369,2.932541,3.274353,65.197304,46.361679,12.000000,17270
3.316238,3.221369,3.076955,3.955302,68.094948,51.794998,12.000000,17280
3.345384,2.914548,2.995751,4.672472,71.717026,56.775505,12.000000,17290
3.376064,3.067970,3.031861,5.396887,72.441437,60.691986,12.000000,17300
3.405209,2.914572,2.973216,6.143034,74.614670,64.172653,12.000000,17310
3.435889,3.067946,3.020581,6.896424,75.339081,66.964264,12.000000,17320
3.463500,2.761173,2.890877,7.671547,77.512314,69.601273,12.000000,17330
3.488044,2.454376,2.672627,8.446671,77.512314,71.579033,12.000000,17340
3.509520,2.147555,2.410091,9.236282,78.961182,73.424568,12.000000,17350
3.529462,1.994181,2.202136,10.025894,78.961182,74.808723,12.000000,17360
3.547869,1.840782,2.021459,10.822750,79.685593,76.027939,12.000000,17370
3.563209,1.533985,1.777722,11.619606,79.685593,76.942352,12.000000,17380
3.577015,1.380587,1.579154,12.423705,80.409912,77.809242,12.000000,17390
3.587753,1.073766,1.326460,13.227805,80.410004,78.459435,12.000000,17400
3.593889,0.613594,0.970027,14.039149,81.134415,79.128174,12.000000,17410
3.596957,0.306797,0.638412,14.850493,81.134415,79.629730,12.000000,17420
3.598491,0.000000,0.395905,15.661838,81.134415,80.005905,12.000000,17430
3.598491,0.000000,0.197953,16.473181,81.134323,80.288010,12.000000,17440
3.593889,-0.460196,-0.131121,17.291769,81.858826,80.680710,12.000000,17450
3.587753,-0.613594,-0.372358,18.103113,81.134415,80.794136,12.000000,17460
3.575481,-1.227164,-0.799761,18.827528,72.441483,78.705978,0.000000,17470
3.557073,-1.840782,-1.320272,19.450525,62.299728,74.604416,0.000000,17480
3.527928,-2.914572,-2.117422,19.957615,50.708961,68.630554,0.000000,17490
3.492646,-3.528142,-2.822782,20.363287,40.567207,61.614716,0.000000,17500
3.451229,-4.141760,-3.482271,20.667540,30.425262,53.817352,0.000000,17510
3.402141,-4.908729,-4.195499,20.906597,23.905754,46.339455,0.000000,17520
3.349986,-5.215549,-4.705524,21.087700,18.110275,39.282162,0.000000,17530
3.293229,-5.675721,-5.190623,21.218096,13.039589,32.721519,0.000000,17540
3.234937,-5.829120,-5.509871,21.312269,9.417343,26.895475,0.000000,17550
3.175112,-5.982542,-5.746207,21.377466,6.519699,21.801531,0.000000,17560
3.112219,-6.289315,-6.017761,21.428175,5.070877,17.618868,0.000000,17570
3.049326,-6.289315,-6.153538,21.457151,2.897644,13.938562,0.000000,17580
2.986433,-6.289315,-6.221427,21.464396,0.724411,10.635025,0.000000,17590
2.925073,-6.135941,-6.178684,21.464396,0.000000,7.976269,0.000000,17600
2.863714,-6.135917,-6.157300,21.464396,0.000000,5.982202,0.000000,17610
2.806957,-5.675721,-5.916511,21.464396,0.000000,4.486651,0.000000,17620
2.750199,-5.675745,-5.796128,21.457151,-0.724411,3.183886,0.000000,17630
2.694976,-5.522323,-5.659225,21.457151,0.000000,2.387914,0.000000,17640
2.642821,-5.215526,-5.437376,21.449907,-0.724411,1.609833,0.000000,17650
2.593733,-4.908752,-5.173064,21.449907,0.000000,1.207375,0.000000,17660
2.547714,-4.601932,-4.887498,21.449907,0.000000,0.905531,0.000000,17670
2.504762,-4.295158,-4.591328,21.449907,0.000000,0.679148,0.000000,17680
2.466413,-3.834939,-4.213134,21.449907,0.000000,0.509361,0.000000,17690
2.432665,-3.374767,-3.793951,21.449907,0.000000,0.382021,0.000000,17700
2.401986,-3.067970,-3.430960,21.449907,0.000000,0.286516,0.000000,17710
2.375908,-2.607751,-3.019356,21.449907,0.000000,0.214887,0.000000,17720
2.355966,-1.994181,-2.506768,21.449907,0.000000,0.161165,0.000000,17730
2.339092,-1.687384,-2.097076,21.449907,0.000000,0.120874,0.000000,17740
2.328355,-1.073790,-1.585433,21.449907,0.000000,0.090655,0.000000,17750
2.323753,-0.460196,-1.022814,21.449907,0.000000,0.067992,0.000000,17760
2.322219,0.000000,-0.588106,21.449907,0.000000,0.050994,0.000000,17770
2.326821,0.460196,-0.063955,21.449907,0.000000,0.038245,0.000000,17780
2.336025,0.920391,0.428218,21.449907,0.000000,0.028684,0.000000,17790
2.349830,1.380587,0.904402,21.449907,0.000000,0.021513,0.000000,17800
2.368238,1.840782,1.372592,21.449907,0.000000,0.016135,0.000000,17810
2.389714,2.147555,1.760074,21.449907,0.000000,0.012101,0.000000,17820
2.417325,2.761173,2.260623,21.449907,0.000000,0.009076,0.000000,17830
2.448005,3.067970,2.664297,21.449907,0.000000,0.006807,0.000000,17840
2.481753,3.374767,3.019532,21.449907,0.000000,0.005105,0.000000,17850
2.520102,3.834939,3.427236,21.449907,0.000000,0.003829,0.000000,17860
2.561520,4.141736,3.784486,21.449907,0.000000,0.002872,0.000000,17870
2.606005,4.448557,4.116521,21.449907,0.000000,0.002154,0.000000,17880
2.652025,4.601955,4.359239,21.449907,0.000000,0.001615,0.000000,17890
2.702646,5.062127,4.710683,21.449907,0.000000,0.001211,0.000000,17900
2.753267,5.062127,4.886405,21.449907,0.000000,0.000909,0.000000,17910
2.805423,5.215549,5.050977,21.449907,0.000000,0.000681,0.000000,17920
2.860646,5.522323,5.286650,21.449907,0.000000,0.000511,0.000000,17930
2.914335,5.368924,5.327787,21.449907,0.000000,0.000383,0.000000,17940
2.971093,5.675745,5.501766,21.449907,0.000000,0.000287,0.000000,17950
3.027850,5.675721,5.588744,21.449907,0.000000,0.000216,0.000000,17960
3.084607,5.675721,5.632233,21.449907,0.000000,0.000162,0.000000,17970
3.141365,5.675745,5.653989,21.449907,0.000000,0.000121,0.000000,17980
3.199656,5.829120,5.741554,21.449907,0.000000,0.000091,0.000000,17990
3.254879,5.522323,5.631938,21.449907,0.000000,0.000068,0.000000,18000
3.310102,5.522346,5.577143,21.449907,0.000000,0.000051,0.000000,18010
3.363792,5.368924,5.473033,21.449907,0.000000,0.000038,0.000000,18020
3.414413,5.062127,5.267580,21.449907,0.000000,0.000029,0.000000,18030
3.465034,5.062151,5.164865,21.449907,0.000000,0.000022,0.000000,18040
3.512588,4.755330,4.960098,21.449907,0.000000,0.000016,0.000000,18050
3.557073,4.448557,4.704328,21.449907,0.000000,0.000012,0.000000,18060
3.598491,4.141736,4.423032,21.449907,0.000000,0.000009,0.000000,18070
3.638374,3.988361,4.205697,21.449907,0.000000,0.000007,0.000000,18080
3.673656,3.528166,3.866931,21.449907,0.000000,0.000005,0.000000,18090
3.705869,3.221345,3.544138,21.449907,0.000000,0.000004,0.000000,18100
3.735015,2.914572,3.229355,21.449907,0.000000,0.000003,0.000000,18110
3.759559,2.454352,2.841854,21.449907,0.000000,0.000002,0.000000,18120
3.781034,2.147579,2.494716,21.449907,0.000000,0.000002,0.000000,18130
3.797908,1.687384,2.091050,21.449907,0.000000,0.000001,0.000000,18140
3.810180,1.227188,1.659119,21.449907,0.000000,0.000001,0.000000,18150
3.819384,0.920391,1.289755,21.449907,0.000000,0.000001,0.000000,18160
3.822452,0.306797,0.798276,21.449907,0.000000,0.000001,0.000000,18170
3.823986,0.000000,0.475837,21.449907,0.000000,0.000000,0.000000,18180
3.819384,-0.460196,0.007821,21.449907,0.000000,0.000000,0.000000,18190
3.811714,-0.766993,-0.379586,21.449907,0.000000,0.000000,0.000000,18200
3.799442,-1.227188,-0.803387,21.449907,0.000000,0.000000,0.000000,18210
3.784102,-1.533985,-1.168686,21.449907,0.000000,0.000000,0.000000,18220
3.764161,-1.994181,-1.581433,21.449907,0.000000,0.000000,0.000000,18230
3.741151,-2.300954,-1.941194,21.449907,0.000000,0.000000,0.000000,18240
3.715073,-2.607775,-2.274484,21.449907,0.000000,0.000000,0.000000,18250
3.685928,-2.914572,-2.594528,21.449907,0.000000,0.000000,0.000000,18260
3.652180,-3.374743,-2.984636,21.449907,0.000000,0.000000,0.000000,18270
3.616899,-3.528166,-3.256401,21.449907,0.000000,0.000000,0.000000,18280
3.578549,-3.834939,-3.545670,21.449907,0.000000,0.000000,0.000000,18290
3.537132,-4.141760,-3.843715,21.449907,0.000000,0.000000,0.000000,18300
3.494180,-4.295135,-4.069425,21.449907,0.000000,0.000000,0.000000,18310
3.449695,-4.448557,-4.258991,21.449907,0.000000,0.000000,0.000000,18320
3.402141,-4.755330,-4.507160,21.449907,0.000000,0.000000,0.000000,18330
3.354588,-4.755354,-4.631257,21.449907,0.000000,0.000000,0.000000,18340
3.303967,-5.062127,-4.846692,21.449907,0.000000,0.000000,0.000000,18350
3.254879,-4.908752,-4.877722,21.449907,0.000000,0.000000,0.000000,18360
3.202724,-5.215526,-5.046624,21.449907,0.000000,0.000000,0.000000,18370
3.152102,-5.062127,-5.054376,21.449907,0.000000,0.000000,0.000000,18380
3.101481,-5.062151,-5.058263,21.449907,0.000000,0.000000,0.000000,18390
3.050860,-5.062127,-5.060195,21.449907,0.000000,0.000000,0.000000,18400
3.001772,-4.908752,-4.984474,21.449907,0.000000,0.000000,0.000000,18410
2.952685,-4.908729,-4.946601,21.449907,0.000000,0.000000,0.000000,18420
2.905131,-4.755354,-4.850977,21.449907,0.000000,0.000000,0.000000,18430
2.859112,-4.601932,-4.726455,21.449907,0.000000,0.000000,0.000000,18440
2.814627,-4.448533,-4.587494,21.449907,0.000000,0.000000,0.000000,18450
2.771675,-4.295158,-4.441326,21.449907,0.000000,0.000000,0.000000,18460
2.733325,-3.834963,-4.138144,21.449907,0.000000,0.000000,0.000000,18470
2.694976,-3.834939,-3.986542,21.449907,0.000000,0.000000,0.000000,18480
2.661228,-3.374767,-3.680655,21.449907,0.000000,0.000000,0.000000,18490
2.629015,-3.221345,-3.451000,21.449907,0.000000,0.000000,0.000000,18500
2.601403,-2.761173,-3.106086,21.449907,0.000000,0.000000,0.000000,18510
2.575325,-2.607775,-2.856931,21.449907,0.000000,0.000000,0.000000,18520
2.553850,-2.147555,-2.502243,21.449907,0.000000,0.000000,0.000000,18530
2.536976,-1.687384,-2.094813,21.449907,0.000000,0.000000,0.000000,18540
2.523170,-1.380587,-1.737700,21.449907,0.000000,0.000000,0.000000,18550
2.513966,-0.920391,-1.329046,21.449907,0.000000,0.000000,0.000000,18560
2.507830,-0.613594,-0.971320,21.449907,0.000000,0.000000,0.000000,18570
2.506296,0.000000,-0.562359,21.449907,0.000000,0.000000,0.000000,18580
2.507830,0.000000,-0.204480,21.449907,0.000000,0.000000,0.000000,18590
2.513966,0.613594,0.204557,21.449907,0.000000,0.000000,0.000000,18600
2.523170,0.920391,0.562474,21.449907,0.000000,0.000000,0.000000,18610
2.536976,1.380587,0.971530,21.449907,0.000000,0.000000,0.000000,18620
2.552316,1.533985,1.252758,21.449907,0.000000,0.000000,0.000000,18630
2.573792,2.147555,1.700157,21.449907,0.000000,0.000000,0.000000,18640
2.596801,2.300978,2.000567,21.449907,0.000000,0.000000,0.000000,18650
2.622879,2.607775,2.304171,21.449907,0.000000,0.000000,0.000000,18660
2.652025,2.914572,2.609371,21.449907,0.000000,0.000000,0.000000,18670
2.684238,3.221345,2.915358,21.449907,0.000000,0.000000,0.000000,18680
2.717986,3.374767,3.145063,21.449907,0.000000,0.000000,0.000000,18690
2.753267,3.528142,3.336602,21.449907,0.000000,0.000000,0.000000,18700
2.791617,3.834963,3.585783,21.449907,0.000000,0.000000,0.000000,18710
2.831500,3.988338,3.787060,21.449907,0.000000,0.000000,0.000000,18720
2.874452,4.295158,4.041109,21.449907,0.000000,0.000000,0.000000,18730
2.915869,4.141736,4.091423,21.449907,0.000000,0.000000,0.000000,18740
2.960355,4.448557,4.269990,21.449907,0.000000,0.000000,0.000000,18750
3.003306,4.295135,4.282562,21.449907,0.000000,0.000000,0.000000,18760
3.049326,4.601955,4.442259,21.449907,0.000000,0.000000,0.000000,18770
3.093811,4.448533,4.445396,21.449907,0.000000,0.000000,0.000000,18780
3.138297,4.448557,4.446977,21.449907,0.000000,0.000000,0.000000,18790
3.184316,4.601932,4.524454,21.449907,0.000000,0.000000,0.000000,18800
3.228801,4.448557,4.486506,21.449907,0.000000,0.000000,0.000000,18810
3.271753,4.295135,4.390820,21.449907,0.000000,0.000000,0.000000,18820
3.313170,4.141760,4.266290,21.449907,0.000000,0.000000,0.000000,18830
3.354588,4.141736,4.204013,21.449907,0.000000,0.000000,0.000000,18840
3.394471,3.988361,4.096187,21.449907,0.000000,0.000000,0.000000,18850
3.431287,3.681540,3.888864,21.449907,0.000000,0.000000,0.000000,18860
3.466568,3.528166,3.708515,21.449907,0.000000,0.000000,0.000000,18870
3.498782,3.221369,3.464942,21.449907,0.000000,0.000000,0.000000,18880
3.529462,3.067946,3.266444,21.449907,0.000000,0.000000,0.000000,18890
3.557073,2.761173,3.013809,21.449907,0.000000,0.000000,0.000000,18900
3.581617,2.454352,2.734081,21.449907,0.000000,0.000000,0.000000,18910
3.603093,2.147579,2.440830,21.449907,0.000000,0.000000,0.000000,18920
3.623034,1.994181,2.217505,21.449907,0.000000,0.000000,0.000000,18930
3.638374,1.533985,1.875745,21.449907,0.000000,0.000000,0.000000,18940
3.650646,1.227188,1.551467,21.449907,0.000000,0.000000,0.000000,18950
3.659850,0.920391,1.235929,21.449907,0.000000,0.000000,0.000000,18960
3.665986,0.613594,0.924761,21.449907,0.000000,0.000000,0.000000,18970
3.667520,0.000000,0.539080,21.449907,0.000000,0.000000,0.000000,18980
3.665986,0.000000,0.192841,21.449907,0.000000,0.000000,0.000000,18990
3.662918,-0.306797,-0.056978,21.449907,0.000000,0.000000,0.000000,19000
3.655248,-0.766993,-0.411985,21.449907,0.000000,0.000000,0.000000,19010
3.644510,-1.073790,-0.742887,21.449907,0.000000,0.000000,0.000000,19020
3.630704,-1.380587,-1.061737,21.449907,0.000000,0.000000,0.000000,19030
3.613831,-1.687384,-1.374560,21.449907,0.000000,0.000000,0.000000,19040
3.595423,-1.840782,-1.607671,21.449907,0.000000,0.000000,0.000000,19050
3.573947,-2.147555,-1.877613,21.449907,0.000000,0.000000,0.000000,19060
3.549403,-2.454376,-2.165995,21.449907,0.000000,0.000000,0.000000,19070
3.521792,-2.761173,-2.463584,21.449907,0.000000,0.000000,0.000000,19080
3.494180,-2.761149,-2.612367,21.449907,0.000000,0.000000,0.000000,19090
3.461967,-3.221369,-2.916868,21.449907,0.000000,0.000000,0.000000,19100
3.428219,-3.374767,-3.145818,21.449907,0.000000,0.000000,0.000000,19110
3.394471,-3.374743,-3.260281,21.449907,0.000000,0.000000,0.000000,19120
3.357656,-3.681564,-3.470922,21.449907,0.000000,0.000000,0.000000,19130
3.320840,-3.681540,-3.576231,21.449907,0.000000,0.000000,0.000000,19140
3.280957,-3.988361,-3.782296,21.449907,0.000000,0.000000,0.000000,19150
3.242607,-3.834939,-3.808618,21.449907,0.000000,0.000000,0.000000,19160
3.202724,-3.988361,-3.898489,21.449907,0.000000,0.000000,0.000000,19170
3.162840,-3.988361,-3.943425,21.449907,0.000000,0.000000,0.000000,19180
3.122957,-3.988338,-3.965881,21.449907,0.000000,0.000000,0.000000,19190
3.083073,-3.988361,-3.977121,21.449907,0.000000,0.000000,0.000000,19200
3.044724,-3.834939,-3.906030,21.449907,0.000000,0.000000,0.000000,19210
3.006374,-3.834963,-3.870497,21.449907,0.000000,0.000000,0.000000,19220
2.969559,-3.681540,-3.776019,21.449907,0.000000,0.000000,0.000000,19230
2.932743,-3.681564,-3.728791,21.449907,0.000000,0.000000,0.000000,19240
2.897462,-3.528142,-3.628467,21.449907,0.000000,0.000000,0.000000,19250
2.865248,-3.221369,-3.424918,21.449907,0.000000,0.000000,0.000000,19260
2.834568,-3.067970,-3.246444,21.449907,0.000000,0.000000,0.000000,19270
2.805423,-2.914548,-3.080496,21.449907,0.000000,0.000000,0.000000,19280
2.777811,-2.761173,-2.920835,21.449907,0.000000,0.000000,0.000000,19290
2.753267,-2.454376,-2.687605,21.449907,0.000000,0.000000,0.000000,19300
2.730258,-2.300978,-2.494292,21.449907,0.000000,0.000000,0.000000,19310
2.711850,-1.840758,-2.167525,21.449907,0.000000,0.000000,0.000000,19320
2.694976,-1.687384,-1.927454,21.449907,0.000000,0.000000,0.000000,19330
2.681170,-1.380587,-1.654020,21.449907,0.000000,0.000000,0.000000,19340
2.670432,-1.073790,-1.363905,21.449907,0.000000,0.000000,0.000000,19350
2.661228,-0.920391,-1.142148,21.449907,0.000000,0.000000,0.000000,19360
2.656627,-0.460172,-0.801160,21.449907,0.000000,0.000000,0.000000,19370
2.655093,0.000000,-0.477279,21.449907,0.000000,0.000000,0.000000,19380
2.656627,0.000000,-0.161940,21.449907,0.000000,0.000000,0.000000,19390
2.659695,0.306797,0.072428,21.449907,0.000000,0.000000,0.000000,19400
2.667364,0.766969,0.419699,21.449907,0.000000,0.000000,0.000000,19410
2.678102,1.073790,0.746744,21.449907,0.000000,0.000000,0.000000,19420
2.690374,1.227188,0.986966,21.449907,0.000000,0.000000,0.000000,19430
2.705714,1.533985,1.260476,21.449907,0.000000,0.000000,0.000000,19440
2.722588,1.687384,1.473930,21.449907,0.000000,0.000000,0.000000,19450
2.742529,1.994157,1.734043,21.449907,0.000000,0.000000,0.000000,19460
2.764005,2.147579,1.940811,21.449907,0.000000,0.000000,0.000000,19470
2.788549,2.454376,2.197594,21.449907,0.000000,0.000000,0.000000,19480
2.814627,2.607775,2.402684,21.449907,0.000000,0.000000,0.000000,19490
2.842238,2.761149,2.581917,21.449907,0.000000,0.000000,0.000000,19500
2.871384,2.914572,2.748244,21.449907,0.000000,0.000000,0.000000,19510
2.902063,3.067946,2.908095,21.449907,0.000000,0.000000,0.000000,19520
2.934277,3.221369,3.064732,21.449907,0.000000,0.000000,0.000000,19530
2.966491,3.221369,3.143050,21.449907,0.000000,0.000000,0.000000,19540
3.000238,3.374743,3.258897,21.449907,0.000000,0.000000,0.000000,19550
3.033986,3.374767,3.316832,21.449907,0.000000,0.000000,0.000000,19560
3.069268,3.528166,3.422499,21.449907,0.000000,0.000000,0.000000,19570
3.104549,3.528142,3.475320,21.449907,0.000000,0.000000,0.000000,19580
3.138297,3.374767,3.425044,21.449907,0.000000,0.000000,0.000000,19590
3.172044,3.374743,3.399894,21.449907,0.000000,0.000000,0.000000,19600
3.205792,3.374767,3.387331,21.449907,0.000000,0.000000,0.000000,19610
3.239539,3.374767,3.381049,21.449907,0.000000,0.000000,0.000000,19620
3.271753,3.221345,3.301197,21.449907,0.000000,0.000000,0.000000,19630
3.302433,3.067970,3.184584,21.449907,0.000000,0.000000,0.000000,19640
3.333112,3.067946,3.126265,21.449907,0.000000,0.000000,0.000000,19650
3.362258,2.914572,3.020418,21.449907,0.000000,0.000000,0.000000,19660
3.388335,2.607775,2.814096,21.449907,0.000000,0.000000,0.000000,19670
3.412879,2.454352,2.634224,21.449907,0.000000,0.000000,0.000000,19680
3.435889,2.300978,2.467601,21.449907,0.000000,0.000000,0.000000,19690
3.455831,1.994181,2.230891,21.449907,0.000000,0.000000,0.000000,19700
3.474238,1.840782,2.035836,21.449907,0.000000,0.000000,0.000000,19710
3.491112,1.687384,1.861610,21.449907,0.000000,0.000000,0.000000,19720
3.504918,1.380563,1.621086,21.449907,0.000000,0.000000,0.000000,19730
3.515656,1.073790,1.347438,21.449907,0.000000,0.000000,0.000000,19740
3.524860,0.920391,1.133914,21.449907,0.000000,0.000000,0.000000,19750
3.530996,0.613594,0.873754,21.449907,0.000000,0.000000,0.000000,19760
3.534064,0.306797,0.590276,21.449907,0.000000,0.000000,0.000000,19770
3.535598,0.000000,0.371837,21.449907,0.000000,0.000000,0.000000,19780
3.532530,-0.306797,0.032520,21.449907,0.000000,0.000000,0.000000,19790
3.529462,-0.306797,-0.137139,21.449907,0.000000,0.000000,0.000000,19800
3.521792,-0.766993,-0.452066,21.449907,0.000000,0.000000,0.000000,19810
3.514122,-0.766993,-0.609529,21.449907,0.000000,0.000000,0.000000,19820
3.501850,-1.227164,-0.918347,21.449907,0.000000,0.000000,0.000000,19830
3.488044,-1.380587,-1.149467,21.449907,0.000000,0.000000,0.000000,19840
3.472704,-1.533985,-1.341726,21.449907,0.000000,0.000000,0.000000,19850
3.455831,-1.687384,-1.514555,21.449907,0.000000,0.000000,0.000000,19860
3.435889,-1.994181,-1.754368,21.449907,0.000000,0.000000,0.000000,19870
3.414413,-2.147579,-1.950974,21.449907,0.000000,0.000000,0.000000,19880
3.391403,-2.300954,-2.125964,21.449907,0.000000,0.000000,0.000000,19890
3.368394,-2.300978,-2.213471,21.449907,0.000000,0.000000,0.000000,19900
3.342316,-2.607775,-2.410623,21.449907,0.000000,0.000000,0.000000,19910
3.314704,-2.761149,-2.585886,21.449907,0.000000,0.000000,0.000000,19920
3.287093,-2.761173,-2.673530,21.449907,0.000000,0.000000,0.000000,19930
3.257947,-2.914572,-2.794051,21.449907,0.000000,0.000000,0.000000,19940
3.228801,-2.914548,-2.854299,21.449907,0.000000,0.000000,0.000000,19950
3.199656,-2.914572,-2.884436,21.449907,0.000000,0.000000,0.000000,19960
3.168976,-3.067970,-2.976203,21.449907,0.000000,0.000000,0.000000,19970
3.139831,-2.914548,-2.945375,21.449907,0.000000,0.000000,0.000000,19980
3.110685,-2.914572,-2.929974,21.449907,0.000000,0.000000,0.000000,19990
3.080005,-3.067970,-2.998972,21.449907,0.000000,0.000000,0.000000,20000
3.050860,-2.914548,-2.956760,21.449907,0.000000,0.000000,0.000000,20010
3.023248,-2.761173,-2.858967,21.449907,0.000000,0.000000,0.000000,20020
2.995636,-2.761173,-2.810070,21.449907,0.000000,0.000000,0.000000,20030
2.969559,-2.607751,-2.708910,21.449907,0.000000,0.000000,0.000000,20040
2.943481,-2.607775,-2.658343,21.449907,0.000000,0.000000,0.000000,20050
2.920471,-2.300978,-2.479660,21.449907,0.000000,0.000000,0.000000,20060
2.897462,-2.300954,-2.390307,21.449907,0.000000,0.000000,0.000000,20070
2.877520,-1.994181,-2.192244,21.449907,0.000000,0.000000,0.000000,20080
2.859112,-1.840782,-2.016513,21.449907,0.000000,0.000000,0.000000,20090
2.842238,-1.687384,-1.851948,21.449907,0.000000,0.000000,0.000000,20100
2.826898,-1.533985,-1.692967,21.449907,0.000000,0.000000,0.000000,20110
2.813093,-1.380563,-1.536765,21.449907,0.000000,0.000000,0.000000,20120
2.802355,-1.073790,-1.305277,21.449907,0.000000,0.000000,0.000000,20130
2.794685,-0.766993,-1.036135,21.449907,0.000000,0.000000,0.000000,20140
2.788549,-0.613594,-0.824864,21.449907,0.000000,0.000000,0.000000,20150
2.783947,-0.460196,-0.642530,21.449907,0.000000,0.000000,0.000000,20160
2.782413,0.000000,-0.397964,21.449907,0.000000,0.000000,0.000000,20170
2.782413,0.000000,-0.198982,21.449907,0.000000,0.000000,0.000000,20180
2.785481,0.306797,0.053907,21.449907,0.000000,0.000000,0.000000,20190
2.791617,0.613594,0.333751,21.449907,0.000000,0.000000,0.000000,20200
2.797753,0.613594,0.473672,21.449907,0.000000,0.000000,0.000000,20210
2.805423,0.766993,0.620332,21.449907,0.000000,0.000000,0.000000,20220
2.816161,1.073790,0.847061,21.449907,0.000000,0.000000,0.000000,20230
2.828432,1.227164,1.037113,21.449907,0.000000,0.000000,0.000000,20240
2.843772,1.533985,1.285549,21.449907,0.000000,0.000000,0.000000,20250
2.859112,1.533985,1.409767,21.449907,0.000000,0.000000,0.000000,20260
2.875986,1.687384,1.548575,21.449907,0.000000,0.000000,0.000000,20270
2.895928,1.994181,1.771378,21.449907,0.000000,0.000000,0.000000,20280
2.915869,1.994157,1.882767,21.449907,0.000000,0.000000,0.000000,20290
2.937345,2.147579,2.015173,21.449907,0.000000,0.000000,0.000000,20300
2.958821,2.147579,2.081376,21.449907,0.000000,0.000000,0.000000,20310
2.981831,2.300978,2.191177,21.449907,0.000000,0.000000,0.000000,20320
3.006374,2.454352,2.322765,21.449907,0.000000,0.000000,0.000000,20330
3.030918,2.454376,2.388570,21.449907,0.000000,0.000000,0.000000,20340
3.055462,2.454376,2.421473,21.449907,0.000000,0.000000,0.000000,20350
3.081539,2.607751,2.514612,21.449907,0.000000,0.000000,0.000000,20360
3.106083,2.454376,2.484494,21.449907,0.000000,0.000000,0.000000,20370
3.130627,2.454376,2.469435,21.449907,0.000000,0.000000,0.000000,20380
3.156704,2.607775,2.538605,21.449907,0.000000,0.000000,0.000000,20390
3.181248,2.454352,2.496479,21.449907,0.000000,0.000000,0.000000,20400
3.204258,2.300978,2.398728,21.449907,0.000000,0.000000,0.000000,20410
3.228801,2.454376,2.426552,21.449907,0.000000,0.000000,0.000000,20420
3.250277,2.147555,2.287054,21.449907,0.000000,0.000000,0.000000,20430
3.273287,2.300978,2.294016,21.449907,0.000000,0.000000,0.000000,20440
3.293229,1.994181,2.144098,21.449907,0.000000,0.000000,0.000000,20450
3.313170,1.994181,2.069139,21.449907,0.000000,0.000000,0.000000,20460
3.331578,1.840758,1.954949,21.449907,0.000000,0.000000,0.000000,20470
3.348452,1.687384,1.821166,21.449907,0.000000,0.000000,0.000000,20480
3.363792,1.533985,1.677576,21.449907,0.000000,0.000000,0.000000,20490
3.377598,1.380587,1.529081,21.449907,0.000000,0.000000,0.000000,20500
3.389869,1.227188,1.378135,21.449907,0.000000,0.000000,0.000000,20510
3.399073,0.920391,1.149263,21.449907,0.000000,0.000000,0.000000,20520
3.406743,0.766993,0.958128,21.449907,0.000000,0.000000,0.000000,20530
3.414413,0.766969,0.862548,21.449907,0.000000,0.000000,0.000000,20540
3.419015,0.460196,0.661372,21.449907,0.000000,0.000000,0.000000,20550
3.420549,0.000000,0.407385,21.449907,0.000000,0.000000,0.000000,20560
3.420549,0.000000,0.203693,21.449907,0.000000,0.000000,0.000000,20570
3.419015,0.000000,0.025147,21.449907,0.000000,0.000000,0.000000,20580
3.415947,-0.306797,-0.140825,21.449907,0.000000,0.000000,0.000000,20590
3.411345,-0.460172,-0.300498,21.449907,0.000000,0.000000,0.000000,20600
3.403675,-0.766993,-0.533745,21.449907,0.000000,0.000000,0.000000,20610
3.396005,-0.766993,-0.650369,21.449907,0.000000,0.000000,0.000000,20620
3.385267,-1.073790,-0.862079,21.449907,0.000000,0.000000,0.000000,20630
3.374530,-1.073790,-0.967934,21.449907,0.000000,0.000000,0.000000,20640
3.360724,-1.380587,-1.174261,21.449907,0.000000,0.000000,0.000000,20650
3.346918,-1.380587,-1.277424,21.449907,0.000000,0.000000,0.000000,20660
3.331578,-1.533985,-1.405704,21.449907,0.000000,0.000000,0.000000,20670
3.314704,-1.687360,-1.546532,21.449907,0.000000,0.000000,0.000000,20680
3.297831,-1.687384,-1.616958,21.449907,0.000000,0.000000,0.000000,20690
3.277889,-1.994181,-1.805569,21.449907,0.000000,0.000000,0.000000,20700
3.259481,-1.840782,-1.823176,21.449907,0.000000,0.000000,0.000000,20710
3.239539,-1.994157,-1.908666,21.449907,0.000000,0.000000,0.000000,20720
3.219598,-1.994181,-1.951423,21.449907,0.000000,0.000000,0.000000,20730
3.198122,-2.147579,-2.049501,21.449907,0.000000,0.000000,0.000000,20740
3.176646,-2.147579,-2.098540,21.449907,0.000000,0.000000,0.000000,20750
3.156704,-1.994157,-2.046349,21.449907,0.000000,0.000000,0.000000,20760
3.135229,-2.147579,-2.096964,21.449907,0.000000,0.000000,0.000000,20770
3.113753,-2.147579,-2.122272,21.449907,0.000000,0.000000,0.000000,20780
3.093811,-1.994181,-2.058226,21.449907,0.000000,0.000000,0.000000,20790
3.072335,-2.147579,-2.102903,21.449907,0.000000,0.000000,0.000000,20800
3.053928,-1.840758,-1.971830,21.449907,0.000000,0.000000,0.000000,20810
3.033986,-1.994181,-1.983006,21.449907,0.000000,0.000000,0.000000,20820
3.015578,-1.840782,-1.911894,21.449907,0.000000,0.000000,0.000000,20830
2.998704,-1.687384,-1.799639,21.449907,0.000000,0.000000,0.000000,20840
2.983365,-1.533961,-1.666800,21.449907,0.000000,0.000000,0.000000,20850
2.968025,-1.533985,-1.600393,21.449907,0.000000,0.000000,0.000000,20860
2.952685,-1.533985,-1.567189,21.449907,0.000000,0.000000,0.000000,20870
2.940413,-1.227188,-1.397188,21.449907,0.000000,0.000000,0.000000,20880
2.928141,-1.227188,-1.312188,21.449907,0.000000,0.000000,0.000000,20890
2.918937,-0.920391,-1.116290,21.449907,0.000000,0.000000,0.000000,20900
2.909733,-0.920391,-1.018340,21.449907,0.000000,0.000000,0.000000,20910
2.903597,-0.613594,-0.815967,21.449907,0.000000,0.000000,0.000000,20920
2.897462,-0.613570,-0.714769,21.449907,0.000000,0.000000,0.000000,20930
2.894394,-0.306797,-0.510783,21.449907,0.000000,0.000000,0.000000,20940
2.892860,0.000000,-0.332091,21.449907,0.000000,0.000000,0.000000,20950
2.892860,0.000000,-0.166045,21.449907,0.000000,0.000000,0.000000,20960
2.892860,0.000000,-0.083023,21.449907,0.000000,0.000000,0.000000,20970
2.895928,0.306797,0.111887,21.449907,0.000000,0.000000,0.000000,20980
2.898996,0.306797,0.209342,21.449907,0.000000,0.000000,0.000000,20990
2.905131,0.613570,0.411456,21.449907,0.000000,0.000000,0.000000,21000
2.911267,0.613594,0.512525,21.449907,0.000000,0.000000,0.000000,21010
2.918937,0.766993,0.639759,21.449907,0.000000,0.000000,0.000000,21020
2.928141,0.920391,0.780075,21.449907,0.000000,0.000000,0.000000,21030
2.938879,1.073790,0.926932,21.449907,0.000000,0.000000,0.000000,21040
2.949617,1.073790,1.000361,21.449907,0.000000,0.000000,0.000000,21050
2.961889,1.227188,1.113775,21.449907,0.000000,0.000000,0.000000,21060
2.974161,1.227188,1.170481,21.449907,0.000000,0.000000,0.000000,21070
2.987967,1.380587,1.275534,21.449907,0.000000,0.000000,0.000000,21080
3.003306,1.533961,1.404748,21.449907,0.000000,0.000000,0.000000,21090
3.018646,1.533985,1.469366,21.449907,0.000000,0.000000,0.000000,21100
3.033986,1.533985,1.501676,21.449907,0.000000,0.000000,0.000000,21110
3.050860,1.687384,1.594530,21.449907,0.000000,0.000000,0.000000,21120
3.066200,1.533985,1.564257,21.449907,0.000000,0.000000,0.000000,21130
3.083073,1.687360,1.625809,21.449907,0.000000,0.000000,0.000000,21140
3.101481,1.840782,1.733295,21.449907,0.000000,0.000000,0.000000,21150
3.118355,1.687384,1.710340,21.449907,0.000000,0.000000,0.000000,21160
3.135229,1.687384,1.698862,21.449907,0.000000,0.000000,0.000000,21170
3.150568,1.533985,1.616423,21.449907,0.000000,0.000000,0.000000,21180
3.168976,1.840758,1.728591,21.449907,0.000000,0.000000,0.000000,21190
3.184316,1.533985,1.631288,21.449907,0.000000,0.000000,0.000000,21200
3.199656,1.533985,1.582637,21.449907,0.000000,0.000000,0.000000,21210
3.214996,1.533985,1.558311,21.449907,0.000000,0.000000,0.000000,21220
3.228801,1.380587,1.469449,21.449907,0.000000,0.000000,0.000000,21230
3.242607,1.380587,1.425018,21.449907,0.000000,0.000000,0.000000,21240
3.254879,1.227164,1.326091,21.449907,0.000000,0.000000,0.000000,21250
3.267151,1.227188,1.276640,21.449907,0.000000,0.000000,0.000000,21260
3.277889,1.073790,1.175215,21.449907,0.000000,0.000000,0.000000,21270
3.287093,0.920391,1.047803,21.449907,0.000000,0.000000,0.000000,21280
3.296297,0.920391,0.984097,21.449907,0.000000,0.000000,0.000000,21290
3.302433,0.613594,0.798846,21.449907,0.000000,0.000000,0.000000,21300
3.310102,0.766993,0.782919,21.449907,0.000000,0.000000,0.000000,21310
3.314704,0.460196,0.621557,21.449907,0.000000,0.000000,0.000000,21320
3.317772,0.306797,0.464177,21.449907,0.000000,0.000000,0.000000,21330
3.320840,0.306797,0.385487,21.449907,0.000000,0.000000,0.000000,21340
3.320840,0.000000,0.192744,21.449907,0.000000,0.000000,0.000000,21350
3.320840,0.000000,0.096372,21.449907,0.000000,0.000000,0.000000,21360
3.319306,0.000000,-0.028513,21.449907,0.000000,0.000000,0.000000,21370
3.316238,-0.306797,-0.167655,21.449907,0.000000,0.000000,0.000000,21380
3.313170,-0.306797,-0.237226,21.449907,0.000000,0.000000,0.000000,21390
3.308568,-0.460196,-0.348711,21.449907,0.000000,0.000000,0.000000,21400
3.302433,-0.613594,-0.481152,21.449907,0.000000,0.000000,0.000000,21410
3.294763,-0.766993,-0.624072,21.449907,0.000000,0.000000,0.000000,21420
3.288627,-0.613594,-0.618833,21.449907,0.000000,0.000000,0.000000,21430
3.279423,-0.920391,-0.769612,21.449907,0.000000,0.000000,0.000000,21440
3.268685,-1.073790,-0.921701,21.449907,0.000000,0.000000,0.000000,21450
3.259481,-0.920391,-0.921046,21.449907,0.000000,0.000000,0.000000,21460
3.248743,-1.073790,-0.997418,21.449907,0.000000,0.000000,0.000000,21470
3.236471,-1.227164,-1.112291,21.449907,0.000000,0.000000,0.000000,21480
3.225734,-1.073790,-1.093040,21.449907,0.000000,0.000000,0.000000,21490
3.211928,-1.380587,-1.236814,21.449907,0.000000,0.000000,0.000000,21500
3.199656,-1.227188,-1.232001,21.449907,0.000000,0.000000,0.000000,21510
3.187384,-1.227188,-1.229594,21.449907,0.000000,0.000000,0.000000,21520
3.173578,-1.380587,-1.305091,21.449907,0.000000,0.000000,0.000000,21530
3.159772,-1.380563,-1.342827,21.449907,0.000000,0.000000,0.000000,21540
3.145967,-1.380587,-1.361707,21.449907,0.000000,0.000000,0.000000,21550
3.133695,-1.227188,-1.294447,21.449907,0.000000,0.000000,0.000000,21560
3.119889,-1.380587,-1.337517,21.449907,0.000000,0.000000,0.000000,21570
3.106083,-1.380587,-1.359052,21.449907,0.000000,0.000000,0.000000,21580
3.093811,-1.227188,-1.293120,21.449907,0.000000,0.000000,0.000000,21590
3.081539,-1.227188,-1.260154,21.449907,0.000000,0.000000,0.000000,21600
3.070801,-1.073766,-1.166960,21.449907,0.000000,0.000000,0.000000,21610
3.058530,-1.227188,-1.197074,21.449907,0.000000,0.000000,0.000000,21620
3.047792,-1.073790,-1.135432,21.449907,0.000000,0.000000,0.000000,21630
3.038588,-0.920391,-1.027911,21.449907,0.000000,0.000000,0.000000,21640
3.029384,-0.920391,-0.974151,21.449907,0.000000,0.000000,0.000000,21650
3.020180,-0.920391,-0.947271,21.449907,0.000000,0.000000,0.000000,21660
3.012510,-0.766993,-0.857132,21.449907,0.000000,0.000000,0.000000,21670
3.006374,-0.613594,-0.735363,21.449907,0.000000,0.000000,0.000000,21680
3.000238,-0.613594,-0.674479,21.449907,0.000000,0.000000,0.000000,21690
2.995636,-0.460196,-0.567337,21.449907,0.000000,0.000000,0.000000,21700
2.992568,-0.306773,-0.437055,21.449907,0.000000,0.000000,0.000000,21710
2.989501,-0.306797,-0.371926,21.449907,0.000000,0.000000,0.000000,21720
2.987967,0.000000,-0.262662,21.449907,0.000000,0.000000,0.000000,21730
2.986433,0.000000,-0.208030,21.449907,0.000000,0.000000,0.000000,21740
2.986433,0.000000,-0.104015,21.449907,0.000000,0.000000,0.000000,21750
2.987967,0.000000,0.024692,21.449907,0.000000,0.000000,0.000000,21760
2.991035,0.306797,0.165744,21.449907,0.000000,0.000000,0.000000,21770
2.994102,0.306797,0.236271,21.449907,0.000000,0.000000,0.000000,21780
2.997170,0.306773,0.271522,21.449907,0.000000,0.000000,0.000000,21790
3.001772,0.460196,0.365859,21.449907,0.000000,0.000000,0.000000,21800
3.006374,0.460196,0.413027,21.449907,0.000000,0.000000,0.000000,21810
3.012510,0.613594,0.513311,21.449907,0.000000,0.000000,0.000000,21820
3.018646,0.613594,0.563452,21.449907,0.000000,0.000000,0.000000,21830
3.026316,0.766993,0.665222,21.449907,0.000000,0.000000,0.000000,21840
3.033986,0.766993,0.716107,21.449907,0.000000,0.000000,0.000000,21850
3.041656,0.766993,0.741550,21.449907,0.000000,0.000000,0.000000,21860
3.050860,0.920391,0.830971,21.449907,0.000000,0.000000,0.000000,21870
3.060064,0.920391,0.875681,21.449907,0.000000,0.000000,0.000000,21880
3.069268,0.920391,0.898036,21.449907,0.000000,0.000000,0.000000,21890
3.078471,0.920367,0.909202,21.449907,0.000000,0.000000,0.000000,21900
3.087675,0.920391,0.914796,21.449907,0.000000,0.000000,0.000000,21910
3.096879,0.920391,0.917594,21.449907,0.000000,0.000000,0.000000,21920
3.107617,1.073790,0.995692,21.449907,0.000000,0.000000,0.000000,21930
3.116821,0.920391,0.958041,21.449907,0.000000,0.000000,0.000000,21940
3.127559,1.073790,1.015916,21.449907,0.000000,0.000000,0.000000,21950
3.136763,0.920391,0.968153,21.449907,0.000000,0.000000,0.000000,21960
3.147501,1.073790,1.020971,21.449907,0.000000,0.000000,0.000000,21970
3.156704,0.920391,0.970681,21.449907,0.000000,0.000000,0.000000,21980
3.165908,0.920367,0.945524,21.449907,0.000000,0.000000,0.000000,21990
3.173578,0.766993,0.856258,21.449907,0.000000,0.000000,0.000000,22000
3.182782,0.920391,0.888325,21.449907,0.000000,0.000000,0.000000,22010
3.190452,0.766993,0.827659,21.449907,0.000000,0.000000,0.000000,22020
3.196588,0.613594,0.720626,21.449907,0.000000,0.000000,0.000000,22030
3.204258,0.766993,0.743809,21.449907,0.000000,0.000000,0.000000,22040
3.210394,0.613594,0.678702,21.449907,0.000000,0.000000,0.000000,22050
3.216530,0.613594,0.646148,21.449907,0.000000,0.000000,0.000000,22060
3.221132,0.460196,0.553172,21.449907,0.000000,0.000000,0.000000,22070
3.224200,0.306797,0.429984,21.449907,0.000000,0.000000,0.000000,22080
3.228801,0.460196,0.445090,21.449907,0.000000,0.000000,0.000000,22090
3.231869,0.306797,0.375943,21.449907,0.000000,0.000000,0.000000,22100
3.233403,0.000000,0.264671,21.449907,0.000000,0.000000,0.000000,22110
3.234937,0.000000,0.209035,21.449907,0.000000,0.000000,0.000000,22120
3.234937,0.000000,0.104517,21.449907,0.000000,0.000000,0.000000,22130
3.234937,0.000000,0.052259,21.449907,0.000000,0.000000,0.000000,22140
3.234937,0.000000,0.026129,21.449907,0.000000,0.000000,0.000000,22150
3.233403,0.000000,-0.063635,21.449907,0.000000,0.000000,0.000000,22160
3.231869,0.000000,-0.108517,21.449907,0.000000,0.000000,0.000000,22170
3.228801,-0.306797,-0.207657,21.449907,0.000000,0.000000,0.000000,22180
3.225734,-0.306797,-0.257227,21.449907,0.000000,0.000000,0.000000,22190
3.221132,-0.460196,-0.358711,21.449907,0.000000,0.000000,0.000000,22200
3.218064,-0.306797,-0.332754,21.449907,0.000000,0.000000,0.000000,22210
3.213462,-0.460196,-0.396475,21.449907,0.000000,0.000000,0.000000,22220
3.208860,-0.460196,-0.428335,21.449907,0.000000,0.000000,0.000000,22230
3.202724,-0.613594,-0.520965,21.449907,0.000000,0.000000,0.000000,22240
3.198122,-0.460196,-0.490580,21.449907,0.000000,0.000000,0.000000,22250
3.191986,-0.613594,-0.552087,21.449907,0.000000,0.000000,0.000000,22260
3.185850,-0.613594,-0.582841,21.449907,0.000000,0.000000,0.000000,22270
3.179714,-0.613594,-0.598217,21.449907,0.000000,0.000000,0.000000,22280
3.173578,-0.613594,-0.605906,21.449907,0.000000,0.000000,0.000000,22290
3.165908,-0.766993,-0.686449,21.449907,0.000000,0.000000,0.000000,22300
3.159772,-0.613570,-0.650010,21.449907,0.000000,0.000000,0.000000,22310
3.152102,-0.766993,-0.708501,21.449907,0.000000,0.000000,0.000000,22320
3.145967,-0.613594,-0.661048,21.449907,0.000000,0.000000,0.000000,22330
3.138297,-0.766993,-0.714020,21.449907,0.000000,0.000000,0.000000,22340
3.132161,-0.613594,-0.663807,21.449907,0.000000,0.000000,0.000000,22350
3.124491,-0.766993,-0.715400,21.449907,0.000000,0.000000,0.000000,22360
3.118355,-0.613594,-0.664497,21.449907,0.000000,0.000000,0.000000,22370
3.112219,-0.613594,-0.639045,21.449907,0.000000,0.000000,0.000000,22380
3.106083,-0.613594,-0.626320,21.449907,0.000000,0.000000,0.000000,22390
3.101481,-0.460196,-0.543258,21.449907,0.000000,0.000000,0.000000,22400
3.095345,-0.613594,-0.578426,21.449907,0.000000,0.000000,0.000000,22410
3.090743,-0.460196,-0.519311,21.449907,0.000000,0.000000,0.000000,22420
3.086141,-0.460196,-0.489753,21.449907,0.000000,0.000000,0.000000,22430
3.081539,-0.460196,-0.474974,21.449907,0.000000,0.000000,0.000000,22440
3.076937,-0.460196,-0.467585,21.449907,0.000000,0.000000,0.000000,22450
3.073869,-0.306797,-0.387191,21.449907,0.000000,0.000000,0.000000,22460
3.072335,0.000000,-0.270295,21.449907,0.000000,0.000000,0.000000,22470
3.069268,-0.306773,-0.288534,21.449907,0.000000,0.000000,0.000000,22480
3.067734,0.000000,-0.220966,21.449907,0.000000,0.000000,0.000000,22490
3.067734,0.000000,-0.110483,21.449907,0.000000,0.000000,0.000000,22500
3.066200,0.000000,-0.131941,21.449907,0.000000,0.000000,0.000000,22510
3.066200,0.000000,-0.065970,21.449907,0.000000,0.000000,0.000000,22520
3.066200,0.000000,-0.032985,21.449907,0.000000,0.000000,0.000000,22530
3.067734,0.000000,0.060207,21.449907,0.000000,0.000000,0.000000,22540
3.069268,0.000000,0.106803,21.449907,0.000000,0.000000,0.000000,22550
3.070801,0.000000,0.130101,21.449907,0.000000,0.000000,0.000000,22560
3.072335,0.000000,0.141738,21.449907,0.000000,0.000000,0.000000,22570
3.073869,0.000000,0.147568,21.449907,0.000000,0.000000,0.000000,22580
3.076937,0.306797,0.227183,21.449907,0.000000,0.000000,0.000000,22590
3.080005,0.306797,0.266990,21.449907,0.000000,0.000000,0.000000,22600
3.083073,0.306797,0.286893,21.449907,0.000000,0.000000,0.000000,22610
3.086141,0.306797,0.296845,21.449907,0.000000,0.000000,0.000000,22620
3.090743,0.460196,0.378520,21.449907,0.000000,0.000000,0.000000,22630
3.093811,0.306797,0.342659,21.449907,0.000000,0.000000,0.000000,22640
3.098413,0.460196,0.401427,21.449907,0.000000,0.000000,0.000000,22650
3.101481,0.306797,0.354112,21.449907,0.000000,0.000000,0.000000,22660
3.106083,0.460196,0.407154,21.449907,0.000000,0.000000,0.000000,22670
3.109151,0.306797,0.356975,21.449907,0.000000,0.000000,0.000000,22680
3.113753,0.460196,0.408585,21.449907,0.000000,0.000000,0.000000,22690
3.118355,0.460196,0.434391,21.449907,0.000000,0.000000,0.000000,22700
3.122957,0.460196,0.447293,21.449907,0.000000,0.000000,0.000000,22710
3.126025,0.306797,0.377045,21.449907,0.000000,0.000000,0.000000,22720
3.130627,0.460196,0.418620,21.449907,0.000000,0.000000,0.000000,22730
3.135229,0.460196,0.439408,21.449907,0.000000,0.000000,0.000000,22740
3.138297,0.306797,0.373102,21.449907,0.000000,0.000000,0.000000,22750
3.141365,0.306797,0.339950,21.449907,0.000000,0.000000,0.000000,22760
3.145967,0.460196,0.400073,21.449907,0.000000,0.000000,0.000000,22770
3.149035,0.306797,0.353435,21.449907,0.000000,0.000000,0.000000,22780
3.152102,0.306797,0.330116,21.449907,0.000000,0.000000,0.000000,22790
3.155170,0.306797,0.318456,21.449907,0.000000,0.000000,0.000000,22800
3.156704,0.000000,0.235927,21.449907,0.000000,0.000000,0.000000,22810
3.158238,0.000000,0.194663,21.449907,0.000000,0.000000,0.000000,22820
3.161306,0.306797,0.250730,21.449907,0.000000,0.000000,0.000000,22830
3.162840,0.000000,0.202052,21.449907,0.000000,0.000000,0.000000,22840
3.164374,0.000000,0.177725,21.449907,0.000000,0.000000,0.000000,22850
3.164374,0.000000,0.088863,21.449907,0.000000,0.000000,0.000000,22860
3.165908,0.000000,0.121131,21.449907,0.000000,0.000000,0.000000,22870
3.165908,0.000000,0.060565,21.449907,0.000000,0.000000,0.000000,22880
3.165908,0.000000,0.030283,21.449907,0.000000,0.000000,0.000000,22890
3.165908,0.000000,0.015141,21.449907,0.000000,0.000000,0.000000,22900
3.165908,0.000000,0.007571,21.449907,0.000000,0.000000,0.000000,22910
3.164374,0.000000,-0.072914,21.449907,0.000000,0.000000,0.000000,22920
3.162840,0.000000,-0.113156,21.449907,0.000000,0.000000,0.000000,22930
3.162840,0.000000,-0.056578,21.449907,0.000000,0.000000,0.000000,22940
3.161306,0.000000,-0.104976,21.449907,0.000000,0.000000,0.000000,22950
3.159772,0.000000,-0.129187,21.449907,0.000000,0.000000,0.000000,22960
3.158238,0.000000,-0.141293,21.449907,0.000000,0.000000,0.000000,22970
3.156704,0.000000,-0.147346,21.449907,0.000000,0.000000,0.000000,22980
3.155170,0.000000,-0.150372,21.449907,0.000000,0.000000,0.000000,22990
3.153636,0.000000,-0.151885,21.449907,0.000000,0.000000,0.000000,23000
3.152102,0.000000,-0.152642,21.449907,0.000000,0.000000,0.000000,23010
3.150568,0.000000,-0.153020,21.449907,0.000000,0.000000,0.000000,23020
3.147501,-0.306797,-0.229909,21.449907,0.000000,0.000000,0.000000,23030
3.145967,0.000000,-0.191654,21.449907,0.000000,0.000000,0.000000,23040
3.144433,0.000000,-0.172526,21.449907,0.000000,0.000000,0.000000,23050
3.142899,0.000000,-0.162962,21.449907,0.000000,0.000000,0.000000,23060
3.139831,-0.306797,-0.234880,21.449907,0.000000,0.000000,0.000000,23070
3.138297,0.000000,-0.194139,21.449907,0.000000,0.000000,0.000000,23080
3.136763,0.000000,-0.173769,21.449907,0.000000,0.000000,0.000000,23090
3.135229,0.000000,-0.163584,21.449907,0.000000,0.000000,0.000000,23100
3.133695,0.000000,-0.158491,21.449907,0.000000,0.000000,0.000000,23110
3.132161,0.000000,-0.155945,21.449907,0.000000,0.000000,0.000000,23120
3.130627,0.000000,-0.154672,21.449907,0.000000,0.000000,0.000000,23130
3.129093,0.000000,-0.154035,21.449907,0.000000,0.000000,0.000000,23140
3.127559,0.000000,-0.153717,21.449907,0.000000,0.000000,0.000000,23150
3.126025,0.000000,-0.153558,21.449907,0.000000,0.000000,0.000000,23160
3.126025,0.000000,-0.076779,21.449907,0.000000,0.000000,0.000000,23170
3.124491,0.000000,-0.115089,21.449907,0.000000,0.000000,0.000000,23180
3.124491,0.000000,-0.057544,21.449907,0.000000,0.000000,0.000000,23190
3.122957,0.000000,-0.105471,21.449907,0.000000,0.000000,0.000000,23200
3.122957,0.000000,-0.052736,21.449907,0.000000,0.000000,0.000000,23210
3.122957,0.000000,-0.026368,21.449907,0.000000,0.000000,0.000000,23220
3.122957,0.000000,-0.013184,21.449907,0.000000,0.000000,0.000000,23230
3.122957,0.000000,-0.006592,21.449907,0.000000,0.000000,0.000000,23240
3.122957,0.000000,-0.003296,21.449907,0.000000,0.000000,0.000000,23250
3.122957,0.000000,-0.001648,21.449907,0.000000,0.000000,0.000000,23260
3.122957,0.000000,-0.000824,21.449907,0.000000,0.000000,0.000000,23270
3.122957,0.000000,-0.000412,21.449907,0.000000,0.000000,0.000000,23280
3.124491,0.000000,0.076493,21.449907,0.000000,0.000000,0.000000,23290
3.124491,0.000000,0.038247,21.449907,0.000000,0.000000,0.000000,23300
3.124491,0.000000,0.019123,21.449907,0.000000,0.000000,0.000000,23310
3.124491,0.000000,0.009562,21.449907,0.000000,0.000000,0.000000,23320
3.124491,0.000000,0.004781,21.449907,0.000000,0.000000,0.000000,23330
3.124491,0.000000,0.002390,21.449907,0.000000,0.000000,0.000000,23340
3.126025,0.000000,0.077894,21.449907,0.000000,0.000000,0.000000,23350
3.126025,0.000000,0.038947,21.449907,0.000000,0.000000,0.000000,23360
3.126025,0.000000,0.019474,21.449907,0.000000,0.000000,0.000000,23370
3.126025,0.000000,0.009737,21.449907,0.000000,0.000000,0.000000,23380
3.127559,0.000000,0.081568,21.449907,0.000000,0.000000,0.000000,23390
3.127559,0.000000,0.040784,21.449907,0.000000,0.000000,0.000000,23400
3.127559,0.000000,0.020392,21.449907,0.000000,0.000000,0.000000,23410
3.127559,0.000000,0.010196,21.449907,0.000000,0.000000,0.000000,23420
3.127559,0.000000,0.005098,21.449907,0.000000,0.000000,0.000000,23430
3.127559,0.000000,0.002549,21.449907,0.000000,0.000000,0.000000,23440
3.127559,0.000000,0.001274,21.449907,0.000000,0.000000,0.000000,23450
3.129093,0.000000,0.077337,21.449907,0.000000,0.000000,0.000000,23460
3.129093,0.000000,0.038668,21.449907,0.000000,0.000000,0.000000,23470
3.129093,0.000000,0.019334,21.449907,0.000000,0.000000,0.000000,23480
3.129093,0.000000,0.009667,21.449907,0.000000,0.000000,0.000000,23490
3.129093,0.000000,0.004834,21.449907,0.000000,0.000000,0.000000,23500
3.129093,0.000000,0.002417,21.449907,0.000000,0.000000,0.000000,23510
3.129093,0.000000,0.001208,21.449907,0.000000,0.000000,0.000000,23520
3.129093,0.000000,0.000604,21.449907,0.000000,0.000000,0.000000,23530
3.129093,0.000000,0.000302,21.449907,0.000000,0.000000,0.000000,23540
3.129093,0.000000,0.000151,21.449907,0.000000,0.000000,0.000000,23550
3.129093,0.000000,0.000076,21.449907,0.000000,0.000000,0.000000,23560
3.129093,0.000000,0.000038,21.449907,0.000000,0.000000,0.000000,23570
3.129093,0.000000,0.000019,21.449907,0.000000,0.000000,0.000000,23580
3.129093,0.000000,0.000009,21.449907,0.000000,0.000000,0.000000,23590
3.129093,0.000000,0.000005,21.449907,0.000000,0.000000,0.000000,23600
3.129093,0.000000,0.000002,21.449907,0.000000,0.000000,0.000000,23610
3.129093,0.000000,0.000001,21.449907,0.000000,0.000000,0.000000,23620
3.129093,0.000000,0.000001,21.449907,0.000000,0.000000,0.000000,23630
3.129093,0.000000,0.000000,21.449907,0.000000,0.000000,0.000000,23640
3.129093,0.000000,0.000000,21.449907,0.000000,0.000000,0.000000,23650
3.129093,0.000000,0.000000,21.449907,0.000000,0.000000,0.000000,23660
3.129093,0.000000,0.000000,21.449907,0.000000,0.000000,0.000000,23670
3.129093,0.000000,0.000000,21.449907,0.000000,0.000000,0.000000,23680
3.129093,0.000000,0.000000,21.449907,0.000000,0.000000,0.000000,23690
3.129093,0.000000,0.000000,21.449907,0.000000,0.000000,0.000000,23700
3.129093,0.000000,0.000000,21.449907,0.000000,0.000000,0.000000,23710
3.129093,0.000000,0.000000,21.449907,0.000000,0.000000,0.000000,23720
3.129093,0.000000,0.000000,21.449907,0.000000,0.000000,0.000000,23730
3.129093,0.000000,0.000000,21.449907,0.000000,0.000000,0.000000,23740
3.129093,0.000000,0.000000,21.449907,0.000000,0.000000,0.000000,23750
3.129093,0.000000,0.000000,21.449907,0.000000,0.000000,0.000000,23760
3.129093,0.000000,0.000000,21.449907,0.000000,0.000000,0.000000,23770
3.129093,0.000000,0.000000,21.449907,0.000000,0.000000,0.000000,23780
3.129093,0.000000,0.000000,21.449907,0.000000,0.000000,0.000000,23790
3.129093,0.000000,0.000000,21.449907,0.000000,0.000000,0.000000,23800
3.129093,0.000000,0.000000,21.449907,0.000000,0.000000,0.000000,23810
3.129093,0.000000,0.000000,21.449907,0.000000,0.000000,0.000000,23820
3.129093,0.000000,0.000000,21.449907,0.000000,0.000000,0.000000,23830
3.129093,0.000000,0.000000,21.449907,0.000000,0.000000,0.000000,23840
3.129093,0.000000,0.000000,21.449907,0.000000,0.000000,0.000000,23850
3.129093,0.000000,0.000000,21.449907,0.000000,0.000000,0.000000,23860
3.129093,0.000000,0.000000,21.449907,0.000000,0.000000,0.000000,23870
3.129093,0.000000,0.000000,21.449907,0.000000,0.000000,0.000000,23880
3.129093,0.000000,0.000000,21.449907,0.000000,0.000000,0.000000,23890
3.129093,0.000000,0.000000,21.449907,0.000000,0.000000,0.000000,23900
3.129093,0.000000,0.000000,21.449907,0.000000,0.000000,0.000000,23910
3.129093,0.000000,0.000000,21.449907,0.000000,0.000000,0.000000,23920
3.129093,0.000000,0.000000,21.449907,0.000000,0.000000,0.000000,23930
3.129093,0.000000,0.000000,21.449907,0.000000,0.000000,0.000000,23940
3.129093,0.000000,0.000000,21.449907,0.000000,0.000000,0.000000,23950
3.129093,0.000000,0.000000,21.449907,0.000000,0.000000,0.000000,23960
3.129093,0.000000,0.000000,21.449907,0.000000,0.000000,0.000000,23970
3.129093,0.000000,0.000000,21.449907,0.000000,0.000000,0.000000,23980
3.129093,0.000000,0.000000,21.449907,0.000000,0.000000,0.000000,23990
3.129093,0.000000,0.000000,21.449907,0.000000,0.000000,0.000000,24000
3.129093,0.000000,0.000000,21.449907,0.000000,0.000000,0.000000,24010
3.129093,0.000000,0.000000,21.449907,0.000000,0.000000,0.000000,24020
3.129093,0.000000,0.000000,21.449907,0.000000,0.000000,0.000000,24030
3.129093,0.000000,0.000000,21.449907,0.000000,0.000000,0.000000,24040
3.129093,0.000000,0.000000,21.449907,0.000000,0.000000,0.000000,24050
3.129093,0.000000,0.000000,21.449907,0.000000,0.000000,0.000000,24060
3.129093,0.000000,0.000000,21.449907,0.000000,0.000000,0.000000,24070
3.129093,0.000000,0.000000,21.449907,0.000000,0.000000,0.000000,24080
3.129093,0.000000,0.000000,21.449907,0.000000,0.000000,0.000000,24090
3.129093,0.000000,0.000000,21.449907,0.000000,0.000000,0.000000,24100
3.129093,0.000000,0.000000,21.449907,0.000000,0.000000,0.000000,24110
3.129093,0.000000,0.000000,21.449907,0.000000,0.000000,0.000000,24120
3.129093,0.000000,0.000000,21.449907,0.000000,0.000000,0.000000,24130
3.129093,0.000000,0.000000,21.449907,0.000000,0.000000,0.000000,24140
3.129093,0.000000,0.000000,21.449907,0.000000,0.000000,0.000000,24150
3.129093,0.000000,0.000000,21.449907,0.000000,0.000000,0.000000,24160
3.129093,0.000000,0.000000,21.449907,0.000000,0.000000,0.000000,24170
3.129093,0.000000,0.000000,21.449907,0.000000,0.000000,0.000000,24180
3.129093,0.000000,0.000000,21.449907,0.000000,0.000000,0.000000,24190
3.129093,0.000000,0.000000,21.449907,0.000000,0.000000,0.000000,24200
3.129093,0.000000,0.000000,21.449907,0.000000,0.000000,0.000000,24210
3.129093,0.000000,0.000000,21.449907,0.000000,0.000000,0.000000,24220
3.129093,0.000000,0.000000,21.449907,0.000000,0.000000,0.000000,24230
3.129093,0.000000,0.000000,21.449907,0.000000,0.000000,0.000000,24240
3.129093,0.000000,0.000000,21.449907,0.000000,0.000000,0.000000,24250
3.129093,0.000000,0.000000,21.449907,0.000000,0.000000,0.000000,24260
3.129093,0.000000,0.000000,21.449907,0.000000,0.000000,0.000000,24270
3.129093,0.000000,0.000000,21.449907,0.000000,0.000000,0.000000,24280
3.129093,0.000000,0.000000,21.449907,0.000000,0.000000,0.000000,24290
3.129093,0.000000,0.000000,21.449907,0.000000,0.000000,0.000000,24300
3.129093,0.000000,0.000000,21.449907,0.000000,0.000000,0.000000,24310
3.129093,0.000000,0.000000,21.449907,0.000000,0.000000,0.000000,24320
3.129093,0.000000,0.000000,21.449907,0.000000,0.000000,0.000000,24330
3.129093,0.000000,0.000000,21.449907,0.000000,0.000000,0.000000,24340
3.129093,0.000000,0.000000,21.449907,0.000000,0.000000,0.000000,24350
3.129093,0.000000,0.000000,21.449907,0.000000,0.000000,0.000000,24360
3.129093,0.000000,0.000000,21.449907,0.000000,0.000000,0.000000,24370
3.129093,0.000000,0.000000,21.449907,0.000000,0.000000,0.000000,24380
3.129093,0.000000,0.000000,21.449907,0.000000,0.000000,0.000000,24390
3.129093,0.000000,0.000000,21.449907,0.000000,0.000000,0.000000,24400
3.129093,0.000000,0.000000,21.449907,0.000000,0.000000,0.000000,24410
3.129093,0.000000,0.000000,21.449907,0.000000,0.000000,0.000000,24420
3.129093,0.000000,0.000000,21.449907,0.000000,0.000000,0.000000,24430
3.129093,0.000000,0.000000,21.449907,0.000000,0.000000,0.000000,24440
3.129093,0.000000,0.000000,21.449907,0.000000,0.000000,0.000000,24450
3.129093,0.000000,0.000000,21.449907,0.000000,0.000000,0.000000,24460
3.129093,0.000000,0.000000,21.449907,0.000000,0.000000,0.000000,24470
3.129093,0.000000,0.000000,21.449907,0.000000,0.000000,0.000000,24480
3.129093,0.000000,0.000000,21.449907,0.000000,0.000000,0.000000,24490
3.129093,0.000000,0.000000,21.449907,0.000000,0.000000,0.000000,24500
3.129093,0.000000,0.000000,21.449907,0.000000,0.000000,0.000000,24510
3.129093,0.000000,0.000000,21.449907,0.000000,0.000000,0.000000,24520
3.129093,0.000000,0.000000,21.449907,0.000000,0.000000,0.000000,24530
3.129093,0.000000,0.000000,21.449907,0.000000,0.000000,0.000000,24540
3.129093,0.000000,0.000000,21.449907,0.000000,0.000000,0.000000,24550
3.129093,0.000000,0.000000,21.449907,0.000000,0.000000,0.000000,24560
3.129093,0.000000,0.000000,21.449907,0.000000,0.000000,0.000000,24570
3.129093,0.000000,0.000000,21.449907,0.000000,0.000000,0.000000,24580
3.129093,0.000000,0.000000,21.449907,0.000000,0.000000,0.000000,24590
3.129093,0.000000,0.000000,21.449907,0.000000,0.000000,0.000000,24600
3.129093,0.000000,0.000000,21.449907,0.000000,0.000000,0.000000,24610
3.129093,0.000000,0.000000,21.449907,0.000000,0.000000,0.000000,24620
3.129093,0.000000,0.000000,21.449907,0.000000,0.000000,0.000000,24630
3.129093,0.000000,0.000000,21.449907,0.000000,0.000000,0.000000,24640
3.129093,0.000000,0.000000,21.449907,0.000000,0.000000,0.000000,24650
3.129093,0.000000,0.000000,21.449907,0.000000,0.000000,0.000000,24660
3.129093,0.000000,0.000000,21.449907,0.000000,0.000000,0.000000,24670
3.129093,0.000000,0.000000,21.449907,0.000000,0.000000,0.000000,24680
3.129093,0.000000,0.000000,21.449907,0.000000,0.000000,0.000000,24690
3.129093,0.000000,0.000000,21.449907,0.000000,0.000000,0.000000,24700
3.129093,0.000000,0.000000,21.449907,0.000000,0.000000,0.000000,24710
3.129093,0.000000,0.000000,21.449907,0.000000,0.000000,0.000000,24720
3.129093,0.000000,0.000000,21.449907,0.000000,0.000000,0.000000,24730
3.129093,0.000000,0.000000,21.449907,0.000000,0.000000,0.000000,24740
3.129093,0.000000,0.000000,21.449907,0.000000,0.000000,0.000000,24750
3.129093,0.000000,0.000000,21.449907,0.000000,0.000000,0.000000,24760
3.129093,0.000000,0.000000,21.449907,0.000000,0.000000,0.000000,24770
3.129093,0.000000,0.000000,21.449907,0.000000,0.000000,0.000000,24780
3.129093,0.000000,0.000000,21.449907,0.000000,0.000000,0.000000,24790
3.129093,0.000000,0.000000,21.449907,0.000000,0.000000,0.000000,24800
3.129093,0.000000,0.000000,21.449907,0.000000,0.000000,0.000000,24810
3.129093,0.000000,0.000000,21.449907,0.000000,0.000000,0.000000,24820
3.129093,0.000000,0.000000,21.449907,0.000000,0.000000,0.000000,24830
3.129093,0.000000,0.000000,21.449907,0.000000,0.000000,0.000000,24840
3.129093,0.000000,0.000000,21.449907,0.000000,0.000000,0.000000,24850
3.129093,0.000000,0.000000,21.449907,0.000000,0.000000,0.000000,24860
3.129093,0.000000,0.000000,21.449907,0.000000,0.000000,0.000000,24870
3.129093,0.000000,0.000000,21.449907,0.000000,0.000000,0.000000,24880
3.129093,0.000000,0.000000,21.449907,0.000000,0.000000,0.000000,24890
3.129093,0.000000,0.000000,21.449907,0.000000,0.000000,0.000000,24900
3.129093,0.000000,0.000000,21.449907,0.000000,0.000000,0.000000,24910
3.129093,0.000000,0.000000,21.449907,0.000000,0.000000,0.000000,24920
3.129093,0.000000,0.000000,21.449907,0.000000,0.000000,0.000000,24930
3.129093,0.000000,0.000000,21.449907,0.000000,0.000000,0.000000,24940
3.129093,0.000000,0.000000,21.449907,0.000000,0.000000,0.000000,24950
3.129093,0.000000,0.000000,21.449907,0.000000,0.000000,0.000000,24960
3.129093,0.000000,0.000000,21.449907,0.000000,0.000000,0.000000,24970
3.129093,0.000000,0.000000,21.449907,0.000000,0.000000,0.000000,24980
3.129093,0.000000,0.000000,21.449907,0.000000,0.000000,0.000000,24990
3.129093,0.000000,0.000000,21.449907,0.000000,0.000000,0.000000,25000
3.129093,0.000000,0.000000,21.449907,0.000000,0.000000,0.000000,25010
3.129093,0.000000,0.000000,21.449907,0.000000,0.000000,0.000000,25020
3.129093,0.000000,0.000000,21.449907,0.000000,0.000000,0.000000,25030
3.129093,0.000000,0.000000,21.449907,0.000000,0.000000,0.000000,25040
3.129093,0.000000,0.000000,21.449907,0.000000,0.000000,0.000000,25050
3.129093,0.000000,0.000000,21.449907,0.000000,0.000000,0.000000,25060
3.129093,0.000000,0.000000,21.449907,0.000000,0.000000,0.000000,25070
3.129093,0.000000,0.000000,21.449907,0.000000,0.000000,0.000000,25080
3.129093,0.000000,0.000000,21.449907,0.000000,0.000000,0.000000,25090
3.129093,0.000000,0.000000,21.449907,0.000000,0.000000,0.000000,25100
3.129093,0.000000,0.000000,21.449907,0.000000,0.000000,0.000000,25110
3.129093,0.000000,0.000000,21.449907,0.000000,0.000000,0.000000,25120
3.129093,0.000000,0.000000,21.449907,0.000000,0.000000,0.000000,25130
3.129093,0.000000,0.000000,21.449907,0.000000,0.000000,0.000000,25140
3.129093,0.000000,0.000000,21.449907,0.000000,0.000000,0.000000,25150
3.129093,0.000000,0.000000,21.449907,0.000000,0.000000,0.000000,25160
3.129093,0.000000,0.000000,21.449907,0.000000,0.000000,0.000000,25170
3.129093,0.000000,0.000000,21.449907,0.000000,0.000000,0.000000,25180
3.129093,0.000000,0.000000,21.449907,0.000000,0.000000,0.000000,25190
3.129093,0.000000,0.000000,21.449907,0.000000,0.000000,0.000000,25200
3.129093,0.000000,0.000000,21.449907,0.000000,0.000000,0.000000,25210
3.129093,0.000000,0.000000,21.449907,0.000000,0.000000,0.000000,25220
3.129093,0.000000,0.000000,21.449907,0.000000,0.000000,0.000000,25230
3.129093,0.000000,0.000000,21.449907,0.000000,0.000000,0.000000,25240