3.127559,0.000000,0.019185,0.123150,0.000000,0.000000,0.000000,6240
3.127559,0.000000,0.009593,0.123150,0.000000,0.000000,0.000000,6250
3.127559,0.000000,0.004796,0.123150,0.000000,0.000000,0.000000,6260
3.127559,0.000000,0.002398,0.123150,0.000000,0.000000,0.000000,6270
3.127559,0.000000,0.001199,0.123150,0.000000,0.000000,0.000000,6280
3.127559,0.000000,0.000600,0.123150,0.000000,0.000000,0.000000,6290
3.126025,0.000000,-0.076399,0.123150,0.000000,0.000000,0.000000,6300
3.127559,0.000000,0.038500,0.123150,0.000000,0.000000,0.000000,6310
3.127559,0.000000,0.019250,0.123150,0.000000,0.000000,0.000000,6320
3.127559,0.000000,0.009625,0.123150,0.000000,0.000000,0.000000,6330
3.127559,0.000000,0.004812,0.123150,0.000000,0.000000,0.000000,6340
3.127559,0.000000,0.002406,0.123150,0.000000,0.000000,0.000000,6350
3.126025,0.000000,-0.075496,0.123150,0.000000,0.000000,0.000000,6360
3.127559,0.000000,0.038951,0.123150,0.000000,0.000000,0.000000,6370
3.126025,0.000000,-0.057224,0.123150,0.000000,0.000000,0.000000,6380
3.127559,0.000000,0.048087,0.123150,0.000000,0.000000,0.000000,6390
3.127559,0.000000,0.024044,0.123150,0.000000,0.000000,0.000000,6400
3.127559,0.000000,0.012022,0.123150,0.000000,0.000000,0.000000,6410
3.127559,0.000000,0.006011,0.123150,0.000000,0.000000,0.000000,6420
3.126025,0.000000,-0.073694,0.123150,0.000000,0.000000,0.000000,6430
3.127559,0.000000,0.039852,0.123150,0.000000,0.000000,0.000000,6440
3.127559,0.000000,0.019926,0.123150,0.000000,0.000000,0.000000,6450
3.127559,0.000000,0.009963,0.123150,0.000000,0.000000,0.000000,6460
3.127559,0.000000,0.004982,0.123150,0.000000,0.000000,0.000000,6470
3.127559,0.000000,0.002491,0.123150,0.000000,0.000000,0.000000,6480
3.127559,0.000000,0.001245,0.123150,0.000000,0.000000,0.000000,6490
3.127559,0.000000,0.000623,0.123150,0.000000,0.000000,0.000000,6500
3.127559,0.000000,0.000311,0.123150,0.000000,0.000000,0.000000,6510
3.126025,0.000000,-0.076544,0.123150,0.000000,0.000000,0.000000,6520
3.127559,0.000000,0.038427,0.123150,0.000000,0.000000,0.000000,6530
3.127559,0.000000,0.019214,0.123150,0.000000,0.000000,0.000000,6540
3.127559,0.000000,0.009607,0.123150,0.000000,0.000000,0.000000,6550
3.127559,0.000000,0.004803,0.123150,0.000000,0.000000,0.000000,6560
3.127559,0.000000,0.002402,0.123150,0.000000,0.000000,0.000000,6570
3.127559,0.000000,0.001201,0.123150,0.000000,0.000000,0.000000,6580
3.127559,0.000000,0.000600,0.123150,0.000000,0.000000,0.000000,6590
3.127559,0.000000,0.000300,0.123150,0.000000,0.000000,0.000000,6600
3.127559,0.000000,0.000150,0.123150,0.000000,0.000000,0.000000,6610
3.127559,0.000000,0.000075,0.123150,0.000000,0.000000,0.000000,6620
3.127559,0.000000,0.000038,0.123150,0.000000,0.000000,0.000000,6630
3.127559,0.000000,0.000019,0.123150,0.000000,0.000000,0.000000,6640
3.127559,0.000000,0.000009,0.123150,0.000000,0.000000,0.000000,6650
3.127559,0.000000,0.000005,0.123150,0.000000,0.000000,0.000000,6660
3.127559,0.000000,0.000002,0.123150,0.000000,0.000000,0.000000,6670
3.127559,0.000000,0.000001,0.123150,0.000000,0.000000,0.000000,6680
3.127559,0.000000,0.000001,0.123150,0.000000,0.000000,0.000000,6690
3.127559,0.000000,0.000000,0.123150,0.000000,0.000000,0.000000,6700
3.127559,0.000000,0.000000,0.123150,0.000000,0.000000,0.000000,6710
3.126025,0.000000,-0.076699,0.123150,0.000000,0.000000,0.000000,6720
3.127559,0.000000,0.038350,0.123150,0.000000,0.000000,0.000000,6730
3.127559,0.000000,0.019175,0.123150,0.000000,0.000000,0.000000,6740
3.127559,0.000000,0.009587,0.123150,0.000000,0.000000,0.000000,6750
3.127559,0.000000,0.004794,0.123150,0.000000,0.000000,0.000000,6760
3.126025,0.000000,-0.074302,0.123150,0.000000,0.000000,0.000000,6770
3.127559,0.000000,0.039548,0.123150,0.000000,0.000000,0.000000,6780
3.127559,0.000000,0.019774,0.123150,0.000000,0.000000,0.000000,6790
3.127559,0.000000,0.009887,0.123150,0.000000,0.000000,0.000000,6800
3.127559,0.000000,0.004944,0.123150,0.000000,0.000000,0.000000,6810
3.127559,0.000000,0.002472,0.123150,0.000000,0.000000,0.000000,6820
3.127559,0.000000,0.001236,0.123150,0.000000,0.000000,0.000000,6830
3.127559,0.000000,0.000618,0.123150,0.000000,0.000000,0.000000,6840
3.127559,0.000000,0.000309,0.123150,0.000000,0.000000,0.000000,6850
3.127559,0.000000,0.000154,0.123150,0.000000,0.000000,0.000000,6860
3.127559,0.000000,0.000077,0.123150,0.000000,0.000000,0.000000,6870
3.127559,0.000000,0.000039,0.123150,0.000000,0.000000,0.000000,6880
3.127559,0.000000,0.000019,0.123150,0.000000,0.000000,0.000000,6890
3.127559,0.000000,0.000010,0.123150,0.000000,0.000000,0.000000,6900
3.127559,0.000000,0.000005,0.123150,0.000000,0.000000,0.000000,6910
3.127559,0.000000,0.000002,0.123150,0.000000,0.000000,0.000000,6920
3.127559,0.000000,0.000001,0.123150,0.000000,0.000000,0.000000,6930
3.127559,0.000000,0.000001,0.123150,0.000000,0.000000,0.000000,6940
3.127559,0.000000,0.000000,0.123150,0.000000,0.000000,0.000000,6950
3.127559,0.000000,0.000000,0.123150,0.000000,0.000000,0.000000,6960
3.127559,0.000000,0.000000,0.123150,0.000000,0.000000,0.000000,6970
3.127559,0.000000,0.000000,0.123150,0.000000,0.000000,0.000000,6980
3.126025,0.000000,-0.076699,0.123150,0.000000,0.000000,0.000000,6990
3.127559,0.000000,0.038350,0.123150,0.000000,0.000000,0.000000,7000
3.126025,0.000000,-0.057524,0.123150,0.000000,0.000000,0.000000,7010
3.127559,0.000000,0.047937,0.123150,0.000000,0.000000,0.000000,7020
3.127559,0.000000,0.023969,0.123150,0.000000,0.000000,0.000000,7030
3.127559,0.000000,0.011984,0.123150,0.000000,0.000000,0.000000,7040
3.127559,0.000000,0.005992,0.123150,0.000000,0.000000,0.000000,7050
3.126025,0.000000,-0.073703,0.123150,0.000000,0.000000,0.000000,7060
3.127559,0.000000,0.039848,0.123150,0.000000,0.000000,0.000000,7070
3.127559,0.000000,0.019924,0.123150,0.000000,0.000000,0.000000,7080
3.127559,0.000000,0.009962,0.123150,0.000000,0.000000,0.000000,7090
3.127559,0.000000,0.004981,0.123150,0.000000,0.000000,0.000000,7100
3.126025,0.000000,-0.074209,0.123150,0.000000,0.000000,0.000000,7110
3.127559,0.000000,0.039595,0.123150,0.000000,0.000000,0.000000,7120
3.127559,0.000000,0.019797,0.123150,0.000000,0.000000,0.000000,7130
3.127559,0.000000,0.009899,0.123150,0.000000,0.000000,0.000000,7140
3.127559,0.000000,0.004949,0.123150,0.000000,0.000000,0.000000,7150
3.127559,0.000000,0.002475,0.123150,0.000000,0.000000,0.000000,7160
3.127559,0.000000,0.001237,0.123150,0.000000,0.000000,0.000000,7170
3.127559,0.000000,0.000619,0.123150,0.000000,0.000000,0.000000,7180
3.127559,0.000000,0.000309,0.123150,0.000000,0.000000,0.000000,7190
3.127559,0.000000,0.000155,0.123150,0.000000,0.000000,0.000000,7200
3.127559,0.000000,0.000077,0.123150,0.000000,0.000000,0.000000,7210
3.126025,0.000000,-0.076661,0.123150,0.000000,0.000000,0.000000,7220
3.127559,0.000000,0.038369,0.123150,0.000000,0.000000,0.000000,7230
3.127559,0.000000,0.019184,0.123150,0.000000,0.000000,0.000000,7240
3.127559,0.000000,0.009592,0.123150,0.000000,0.000000,0.000000,7250
3.127559,0.000000,0.004796,0.123150,0.000000,0.000000,0.000000,7260
3.127559,0.000000,0.002398,0.123150,0.000000,0.000000,0.000000,7270
3.127559,0.000000,0.001199,0.123150,0.000000,0.000000,0.000000,7280
3.127559,0.000000,0.000600,0.123150,0.000000,0.000000,0.000000,7290
3.126025,0.000000,-0.076399,0.123150,0.000000,0.000000,0.000000,7300
3.126025,0.000000,-0.038200,0.123150,0.000000,0.000000,0.000000,7310
3.127559,0.000000,0.057599,0.123150,0.000000,0.000000,0.000000,7320
3.127559,0.000000,0.028800,0.123150,0.000000,0.000000,0.000000,7330
3.127559,0.000000,0.014400,0.123150,0.000000,0.000000,0.000000,7340
3.127559,0.000000,0.007200,0.123150,0.000000,0.000000,0.000000,7350
3.127559,0.000000,0.003600,0.123150,0.000000,0.000000,0.000000,7360
3.127559,0.000000,0.001800,0.123150,0.000000,0.000000,0.000000,7370
3.127559,0.000000,0.000900,0.123150,0.000000,0.000000,0.000000,7380
3.127559,0.000000,0.000450,0.123150,0.000000,0.000000,0.000000,7390
3.127559,0.000000,0.000225,0.123150,0.000000,0.000000,0.000000,7400
3.127559,0.000000,0.000112,0.123150,0.000000,0.000000,0.000000,7410
3.127559,0.000000,0.000056,0.123150,0.000000,0.000000,0.000000,7420
3.126025,0.000000,-0.076671,0.123150,0.000000,0.000000,0.000000,7430
3.127559,0.000000,0.038364,0.123150,0.000000,0.000000,0.000000,7440
3.127559,0.000000,0.019182,0.123150,0.000000,0.000000,0.000000,7450
3.127559,0.000000,0.009591,0.123150,0.000000,0.000000,0.000000,7460
3.127559,0.000000,0.004795,0.123150,0.000000,0.000000,0.000000,7470
3.127559,0.000000,0.002398,0.123150,0.000000,0.000000,0.000000,7480
3.127559,0.000000,0.001199,0.123150,0.000000,0.000000,0.000000,7490
3.127559,0.000000,0.000599,0.123150,0.000000,0.000000,0.000000,7500
3.127559,0.000000,0.000300,0.123150,0.000000,0.000000,0.000000,7510
3.127559,0.000000,0.000150,0.123150,0.000000,0.000000,0.000000,7520
3.127559,0.000000,0.000075,0.123150,0.000000,0.000000,0.000000,7530
3.127559,0.000000,0.000037,0.123150,0.000000,0.000000,0.000000,7540
3.127559,0.000000,0.000019,0.123150,0.000000,0.000000,0.000000,7550
3.127559,0.000000,0.000009,0.123150,0.000000,0.000000,0.000000,7560
3.126025,0.000000,-0.076695,0.123150,0.000000,0.000000,0.000000,7570
3.127559,0.000000,0.038352,0.123150,0.000000,0.000000,0.000000,7580
3.127559,0.000000,0.019176,0.123150,0.000000,0.000000,0.000000,7590
3.127559,0.000000,0.009588,0.123150,0.000000,0.000000,0.000000,7600
3.127559,0.000000,0.004794,0.123150,0.000000,0.000000,0.000000,7610
3.127559,0.000000,0.002397,0.123150,0.000000,0.000000,0.000000,7620
3.127559,0.000000,0.001198,0.123150,0.000000,0.000000,0.000000,7630
3.127559,0.000000,0.000599,0.123150,0.000000,0.000000,0.000000,7640
3.127559,0.000000,0.000300,0.123150,0.000000,0.000000,0.000000,7650
3.127559,0.000000,0.000150,0.123150,0.000000,0.000000,0.000000,7660
3.126025,0.000000,-0.076624,0.123150,0.000000,0.000000,0.000000,7670
3.127559,0.000000,0.038387,0.123150,0.000000,0.000000,0.000000,7680
3.127559,0.000000,0.019194,0.123150,0.000000,0.000000,0.000000,7690
3.127559,0.000000,0.009597,0.123150,0.000000,0.000000,0.000000,7700
3.127559,0.000000,0.004798,0.123150,0.000000,0.000000,0.000000,7710
3.127559,0.000000,0.002399,0.123150,0.000000,0.000000,0.000000,7720
3.127559,0.000000,0.001200,0.123150,0.000000,0.000000,0.000000,7730
3.127559,0.000000,0.000600,0.123150,0.000000,0.000000,0.000000,7740
3.127559,0.000000,0.000300,0.123150,0.000000,0.000000,0.000000,7750
3.127559,0.000000,0.000150,0.123150,0.000000,0.000000,0.000000,7760
3.127559,0.000000,0.000075,0.123150,0.000000,0.000000,0.000000,7770
3.127559,0.000000,0.000037,0.123150,0.000000,0.000000,0.000000,7780
3.127559,0.000000,0.000019,0.123150,0.000000,0.000000,0.000000,7790
3.127559,0.000000,0.000009,0.123150,0.000000,0.000000,0.000000,7800
3.126025,0.000000,-0.076695,0.123150,0.000000,0.000000,0.000000,7810
3.127559,0.000000,0.038352,0.123150,0.000000,0.000000,0.000000,7820
3.127559,0.000000,0.019176,0.123150,0.000000,0.000000,0.000000,7830
3.126025,0.000000,-0.067111,0.123150,0.000000,0.000000,0.000000,7840
3.127559,0.000000,0.043144,0.123150,0.000000,0.000000,0.000000,7850
3.127559,0.000000,0.021572,0.123150,0.000000,0.000000,0.000000,7860
3.126025,0.000000,-0.065913,0.123150,0.000000,0.000000,0.000000,7870
3.126025,0.000000,-0.032957,0.123150,0.000000,0.000000,0.000000,7880
3.127559,0.000000,0.060221,0.123150,0.000000,0.000000,0.000000,7890
3.127559,0.000000,0.030110,0.123150,0.000000,0.000000,0.000000,7900
3.127559,0.000000,0.015055,0.123150,0.000000,0.000000,0.000000,7910
3.126025,0.000000,-0.069172,0.123150,0.000000,0.000000,0.000000,7920
3.127559,0.000000,0.042113,0.123150,0.000000,0.000000,0.000000,7930
3.127559,0.000000,0.021057,0.123150,0.000000,0.000000,0.000000,7940
3.127559,0.000000,0.010528,0.123150,0.000000,0.000000,0.000000,7950
3.127559,0.000000,0.005264,0.123150,0.000000,0.000000,0.000000,7960
3.127559,0.000000,0.002632,0.123150,0.000000,0.000000,0.000000,7970
3.127559,0.000000,0.001316,0.123150,0.000000,0.000000,0.000000,7980
3.127559,0.000000,0.000658,0.123150,0.000000,0.000000,0.000000,7990
3.127559,0.000000,0.000329,0.123150,0.000000,0.000000,0.000000,8000
3.126025,0.000000,-0.076535,0.123150,0.000000,0.000000,0.000000,8010
3.127559,0.000000,0.038432,0.123150,0.000000,0.000000,0.000000,8020
3.127559,0.000000,0.019216,0.123150,0.000000,0.000000,0.000000,8030
3.127559,0.000000,0.009608,0.123150,0.000000,0.000000,0.000000,8040
3.127559,0.000000,0.004804,0.123150,0.000000,0.000000,0.000000,8050
3.126025,0.000000,-0.074297,0.123150,0.000000,0.000000,0.000000,8060
3.126025,0.000000,-0.037149,0.123150,0.000000,0.000000,0.000000,8070
3.127559,0.000000,0.058125,0.123150,0.000000,0.000000,0.000000,8080
3.127559,0.000000,0.029062,0.123150,0.000000,0.000000,0.000000,8090
3.127559,0.000000,0.014531,0.123150,0.000000,0.000000,0.000000,8100
3.127559,0.000000,0.007266,0.123150,0.000000,0.000000,0.000000,8110
3.127559,0.000000,0.003633,0.123150,0.000000,0.000000,0.000000,8120
3.127559,0.000000,0.001816,0.123150,0.000000,0.000000,0.000000,8130
3.127559,0.000000,0.000908,0.123150,0.000000,0.000000,0.000000,8140
3.126025,0.000000,-0.076245,0.123150,0.000000,0.000000,0.000000,8150
3.127559,0.000000,0.038577,0.123150,0.000000,0.000000,0.000000,8160
3.127559,0.000000,0.019288,0.123150,0.000000,0.000000,0.000000,8170
3.127559,0.000000,0.009644,0.123150,0.000000,0.000000,0.000000,8180
3.127559,0.000000,0.004822,0.123150,0.000000,0.000000,0.000000,8190
3.127559,0.000000,0.002411,0.123150,0.000000,0.000000,0.000000,8200
3.127559,0.000000,0.001206,0.123150,0.000000,0.000000,0.000000,8210
3.126025,0.000000,-0.076096,0.123150,0.000000,0.000000,0.000000,8220
3.127559,0.000000,0.038651,0.123150,0.000000,0.000000,0.000000,8230
3.126025,0.000000,-0.057374,0.123150,0.000000,0.000000,0.000000,8240
3.127559,0.000000,0.048012,0.123150,0.000000,0.000000,0.000000,8250
3.127559,0.000000,0.024006,0.123150,0.000000,0.000000,0.000000,8260
3.127559,0.000000,0.012003,0.123150,0.000000,0.000000,0.000000,8270
3.127559,0.000000,0.006002,0.123150,0.000000,0.000000,0.000000,8280
3.126025,0.000000,-0.073698,0.123150,0.000000,0.000000,0.000000,8290
3.127559,0.000000,0.039850,0.123150,0.000000,0.000000,0.000000,8300
3.127559,0.000000,0.019925,0.123150,0.000000,0.000000,0.000000,8310
3.127559,0.000000,0.009963,0.123150,0.000000,0.000000,0.000000,8320
3.126025,0.000000,-0.071718,0.123150,0.000000,0.000000,0.000000,8330
3.126025,0.000000,-0.035859,0.123150,0.000000,0.000000,0.000000,8340
3.126025,0.000000,-0.017930,0.123150,0.000000,0.000000,0.000000,8350
3.127559,0.000000,0.067735,0.123150,0.000000,0.000000,0.000000,8360
3.126025,0.000000,-0.042832,0.123150,0.000000,0.000000,0.000000,8370
3.126025,0.000000,-0.021416,0.123150,0.000000,0.000000,0.000000,8380
3.127559,0.000000,0.065991,0.123150,0.000000,0.000000,0.000000,8390
3.127559,0.000000,0.032996,0.123150,0.000000,0.000000,0.000000,8400
3.126025,0.000000,-0.060201,0.123150,0.000000,0.000000,0.000000,8410
3.126025,0.000000,-0.030101,0.123150,0.000000,0.000000,0.000000,8420
3.126025,0.000000,-0.015050,0.123150,0.000000,0.000000,0.000000,8430
3.126025,0.000000,-0.007525,0.123150,0.000000,0.000000,0.000000,8440
3.127559,0.000000,0.072937,0.123150,0.000000,0.000000,0.000000,8450
3.127559,0.000000,0.036468,0.123150,0.000000,0.000000,0.000000,8460
3.127559,0.000000,0.018234,0.123150,0.000000,0.000000,0.000000,8470
3.127559,0.000000,0.009117,0.123150,0.000000,0.000000,0.000000,8480
3.127559,0.000000,0.004559,0.123150,0.000000,0.000000,0.000000,8490
3.126025,0.000000,-0.074420,0.123150,0.000000,0.000000,0.000000,8500
3.126025,0.000000,-0.037210,0.123150,0.000000,0.000000,0.000000,8510
3.127559,0.000000,0.058094,0.123150,0.000000,0.000000,0.000000,8520
3.127559,0.000000,0.029047,0.123150,0.000000,0.000000,0.000000,8530
3.127559,0.000000,0.014524,0.123150,0.000000,0.000000,0.000000,8540
3.127559,0.000000,0.007262,0.123150,0.000000,0.000000,0.000000,8550
3.126025,0.000000,-0.073068,0.123150,0.000000,0.000000,0.000000,8560
3.126025,0.000000,-0.036534,0.123150,0.000000,0.000000,0.000000,8570
3.126025,0.000000,-0.018267,0.123150,0.000000,0.000000,0.000000,8580
3.126025,0.000000,-0.009134,0.123150,0.000000,0.000000,0.000000,8590
3.127559,0.000000,0.072132,0.123150,0.000000,0.000000,0.000000,8600
3.127559,0.000000,0.036066,0.123150,0.000000,0.000000,0.000000,8610
3.127559,0.000000,0.018033,0.123150,0.000000,0.000000,0.000000,8620
3.127559,0.000000,0.009017,0.123150,0.000000,0.000000,0.000000,8630
3.127559,0.000000,0.004508,0.123150,0.000000,0.000000,0.000000,8640
3.127559,0.000000,0.002254,0.123150,0.000000,0.000000,0.000000,8650
3.126025,0.000000,-0.075572,0.123150,0.000000,0.000000,0.000000,8660
3.127559,0.000000,0.038913,0.123150,0.000000,0.000000,0.000000,8670
3.126025,0.000000,-0.057243,0.123150,0.000000,0.000000,0.000000,8680
3.127559,0.000000,0.048078,0.123150,0.000000,0.000000,0.000000,8690
3.127559,0.000000,0.024039,0.123150,0.000000,0.000000,0.000000,8700
3.127559,0.000000,0.012019,0.123150,0.000000,0.000000,0.000000,8710
3.127559,0.000000,0.006010,0.123150,0.000000,0.000000,0.000000,8720
3.127559,0.000000,0.003005,0.123150,0.000000,0.000000,0.000000,8730
3.126025,0.000000,-0.075197,0.123150,0.000000,0.000000,0.000000,8740
3.127559,0.000000,0.039101,0.123150,0.000000,0.000000,0.000000,8750
3.127559,0.000000,0.019550,0.123150,0.000000,0.000000,0.000000,8760
3.127559,0.000000,0.009775,0.123150,0.000000,0.000000,0.000000,8770
3.127559,0.000000,0.004888,0.123150,0.000000,0.000000,0.000000,8780
3.127559,0.000000,0.002444,0.123150,0.000000,0.000000,0.000000,8790
3.127559,0.000000,0.001222,0.123150,0.000000,0.000000,0.000000,8800
3.126025,0.000000,-0.076088,0.123150,0.000000,0.000000,2.000000,8810
3.127559,0.000000,0.038655,0.144883,2.173243,0.543311,2.000000,8820
3.129093,0.000000,0.096027,0.188348,4.346487,1.494105,2.000000,8830
3.132161,0.306797,0.201412,0.253545,6.519729,2.750511,2.000000,8840
3.136763,0.460196,0.330804,0.333231,7.968557,4.055022,2.000000,8850
3.139831,0.306797,0.318800,0.420160,8.692971,5.214509,2.000000,8860
3.145967,0.613594,0.466197,0.521578,10.141802,6.446332,2.000000,8870
3.149035,0.306797,0.386497,0.622996,10.141802,7.370200,2.000000,8880
3.155170,0.613594,0.500046,0.731658,10.866213,8.244204,2.000000,8890
3.158238,0.306797,0.403421,0.840321,10.866213,8.899706,2.000000,8900
3.164374,0.613570,0.508496,0.948983,10.866219,9.391335,2.000000,8910
3.167442,0.306797,0.407646,1.072133,12.315041,10.122261,2.000000,8920
3.170510,0.306797,0.357222,1.188039,11.590624,10.489351,2.000000,8930
3.173578,0.306797,0.332009,1.303946,11.590635,10.764672,2.000000,8940
3.178180,0.460196,0.396102,1.419852,11.590624,10.971161,2.000000,8950
3.179714,0.000000,0.274750,1.543002,12.315046,11.307133,2.000000,8960
3.182782,0.306797,0.290774,1.658909,11.590635,11.378008,2.000000,8970
3.184316,0.000000,0.222086,1.774815,11.590624,11.431162,2.000000,8980
3.185850,0.000000,0.187742,1.897966,12.315046,11.652134,2.000000,8990
3.187384,0.000000,0.170570,2.013872,11.590635,11.636759,2.000000,9000
3.188918,0.000000,0.161984,2.129778,11.590624,11.625225,2.000000,9010
3.187384,0.000000,0.004293,2.252928,12.315035,11.797678,2.000000,9020
3.187384,0.000000,0.002146,2.368835,11.590624,11.745914,2.000000,9030
3.187384,0.000000,0.001073,2.491985,12.315059,11.888201,2.000000,9040
3.185850,0.000000,-0.076163,2.607892,11.590624,11.813807,2.000000,9050
3.184316,0.000000,-0.114781,2.723798,11.590624,11.758011,2.000000,9060
3.182782,0.000000,-0.134090,2.846948,12.315035,11.897266,2.000000,9070
3.181248,0.000000,-0.143744,2.962855,11.590648,11.820612,2.000000,9080
3.178180,-0.306797,-0.225271,3.078761,11.590624,11.763115,2.000000,9090
3.175112,-0.306797,-0.266034,3.194667,11.590624,11.719992,2.000000,9100
3.172044,-0.306797,-0.286415,3.303329,10.866213,11.506546,2.000000,9110
3.170510,0.000000,-0.219907,3.411991,10.866213,11.346462,2.000000,9120
3.167442,-0.306797,-0.263352,3.527898,11.590648,11.407509,2.000000,9130
3.162840,-0.460196,-0.361774,3.636560,10.866213,11.272184,2.000000,9140
3.159772,-0.306773,-0.334273,3.745222,10.866213,11.170691,2.000000,9150
3.156704,-0.306797,-0.320535,3.861128,11.590624,11.275673,2.000000,9160
3.152102,-0.460196,-0.390365,3.969790,10.866213,11.173307,2.000000,9170
3.149035,-0.306797,-0.348581,4.085697,11.590624,11.277636,2.000000,9180
3.144433,-0.460196,-0.404388,4.201603,11.590624,11.355883,2.000000,9190
3.139831,-0.460196,-0.432292,4.310265,10.866213,11.233465,2.000000,9200
3.136763,-0.306797,-0.369545,4.426171,11.590624,11.322754,2.000000,9210
3.133695,-0.306797,-0.338171,4.542078,11.590624,11.389721,2.000000,9220
3.132161,0.000000,-0.245785,4.657984,11.590672,11.439959,2.000000,9230
3.129093,-0.306797,-0.276291,4.773890,11.590624,11.477625,2.000000,9240
3.126025,-0.306797,-0.291544,4.889797,11.590624,11.505875,2.000000,9250
3.122957,-0.306797,-0.299170,5.005703,11.590624,11.527061,2.000000,9260
3.119889,-0.306797,-0.302984,5.128853,12.315035,11.724054,2.000000,9270
3.118355,0.000000,-0.228191,5.244760,11.590624,11.690697,2.000000,9280
3.116821,0.000000,-0.190795,5.360666,11.590624,11.665678,2.000000,9290
3.115287,0.000000,-0.172097,5.483816,12.315035,11.828016,2.000000,9300
3.113753,0.000000,-0.162748,5.606967,12.315083,11.949782,2.000000,9310
3.112219,0.000000,-0.158073,5.722873,11.590624,11.859993,2.000000,9320
3.112219,0.000000,-0.079037,5.846024,12.315035,11.973753,2.000000,9330
3.110685,0.000000,-0.116218,5.969174,12.315035,12.059072,2.000000,9340
3.109151,0.000000,-0.134808,6.085080,11.590624,11.941959,2.000000,9350
3.109151,0.000000,-0.067404,6.208230,12.315035,12.035229,2.000000,9360
3.109151,0.000000,-0.033702,6.324137,11.590672,11.924089,2.000000,9370
3.110685,0.000000,0.059848,6.447288,12.315035,12.021826,2.000000,9380
3.110685,0.000000,0.029924,6.563194,11.590624,11.914024,2.000000,9390
3.110685,0.000000,0.014962,6.679100,11.590624,11.833174,2.000000,9400
3.110685,0.000000,0.007481,6.795006,11.590624,11.772535,2.000000,9410
3.112219,0.000000,0.080440,6.918157,12.315035,11.908159,2.000000,9420
3.112219,0.000000,0.040220,7.034063,11.590624,11.828775,2.000000,9430
3.112219,0.000000,0.020110,7.149969,11.590624,11.769238,2.000000,9440
3.113753,0.000000,0.086754,7.265876,11.590672,11.724596,2.000000,9450
3.113753,0.000000,0.043377,7.381782,11.590624,11.691103,2.000000,9460
3.115287,0.000000,0.098388,7.497688,11.590624,11.665983,2.000000,9470
3.115287,0.000000,0.049194,7.613595,11.590624,11.647142,2.000000,9480
3.116821,0.000000,0.101296,7.729501,11.590624,11.633013,2.000000,9490
3.116821,0.000000,0.050648,7.845407,11.590624,11.622416,2.000000,9500
3.118355,0.000000,0.102023,7.954069,10.866213,11.433365,2.000000,9510
3.118355,0.000000,0.051012,8.069976,11.590672,11.472692,2.000000,9520
3.119889,0.000000,0.102205,8.178638,10.866165,11.321060,2.000000,9530
3.119889,0.000000,0.051103,8.294544,11.590672,11.388463,2.000000,9540
3.121423,0.000000,0.102251,8.403206,10.866165,11.257889,2.000000,9550
3.121423,0.000000,0.051125,8.511868,10.866261,11.159982,2.000000,9560
3.122957,0.000000,0.102262,8.627774,11.590576,11.267631,2.000000,9570
3.122957,0.000000,0.051131,8.743681,11.590672,11.348391,2.000000,9580
3.122957,0.000000,0.025565,8.852343,10.866165,11.227835,2.000000,9590
3.122957,0.000000,0.012783,8.968249,11.590672,11.318543,2.000000,9600
3.124491,0.000000,0.083091,9.084155,11.590576,11.386552,2.000000,9610
3.124491,0.000000,0.041545,9.200062,11.590672,11.437582,2.000000,9620
3.126025,0.000000,0.097472,9.308724,10.866261,11.294751,2.000000,9630
3.126025,0.000000,0.048736,9.424630,11.590576,11.368708,2.000000,9640
3.127559,0.000000,0.101067,9.540537,11.590672,11.424199,2.000000,9650
3.127559,0.000000,0.050534,9.656443,11.590576,11.465794,2.000000,9660
3.127559,0.000000,0.025267,9.772349,11.590672,11.497013,2.000000,9670
3.129093,0.000000,0.089333,9.888255,11.590576,11.520404,2.000000,9680
3.130627,0.000000,0.121366,10.004162,11.590672,11.537971,2.000000,9690
3.130627,0.000000,0.060683,10.127312,12.314987,11.732224,2.000000,9700
3.132161,0.000000,0.107041,10.243218,11.590672,11.696836,2.000000,9710
3.132161,0.000000,0.053520,10.359125,11.590672,11.670295,2.000000,9720
3.132161,0.000000,0.026760,10.482275,12.314987,11.831468,2.000000,9730
3.132161,0.000000,0.013380,10.598182,11.590672,11.771269,2.000000,9740
3.132161,0.000000,0.006690,10.721332,12.314987,11.907198,2.000000,9750
3.132161,0.000000,0.003345,10.837238,11.590672,11.828067,2.000000,9760
3.132161,0.000000,0.001673,10.953144,11.590576,11.768694,2.000000,9770
3.132161,0.000000,0.000836,11.069051,11.590672,11.724189,2.000000,9780
3.133695,0.000000,0.077117,11.184958,11.590672,11.690809,2.000000,9790
3.133695,0.000000,0.038559,11.300863,11.590576,11.665751,2.000000,9800
3.133695,0.000000,0.019279,11.416770,11.590672,11.646981,2.000000,9810
3.132161,0.000000,-0.067060,11.539920,12.314987,11.813983,2.000000,9820
3.132161,0.000000,-0.033530,11.648582,10.866261,11.577052,2.000000,9830
3.132161,0.000000,-0.016765,11.764488,11.590576,11.580433,2.000000,9840
3.132161,0.000000,-0.008382,11.880395,11.590672,11.582993,2.000000,9850
3.132161,0.000000,-0.004191,11.996301,11.590576,11.584888,2.000000,9860
3.132161,0.000000,-0.002096,12.112207,11.590672,11.586334,2.000000,9870
3.132161,0.000000,-0.001048,12.220869,10.866165,11.406292,2.000000,9880
3.130627,0.000000,-0.077223,12.336776,11.590672,11.452387,2.000000,9890
3.130627,0.000000,-0.038612,12.445438,10.866261,11.305856,2.000000,9900
3.130627,0.000000,-0.019306,12.561344,11.590576,11.377036,2.000000,9910
3.130627,0.000000,-0.009653,12.677251,11.590672,11.430445,2.000000,9920
3.130627,0.000000,-0.004826,12.785913,10.866165,11.289375,2.000000,9930
3.130627,0.000000,-0.002413,12.901819,11.590672,11.364699,2.000000,9940
3.130627,0.000000,-0.001207,13.010481,10.866165,11.240066,2.000000,9950
3.130627,0.000000,-0.000603,13.126388,11.590672,11.327717,2.000000,9960
3.130627,0.000000,-0.000302,13.235049,10.866165,11.212329,2.000000,9970
3.129093,0.000000,-0.076850,13.350956,11.590672,11.306914,2.000000,9980
3.129093,0.000000,-0.038425,13.466862,11.590576,11.377830,2.000000,9990
3.129093,0.000000,-0.019213,13.582768,11.590672,11.431040,2.000000,10000
3.129093,0.000000,-0.009606,13.691431,10.866261,11.289845,2.000000,10010
3.129093,0.000000,-0.004803,13.807337,11.590576,11.365028,2.000000,10020
3.130627,0.000000,0.074298,13.923244,11.590672,11.421439,2.000000,10030
3.130627,0.000000,0.037149,14.039149,11.590576,11.463723,2.000000,10040
3.130627,0.000000,0.018574,14.155056,11.590672,11.495461,2.000000,10050
3.130627,0.000000,0.009287,14.270962,11.590576,11.519239,2.000000,10060
3.130627,0.000000,0.004644,14.394113,12.315083,11.718200,2.000000,10070
3.130627,0.000000,0.002322,14.510018,11.590576,11.686294,2.000000,10080
3.132161,0.000000,0.077860,14.625925,11.590672,11.662388,2.000000,10090
3.132161,0.000000,0.038930,14.741832,11.590672,11.644459,2.000000,10100
3.132161,0.000000,0.019465,14.864982,12.314987,11.812091,2.000000,10110
3.132161,0.000000,0.009733,14.980888,11.590672,11.756736,2.000000,10120
3.132161,0.000000,0.004866,15.096794,11.590576,11.715196,2.000000,10130
3.132161,0.000000,0.002433,15.212701,11.590672,11.684065,2.000000,10140
3.132161,0.000000,0.001217,15.335851,12.314987,11.841795,2.000000,10150
3.132161,0.000000,0.000608,15.451757,11.590672,11.779014,2.000000,10160
3.132161,0.000000,0.000304,15.567664,11.590672,11.731928,2.000000,10170
3.132161,0.000000,0.000152,15.690814,12.314987,11.877693,2.000000,10180
3.132161,0.000000,0.000076,15.806721,11.590672,11.805938,2.000000,10190
3.132161,0.000000,0.000038,15.922626,11.590576,11.752097,2.000000,10200
3.132161,0.000000,0.000019,16.038532,11.590576,11.711717,2.000000,10210
3.132161,0.000000,0.000010,16.161684,12.315178,11.862582,2.000000,10220
3.132161,0.000000,0.000005,16.277590,11.590576,11.794580,2.000000,10230
3.132161,0.000000,0.000002,16.393496,11.590576,11.743580,2.000000,10240
3.132161,0.000000,0.000001,16.509403,11.590767,11.705377,2.000000,10250
3.130627,0.000000,-0.076699,16.625309,11.590576,11.676677,2.000000,10260
3.132161,0.000000,0.038350,16.741215,11.590576,11.655151,2.000000,10270
3.132161,0.000000,0.019175,16.857121,11.590576,11.639008,2.000000,10280
3.130627,0.000000,-0.067112,16.973028,11.590767,11.626947,2.000000,10290
3.130627,0.000000,-0.033556,17.088934,11.590576,11.617855,2.000000,10300
3.130627,0.000000,-0.016778,17.197596,10.866165,11.429933,2.000000,10310
3.130627,0.000000,-0.008389,17.313501,11.590576,11.470094,2.000000,10320
3.130627,0.000000,-0.004194,17.422165,10.866356,11.319160,2.000000,10330
3.130627,0.000000,-0.002097,17.538071,11.590576,11.387013,2.000000,10340
3.130627,0.000000,-0.001049,17.646732,10.866165,11.256802,2.000000,10350
3.130627,0.000000,-0.000524,17.755394,10.866165,11.159142,2.000000,10360
3.130627,0.000000,-0.000262,17.871302,11.590767,11.267049,2.000000,10370
3.129093,0.000000,-0.076830,17.979963,10.866165,11.166828,2.000000,10380
3.129093,0.000000,-0.038415,18.095869,11.590576,11.272765,2.000000,10390
3.129093,0.000000,-0.019208,18.211777,11.590767,11.352265,2.000000,10400
3.129093,0.000000,-0.009604,18.327682,11.590576,11.411843,2.000000,10410
3.129093,0.000000,-0.004802,18.443588,11.590576,11.456527,2.000000,10420
3.129093,0.000000,-0.002401,18.559494,11.590576,11.490039,2.000000,10430
3.130627,0.000000,0.075499,18.675402,11.590767,11.515221,2.000000,10440
3.130627,0.000000,0.037749,18.784063,10.866165,11.352957,2.000000,10450
3.130627,0.000000,0.018875,18.907213,12.314987,11.593464,2.000000,10460
3.130627,0.000000,0.009437,19.023121,11.590767,11.592790,2.000000,10470
3.132161,0.000000,0.081418,19.139027,11.590576,11.592237,2.000000,10480
3.132161,0.000000,0.040709,19.254932,11.590576,11.591822,2.000000,10490
3.132161,0.000000,0.020354,19.378082,12.314987,11.772614,2.000000,10500
3.132161,0.000000,0.010177,19.493990,11.590767,11.727152,2.000000,10510
3.132161,0.000000,0.005089,19.617140,12.314987,11.874111,2.000000,10520
3.132161,0.000000,0.002544,19.733046,11.590576,11.803227,2.000000,10530
3.132161,0.000000,0.001272,19.856197,12.315178,11.931215,2.000000,10540
3.132161,0.000000,0.000636,19.972103,11.590576,11.846056,2.000000,10550
3.132161,0.000000,0.000318,20.088009,11.590576,11.782187,2.000000,10560
3.132161,0.000000,0.000159,20.211159,12.314987,11.915386,2.000000,10570
3.133695,0.000000,0.076779,20.327066,11.590767,11.834231,2.000000,10580
3.133695,0.000000,0.038389,20.450216,12.314987,11.954420,2.000000,10590
3.133695,0.000000,0.019195,20.566122,11.590576,11.863459,2.000000,10600
3.133695,0.000000,0.009597,20.689274,12.315178,11.976389,2.000000,10610
3.133695,0.000000,0.004799,20.812424,12.314987,12.061039,2.000000,10620
3.132161,0.000000,-0.074300,20.928329,11.590576,11.943423,2.000000,10630
3.132161,0.000000,-0.037150,21.051479,12.314987,12.036314,2.000000,10640
3.133695,0.000000,0.058124,21.167387,11.590767,11.924927,2.000000,10650
3.132161,0.000000,-0.047637,21.290537,12.314987,12.022442,2.000000,10660
3.132161,0.000000,-0.023819,21.406443,11.590576,11.914475,2.000000,10670
3.132161,0.000000,-0.011909,21.522348,11.590576,11.833501,2.000000,10680
3.132161,0.000000,-0.005955,21.638256,11.590767,11.772818,2.000000,10690
3.130627,0.000000,-0.079677,21.754162,11.590576,11.727257,2.000000,10700
3.130627,0.000000,-0.039838,21.870068,11.590576,11.693087,2.000000,10710
3.130627,0.000000,-0.019919,21.978731,10.866356,11.486404,2.000000,10720
3.130627,0.000000,-0.009960,22.094637,11.590576,11.512447,2.000000,10730
3.130627,0.000000,-0.004980,22.210543,11.590576,11.531980,2.000000,10740
3.130627,0.000000,-0.002490,22.319204,10.866165,11.365526,2.000000,10750
3.130627,0.000000,-0.001245,22.435112,11.590767,11.421837,2.000000,10760
3.129093,0.000000,-0.077322,22.543774,10.866165,11.282919,2.000000,10770
3.129093,0.000000,-0.038661,22.659679,11.590576,11.359833,2.000000,10780
3.127559,0.000000,-0.096030,22.775585,11.590576,11.417519,2.000000,10790
3.127559,0.000000,-0.048015,22.884249,10.866356,11.279728,2.000000,10800
3.129093,0.000000,0.052692,22.992910,10.866165,11.176337,2.000000,10810
3.129093,0.000000,0.026346,23.108816,11.590576,11.279897,2.000000,10820
3.129093,0.000000,0.013173,23.224724,11.590767,11.357615,2.000000,10830
3.129093,0.000000,0.006586,23.333385,10.866165,11.234753,2.000000,10840
3.129093,0.000000,0.003293,23.449291,11.590576,11.323709,2.000000,10850
3.129093,0.000000,0.001647,23.565197,11.590576,11.390426,2.000000,10860
3.129093,0.000000,0.000823,23.681105,11.590767,11.440511,2.000000,10870
3.130627,0.000000,0.077111,23.797010,11.590576,11.478027,2.000000,10880
3.130627,0.000000,0.038555,23.912916,11.590576,11.506165,2.000000,10890
3.130627,0.000000,0.019278,24.028822,11.590576,11.527267,2.000000,10900
3.130627,0.000000,0.009639,24.151974,12.315178,11.724245,2.000000,10910
3.130627,0.000000,0.004819,24.267879,11.590576,11.690828,2.000000,10920
3.130627,0.000000,0.002410,24.383785,11.590576,11.665766,2.000000,10930
3.130627,0.000000,0.001205,24.499693,11.590767,11.647017,2.000000,10940
3.130627,0.000000,0.000602,24.622843,12.314987,11.814009,2.000000,10950
3.130627,0.000000,0.000301,24.738749,11.590576,11.758150,2.000000,10960
3.132161,0.000000,0.076850,24.854654,11.590576,11.716257,2.000000,10970
3.132161,0.000000,0.038425,24.970562,11.590767,11.684885,2.000000,10980
3.132161,0.000000,0.019212,25.086468,11.590576,11.661308,2.000000,10990
3.132161,0.000000,0.009606,25.209618,12.314987,11.824728,2.000000,11000
3.132161,0.000000,0.004803,25.325525,11.590767,11.766237,2.000000,11010
3.130627,0.000000,-0.074298,25.448675,12.314987,11.903425,2.000000,11020
3.130627,0.000000,-0.037149,25.557337,10.866165,11.644110,2.000000,11030
3.130627,0.000000,-0.018574,25.673243,11.590576,11.630726,2.000000,11040
3.132161,0.000000,0.067412,25.789150,11.590767,11.620736,2.000000,11050
3.130627,0.000000,-0.042993,25.912300,12.314987,11.794299,2.000000,11060
3.130627,0.000000,-0.021497,26.020962,10.866165,11.562265,2.000000,11070
3.130627,0.000000,-0.010748,26.136869,11.590767,11.569391,2.000000,11080
3.130627,0.000000,-0.005374,26.252775,11.590576,11.574688,2.000000,11090
3.130627,0.000000,-0.002687,26.368681,11.590576,11.578660,2.000000,11100
3.130627,0.000000,-0.001344,26.477343,10.866165,11.400537,2.000000,11110
3.130627,0.000000,-0.000672,26.586006,10.866356,11.266992,2.000000,11120
3.129093,0.000000,-0.077035,26.701912,11.590576,11.347888,2.000000,11130
3.129093,0.000000,-0.038518,26.817818,11.590576,11.408560,2.000000,11140
3.129093,0.000000,-0.019259,26.926479,10.866165,11.272961,2.000000,11150
3.130627,0.000000,0.067070,27.042387,11.590767,11.352412,2.000000,11160
3.129093,0.000000,-0.043164,27.158293,11.590576,11.411953,2.000000,11170
3.129093,0.000000,-0.021582,27.266954,10.866165,11.275506,2.000000,11180
3.129093,0.000000,-0.010791,27.382862,11.590767,11.354321,2.000000,11190
3.127559,0.000000,-0.082095,27.498768,11.590576,11.413385,2.000000,11200
3.127559,0.000000,-0.041047,27.607430,10.866165,11.276581,2.000000,11210
3.129093,0.000000,0.056176,27.723335,11.590576,11.355080,2.000000,11220
3.129093,0.000000,0.028088,27.831999,10.866356,11.232899,2.000000,11230
3.129093,0.000000,0.014044,27.947905,11.590576,11.322318,2.000000,11240
3.129093,0.000000,0.007022,28.056566,10.866165,11.208280,2.000000,11250
3.129093,0.000000,0.003511,28.172472,11.590576,11.303854,2.000000,11260
3.129093,0.000000,0.001755,28.288380,11.590767,11.375582,2.000000,11270
3.129093,0.000000,0.000878,28.404285,11.590576,11.429331,2.000000,11280
3.130627,0.000000,0.077138,28.512947,10.866165,11.288540,2.000000,11290
3.130627,0.000000,0.038569,28.628855,11.590767,11.364097,2.000000,11300
3.130627,0.000000,0.019285,28.744761,11.590576,11.420716,2.000000,11310
3.130627,0.000000,0.009642,28.867910,12.314987,11.644284,2.000000,11320
3.130627,0.000000,0.004821,28.983816,11.590576,11.630857,2.000000,11330
3.130627,0.000000,0.002411,29.092480,10.866356,11.439732,2.000000,11340
3.130627,0.000000,0.001205,29.208385,11.590576,11.477443,2.000000,11350
3.130627,0.000000,0.000603,29.331535,12.314987,11.686829,2.000000,11360
3.130627,0.000000,0.000301,29.447441,11.590576,11.662766,2.000000,11370
3.132161,0.000000,0.076850,29.563349,11.590767,11.644766,2.000000,11380
3.132161,0.000000,0.038425,29.679255,11.590576,11.631218,2.000000,11390
3.132161,0.000000,0.019212,29.802404,12.314987,11.802160,2.000000,11400
3.132161,0.000000,0.009606,29.918312,11.590767,11.749311,2.000000,11410
3.132161,0.000000,0.004803,30.041462,12.314987,11.890730,2.000000,11420
3.132161,0.000000,0.002402,30.157368,11.590576,11.815691,2.000000,11430
3.132161,0.000000,0.001201,30.273273,11.590576,11.759413,2.000000,11440
3.132161,0.000000,0.000600,30.396425,12.315178,11.898354,2.000000,11450
3.132161,0.000000,0.000300,30.512331,11.590576,11.821409,2.000000,11460
3.132161,0.000000,0.000150,30.628237,11.590576,11.763700,2.000000,11470
3.132161,0.000000,0.000075,30.744144,11.590767,11.720467,2.000000,11480
3.132161,0.000000,0.000038,30.860050,11.590576,11.687994,2.000000,11490
3.130627,0.000000,-0.076680,30.975956,11.590576,11.663639,2.000000,11500
3.130627,0.000000,-0.038340,31.091862,11.590576,11.645373,2.000000,11510
3.130627,0.000000,-0.019170,31.207769,11.590767,11.631721,2.000000,11520
3.130627,0.000000,-0.009585,31.309187,10.141754,11.259230,0.000000,11530
3.129093,0.000000,-0.081492,31.388872,7.968521,10.436552,0.000000,11540
3.124491,-0.460196,-0.270844,31.439581,5.070877,9.095133,0.000000,11550
3.121423,-0.306797,-0.288820,31.475801,3.622055,7.726863,0.000000,11560
3.115287,-0.613594,-0.451207,31.490290,1.448822,6.157353,0.000000,11570
3.110685,-0.460196,-0.455701,31.504778,1.448822,4.980220,0.000000,11580
3.106083,-0.460196,-0.457948,31.504778,0.000000,3.735165,0.000000,11590
3.101481,-0.460196,-0.459072,31.504778,0.000000,2.801374,0.000000,11600
3.095345,-0.613594,-0.536333,31.504778,0.000000,2.101030,0.000000,11610
3.092277,-0.306797,-0.421565,31.504778,0.000000,1.575773,0.000000,11620
3.087675,-0.460196,-0.440880,31.504778,0.000000,1.181830,0.000000,11630
3.084607,-0.306797,-0.373839,31.504778,0.000000,0.886372,0.000000,11640
3.081539,-0.306797,-0.340318,31.504778,0.000000,0.664779,0.000000,11650
3.078471,-0.306797,-0.323557,31.504778,0.000000,0.498584,0.000000,11660
3.075403,-0.306797,-0.315177,31.504778,0.000000,0.373938,0.000000,11670
3.073869,0.000000,-0.234288,31.504778,0.000000,0.280454,0.000000,11680
3.072335,0.000000,-0.193843,31.504778,0.000000,0.210340,0.000000,11690
3.072335,0.000000,-0.096922,31.504778,0.000000,0.157755,0.000000,11700
3.072335,0.000000,-0.048461,31.504778,0.000000,0.118316,0.000000,11710
3.072335,0.000000,-0.024230,31.504778,0.000000,0.088737,0.000000,11720
3.072335,0.000000,-0.012115,31.504778,0.000000,0.066553,0.000000,11730
3.073869,0.000000,0.070642,31.504778,0.000000,0.049915,0.000000,11740
3.075403,0.000000,0.112020,31.504778,0.000000,0.037436,0.000000,11750
3.076937,0.000000,0.132709,31.504778,0.000000,0.028077,0.000000,11760
3.078471,0.000000,0.143054,31.504778,0.000000,0.021058,0.000000,11770
3.080005,0.000000,0.148226,31.504778,0.000000,0.015793,0.000000,11780
3.081539,0.000000,0.150812,31.504778,0.000000,0.011845,0.000000,11790
3.084607,0.306797,0.228805,31.504778,0.000000,0.008884,0.000000,11800
3.087675,0.306797,0.267801,31.504778,0.000000,0.006663,0.000000,11810
3.090743,0.306797,0.287299,31.504778,0.000000,0.004997,0.000000,11820
3.093811,0.306797,0.297048,31.504778,0.000000,0.003748,0.000000,11830
3.096879,0.306797,0.301923,31.504778,0.000000,0.002811,0.000000,11840
3.099947,0.306797,0.304360,31.504778,0.000000,0.002108,0.000000,11850
3.103015,0.306797,0.305578,31.504778,0.000000,0.001581,0.000000,11860
3.106083,0.306797,0.306188,31.504778,0.000000,0.001186,0.000000,11870
3.110685,0.460196,0.383192,31.504778,0.000000,0.000889,0.000000,11880
3.113753,0.306797,0.344994,31.504778,0.000000,0.000667,0.000000,11890
3.116821,0.306797,0.325896,31.504778,0.000000,0.000500,0.000000,11900
3.119889,0.306797,0.316346,31.504778,0.000000,0.000375,0.000000,11910
3.124491,0.460196,0.388271,31.504778,0.000000,0.000281,0.000000,11920
3.127559,0.306797,0.347534,31.504778,0.000000,0.000211,0.000000,11930
3.130627,0.306797,0.327166,31.504778,0.000000,0.000158,0.000000,11940
3.133695,0.306797,0.316981,31.504778,0.000000,0.000119,0.000000,11950
3.136763,0.306797,0.311889,31.504778,0.000000,0.000089,0.000000,11960
3.139831,0.306797,0.309343,31.504778,0.000000,0.000067,0.000000,11970
3.142899,0.306797,0.308070,31.504778,0.000000,0.000050,0.000000,11980
3.145967,0.306797,0.307434,31.504778,0.000000,0.000038,0.000000,11990
3.147501,0.000000,0.230416,31.504778,0.000000,0.000028,0.000000,12000
3.149035,0.000000,0.191907,31.504778,0.000000,0.000021,0.000000,12010
3.152102,0.306797,0.249352,31.504778,0.000000,0.000016,0.000000,12020
3.153636,0.000000,0.201375,31.504778,0.000000,0.000012,0.000000,12030
3.155170,0.000000,0.177387,31.504778,0.000000,0.000009,0.000000,12040
3.156704,0.000000,0.165393,31.504778,0.000000,0.000007,0.000000,12050
3.156704,0.000000,0.082696,31.504778,0.000000,0.000005,0.000000,12060
3.158238,0.000000,0.118047,31.504778,0.000000,0.000004,0.000000,12070
3.158238,0.000000,0.059024,31.504778,0.000000,0.000003,0.000000,12080
3.158238,0.000000,0.029512,31.504778,0.000000,0.000002,0.000000,12090
3.158238,0.000000,0.014756,31.504778,0.000000,0.000002,0.000000,12100
3.158238,0.000000,0.007378,31.504778,0.000000,0.000001,0.000000,12110
3.158238,0.000000,0.003689,31.504778,0.000000,0.000001,0.000000,12120
3.156704,0.000000,-0.074855,31.504778,0.000000,0.000001,0.000000,12130
3.156704,0.000000,-0.037427,31.504778,0.000000,0.000001,0.000000,12140
3.156704,0.000000,-0.018714,31.504778,0.000000,0.000000,0.000000,12150
3.155170,0.000000,-0.086056,31.504778,0.000000,0.000000,0.000000,12160
3.155170,0.000000,-0.043028,31.504778,0.000000,0.000000,0.000000,12170
3.153636,0.000000,-0.098213,31.504778,0.000000,0.000000,0.000000,12180
3.152102,0.000000,-0.125806,31.504778,0.000000,0.000000,0.000000,12190
3.152102,0.000000,-0.062903,31.504778,0.000000,0.000000,0.000000,12200
3.150568,0.000000,-0.108151,31.504778,0.000000,0.000000,0.000000,12210
3.149035,0.000000,-0.130775,31.504778,0.000000,0.000000,0.000000,12220
3.147501,0.000000,-0.142087,31.504778,0.000000,0.000000,0.000000,12230
3.145967,0.000000,-0.147743,31.504778,0.000000,0.000000,0.000000,12240
3.145967,0.000000,-0.073871,31.504778,0.000000,0.000000,0.000000,12250
3.144433,0.000000,-0.113635,31.504778,0.000000,0.000000,0.000000,12260
3.142899,0.000000,-0.133517,31.504778,0.000000,0.000000,0.000000,12270
3.141365,0.000000,-0.143458,31.504778,0.000000,0.000000,0.000000,12280
3.139831,0.000000,-0.148428,31.504778,0.000000,0.000000,0.000000,12290
3.139831,0.000000,-0.074214,31.504778,0.000000,0.000000,0.000000,12300
3.138297,0.000000,-0.113806,31.504778,0.000000,0.000000,0.000000,12310
3.136763,0.000000,-0.133602,31.504778,0.000000,0.000000,0.000000,12320
3.136763,0.000000,-0.066801,31.504778,0.000000,0.000000,0.000000,12330
3.135229,0.000000,-0.110100,31.504778,0.000000,0.000000,0.000000,12340
3.135229,0.000000,-0.055050,31.504778,0.000000,0.000000,0.000000,12350
3.133695,0.000000,-0.104224,31.504778,0.000000,0.000000,0.000000,12360
3.132161,0.000000,-0.128811,31.504778,0.000000,0.000000,0.000000,12370
3.132161,0.000000,-0.064406,31.504778,0.000000,0.000000,0.000000,12380
3.130627,0.000000,-0.108902,31.504778,0.000000,0.000000,0.000000,12390
3.130627,0.000000,-0.054451,31.504778,0.000000,0.000000,0.000000,12400
3.130627,0.000000,-0.027226,31.504778,0.000000,0.000000,0.000000,12410
3.129093,0.000000,-0.090312,31.504778,0.000000,0.000000,0.000000,12420
3.129093,0.000000,-0.045156,31.504778,0.000000,0.000000,0.000000,12430
3.129093,0.000000,-0.022578,31.504778,0.000000,0.000000,0.000000,12440
3.129093,0.000000,-0.011289,31.504778,0.000000,0.000000,0.000000,12450
3.129093,0.000000,-0.005645,31.504778,0.000000,0.000000,0.000000,12460
3.129093,0.000000,-0.002822,31.504778,0.000000,0.000000,0.000000,12470
3.129093,0.000000,-0.001411,31.504778,0.000000,0.000000,0.000000,12480
3.129093,0.000000,-0.000706,31.504778,0.000000,0.000000,0.000000,12490
3.129093,0.000000,-0.000353,31.504778,0.000000,0.000000,0.000000,12500
3.129093,0.000000,-0.000176,31.504778,0.000000,0.000000,0.000000,12510
3.129093,0.000000,-0.000088,31.504778,0.000000,0.000000,0.000000,12520
3.129093,0.000000,-0.000044,31.504778,0.000000,0.000000,0.000000,12530
3.129093,0.000000,-0.000022,31.504778,0.000000,0.000000,0.000000,12540
3.129093,0.000000,-0.000011,31.504778,0.000000,0.000000,0.000000,12550
3.129093,0.000000,-0.000006,31.504778,0.000000,0.000000,0.000000,12560
3.129093,0.000000,-0.000003,31.504778,0.000000,0.000000,0.000000,12570
3.129093,0.000000,-0.000001,31.504778,0.000000,0.000000,0.000000,12580
3.129093,0.000000,-0.000001,31.504778,0.000000,0.000000,0.000000,12590
3.129093,0.000000,-0.000000,31.504778,0.000000,0.000000,0.000000,12600
3.129093,0.000000,-0.000000,31.504778,0.000000,0.000000,0.000000,12610
3.129093,0.000000,-0.000000,31.504778,0.000000,0.000000,0.000000,12620
3.129093,0.000000,-0.000000,31.504778,0.000000,0.000000,0.000000,12630
3.129093,0.000000,-0.000000,31.504778,0.000000,0.000000,0.000000,12640
3.129093,0.000000,-0.000000,31.504778,0.000000,0.000000,0.000000,12650
3.129093,0.000000,-0.000000,31.504778,0.000000,0.000000,0.000000,12660
3.129093,0.000000,-0.000000,31.504778,0.000000,0.000000,0.000000,12670
3.129093,0.000000,-0.000000,31.504778,0.000000,0.000000,0.000000,12680
3.129093,0.000000,-0.000000,31.504778,0.000000,0.000000,0.000000,12690
3.129093,0.000000,-0.000000,31.504778,0.000000,0.000000,0.000000,12700
3.129093,0.000000,-0.000000,31.504778,0.000000,0.000000,0.000000,12710
3.129093,0.000000,-0.000000,31.504778,0.000000,0.000000,0.000000,12720
3.129093,0.000000,-0.000000,31.504778,0.000000,0.000000,0.000000,12730
3.129093,0.000000,-0.000000,31.504778,0.000000,0.000000,0.000000,12740
3.129093,0.000000,-0.000000,31.504778,0.000000,0.000000,0.000000,12750
3.129093,0.000000,-0.000000,31.504778,0.000000,0.000000,0.000000,12760
3.129093,0.000000,-0.000000,31.504778,0.000000,0.000000,0.000000,12770
3.129093,0.000000,-0.000000,31.504778,0.000000,0.000000,0.000000,12780
3.129093,0.000000,-0.000000,31.504778,0.000000,0.000000,0.000000,12790
3.129093,0.000000,-0.000000,31.504778,0.000000,0.000000,0.000000,12800
3.129093,0.000000,-0.000000,31.504778,0.000000,0.000000,0.000000,12810
3.129093,0.000000,-0.000000,31.504778,0.000000,0.000000,0.000000,12820
3.129093,0.000000,-0.000000,31.504778,0.000000,0.000000,0.000000,12830
3.129093,0.000000,-0.000000,31.504778,0.000000,0.000000,0.000000,12840
3.129093,0.000000,-0.000000,31.504778,0.000000,0.000000,0.000000,12850
3.129093,0.000000,-0.000000,31.504778,0.000000,0.000000,0.000000,12860
3.129093,0.000000,-0.000000,31.504778,0.000000,0.000000,0.000000,12870
3.129093,0.000000,-0.000000,31.504778,0.000000,0.000000,0.000000,12880
3.129093,0.000000,-0.000000,31.504778,0.000000,0.000000,0.000000,12890
3.129093,0.000000,-0.000000,31.504778,0.000000,0.000000,0.000000,12900
3.129093,0.000000,-0.000000,31.504778,0.000000,0.000000,0.000000,12910
3.129093,0.000000,-0.000000,31.504778,0.000000,0.000000,0.000000,12920
3.129093,0.000000,-0.000000,31.504778,0.000000,0.000000,0.000000,12930
3.129093,0.000000,-0.000000,31.504778,0.000000,0.000000,0.000000,12940
3.129093,0.000000,-0.000000,31.504778,0.000000,0.000000,0.000000,12950
3.129093,0.000000,-0.000000,31.504778,0.000000,0.000000,0.000000,12960
3.129093,0.000000,-0.000000,31.504778,0.000000,0.000000,0.000000,12970
3.129093,0.000000,-0.000000,31.504778,0.000000,0.000000,0.000000,12980
3.130627,0.000000,0.076699,31.504778,0.000000,0.000000,0.000000,12990
3.129093,0.000000,-0.038350,31.504778,0.000000,0.000000,0.000000,13000
3.129093,0.000000,-0.019175,31.504778,0.000000,0.000000,0.000000,13010
3.129093,0.000000,-0.009587,31.504778,0.000000,0.000000,0.000000,13020
3.130627,0.000000,0.071906,31.504778,0.000000,0.000000,0.000000,13030
3.129093,0.000000,-0.040746,31.504778,0.000000,0.000000,0.000000,13040
3.129093,0.000000,-0.020373,31.504778,0.000000,0.000000,0.000000,13050
3.129093,0.000000,-0.010187,31.504778,0.000000,0.000000,0.000000,13060
3.129093,0.000000,-0.005093,31.504778,0.000000,0.000000,0.000000,13070
3.129093,0.000000,-0.002547,31.504778,0.000000,0.000000,0.000000,13080
3.129093,0.000000,-0.001273,31.504778,0.000000,0.000000,0.000000,13090
3.129093,0.000000,-0.000637,31.504778,0.000000,0.000000,0.000000,13100
3.129093,0.000000,-0.000318,31.504778,0.000000,0.000000,0.000000,13110
3.129093,0.000000,-0.000159,31.504778,0.000000,0.000000,0.000000,13120
3.129093,0.000000,-0.000080,31.504778,0.000000,0.000000,0.000000,13130
3.129093,0.000000,-0.000040,31.504778,0.000000,0.000000,0.000000,13140
3.129093,0.000000,-0.000020,31.504778,0.000000,0.000000,0.000000,13150
3.129093,0.000000,-0.000010,31.504778,0.000000,0.000000,0.000000,13160
3.129093,0.000000,-0.000005,31.504778,0.000000,0.000000,0.000000,13170
3.129093,0.000000,-0.000002,31.504778,0.000000,0.000000,0.000000,13180
3.129093,0.000000,-0.000001,31.504778,0.000000,0.000000,0.000000,13190
3.130627,0.000000,0.076699,31.504778,0.000000,0.000000,0.000000,13200
3.129093,0.000000,-0.038350,31.504778,0.000000,0.000000,0.000000,13210
3.129093,0.000000,-0.019175,31.504778,0.000000,0.000000,0.000000,13220
3.129093,0.000000,-0.009587,31.504778,0.000000,0.000000,0.000000,13230
3.129093,0.000000,-0.004794,31.504778,0.000000,0.000000,0.000000,13240
3.129093,0.000000,-0.002397,31.504778,0.000000,0.000000,0.000000,13250
3.129093,0.000000,-0.001198,31.504778,0.000000,0.000000,0.000000,13260
3.129093,0.000000,-0.000599,31.504778,0.000000,0.000000,0.000000,13270
3.129093,0.000000,-0.000300,31.504778,0.000000,0.000000,0.000000,13280
3.129093,0.000000,-0.000150,31.504778,0.000000,0.000000,0.000000,13290
3.129093,0.000000,-0.000075,31.504778,0.000000,0.000000,0.000000,13300
3.129093,0.000000,-0.000037,31.504778,0.000000,0.000000,0.000000,13310
3.129093,0.000000,-0.000019,31.504778,0.000000,0.000000,0.000000,13320
3.129093,0.000000,-0.000009,31.504778,0.000000,0.000000,0.000000,13330
3.130627,0.000000,0.076695,31.504778,0.000000,0.000000,0.000000,13340
3.129093,0.000000,-0.038352,31.504778,0.000000,0.000000,0.000000,13350
3.129093,0.000000,-0.019176,31.504778,0.000000,0.000000,0.000000,13360
3.129093,0.000000,-0.009588,31.504778,0.000000,0.000000,0.000000,13370
3.129093,0.000000,-0.004794,31.504778,0.000000,0.000000,0.000000,13380
3.129093,0.000000,-0.002397,31.504778,0.000000,0.000000,0.000000,13390
3.129093,0.000000,-0.001198,31.504778,0.000000,0.000000,0.000000,13400
3.129093,0.000000,-0.000599,31.504778,0.000000,0.000000,0.000000,13410
3.129093,0.000000,-0.000300,31.504778,0.000000,0.000000,0.000000,13420
3.129093,0.000000,-0.000150,31.504778,0.000000,0.000000,0.000000,13430
3.129093,0.000000,-0.000075,31.504778,0.000000,0.000000,0.000000,13440
3.130627,0.000000,0.076662,31.504778,0.000000,0.000000,0.000000,13450
3.129093,0.000000,-0.038368,31.504778,0.000000,0.000000,0.000000,13460
3.129093,0.000000,-0.019184,31.504778,0.000000,0.000000,0.000000,13470
3.129093,0.000000,-0.009592,31.504778,0.000000,0.000000,0.000000,13480
3.129093,0.000000,-0.004796,31.504778,0.000000,0.000000,0.000000,13490
3.129093,0.000000,-0.002398,31.504778,0.000000,0.000000,0.000000,13500
3.129093,0.000000,-0.001199,31.504778,0.000000,0.000000,0.000000,13510
3.129093,0.000000,-0.000600,31.504778,0.000000,0.000000,0.000000,13520
3.129093,0.000000,-0.000300,31.504778,0.000000,0.000000,0.000000,13530
3.129093,0.000000,-0.000150,31.504778,0.000000,0.000000,0.000000,13540
3.129093,0.000000,-0.000075,31.504778,0.000000,0.000000,0.000000,13550
3.130627,0.000000,0.076662,31.504778,0.000000,0.000000,0.000000,13560
3.129093,0.000000,-0.038368,31.504778,0.000000,0.000000,0.000000,13570
3.129093,0.000000,-0.019184,31.504778,0.000000,0.000000,0.000000,13580
3.129093,0.000000,-0.009592,31.504778,0.000000,0.000000,0.000000,13590
3.129093,0.000000,-0.004796,31.504778,0.000000,0.000000,0.000000,13600
3.129093,0.000000,-0.002398,31.504778,0.000000,0.000000,0.000000,13610
3.129093,0.000000,-0.001199,31.504778,0.000000,0.000000,0.000000,13620
3.129093,0.000000,-0.000600,31.504778,0.000000,0.000000,0.000000,13630
3.129093,0.000000,-0.000300,31.504778,0.000000,0.000000,0.000000,13640
3.129093,0.000000,-0.000150,31.504778,0.000000,0.000000,0.000000,13650
3.129093,0.000000,-0.000075,31.504778,0.000000,0.000000,0.000000,13660
3.129093,0.000000,-0.000037,31.504778,0.000000,0.000000,0.000000,13670
3.130627,0.000000,0.076681,31.504778,0.000000,0.000000,0.000000,13680
3.129093,0.000000,-0.038359,31.504778,0.000000,0.000000,0.000000,13690
3.130627,0.000000,0.057520,31.504778,0.000000,0.000000,0.000000,13700
3.129093,0.000000,-0.047939,31.504778,0.000000,0.000000,0.000000,13710
3.129093,0.000000,-0.023970,31.504778,0.000000,0.000000,0.000000,13720
3.129093,0.000000,-0.011985,31.504778,0.000000,0.000000,0.000000,13730
3.129093,0.000000,-0.005992,31.504778,0.000000,0.000000,0.000000,13740
3.129093,0.000000,-0.002996,31.504778,0.000000,0.000000,0.000000,13750
3.129093,0.000000,-0.001498,31.504778,0.000000,0.000000,0.000000,13760
3.129093,0.000000,-0.000749,31.504778,0.000000,0.000000,0.000000,13770
3.129093,0.000000,-0.000375,31.504778,0.000000,0.000000,0.000000,13780
3.129093,0.000000,-0.000187,31.504778,0.000000,0.000000,0.000000,13790
3.129093,0.000000,-0.000094,31.504778,0.000000,0.000000,0.000000,13800
3.130627,0.000000,0.076652,31.504778,0.000000,0.000000,0.000000,13810
3.129093,0.000000,-0.038373,31.504778,0.000000,0.000000,0.000000,13820
3.129093,0.000000,-0.019187,31.504778,0.000000,0.000000,0.000000,13830
3.130627,0.000000,0.067106,31.504778,0.000000,0.000000,0.000000,13840
3.129093,0.000000,-0.043146,31.504778,0.000000,0.000000,0.000000,13850
3.129093,0.000000,-0.021573,31.504778,0.000000,0.000000,0.000000,13860
3.129093,0.000000,-0.010787,31.504778,0.000000,0.000000,0.000000,13870
3.129093,0.000000,-0.005393,31.504778,0.000000,0.000000,0.000000,13880
3.129093,0.000000,-0.002697,31.504778,0.000000,0.000000,0.000000,13890
3.129093,0.000000,-0.001348,31.504778,0.000000,0.000000,0.000000,13900
3.129093,0.000000,-0.000674,31.504778,0.000000,0.000000,0.000000,13910
3.129093,0.000000,-0.000337,31.504778,0.000000,0.000000,0.000000,13920
3.130627,0.000000,0.076531,31.504778,0.000000,0.000000,0.000000,13930
3.130627,0.000000,0.038265,31.504778,0.000000,0.000000,0.000000,13940
3.129093,0.000000,-0.057567,31.504778,0.000000,0.000000,0.000000,13950
3.130627,0.000000,0.047916,31.504778,0.000000,0.000000,0.000000,13960
3.130627,0.000000,0.023958,31.504778,0.000000,0.000000,0.000000,13970
3.129093,0.000000,-0.064720,31.504778,0.000000,0.000000,0.000000,13980
3.130627,0.000000,0.044339,31.504778,0.000000,0.000000,0.000000,13990
3.129093,0.000000,-0.054530,31.504778,0.000000,0.000000,0.000000,14000
3.130627,0.000000,0.049434,31.504778,0.000000,0.000000,0.000000,14010
3.129093,0.000000,-0.051982,31.504778,0.000000,0.000000,0.000000,14020
3.129093,0.000000,-0.025991,31.504778,0.000000,0.000000,0.000000,14030
3.129093,0.000000,-0.012996,31.504778,0.000000,0.000000,0.000000,14040
3.130627,0.000000,0.070202,31.504778,0.000000,0.000000,0.000000,14050
3.129093,0.000000,-0.041599,31.504778,0.000000,0.000000,0.000000,14060
3.130627,0.000000,0.055900,31.504778,0.000000,0.000000,0.000000,14070
3.130627,0.000000,0.027950,31.504778,0.000000,0.000000,0.000000,14080
3.130627,0.000000,0.013975,31.504778,0.000000,0.000000,0.000000,14090
3.129093,0.000000,-0.069712,31.504778,0.000000,0.000000,0.000000,14100
3.130627,0.000000,0.041843,31.504778,0.000000,0.000000,0.000000,14110
3.129093,0.000000,-0.055778,31.504778,0.000000,0.000000,0.000000,14120
3.130627,0.000000,0.048810,31.504778,0.000000,0.000000,0.000000,14130
3.130627,0.000000,0.024405,31.504778,0.000000,0.000000,0.000000,14140
3.129093,0.000000,-0.064497,31.504778,0.000000,0.000000,0.000000,14150
3.129093,0.000000,-0.032248,31.504778,0.000000,0.000000,0.000000,14160
3.130627,0.000000,0.060575,31.504778,0.000000,0.000000,0.000000,14170
3.130627,0.000000,0.030288,31.504778,0.000000,0.000000,0.000000,14180
3.130627,0.000000,0.015144,31.504778,0.000000,0.000000,0.000000,14190
3.129093,0.000000,-0.069127,31.504778,0.000000,0.000000,0.000000,14200
3.130627,0.000000,0.042136,31.504778,0.000000,0.000000,0.000000,14210
3.129093,0.000000,-0.055631,31.504778,0.000000,0.000000,0.000000,14220
3.130627,0.000000,0.048884,31.504778,0.000000,0.000000,0.000000,14230
3.130627,0.000000,0.024442,31.504778,0.000000,0.000000,0.000000,14240
3.130627,0.000000,0.012221,31.504778,0.000000,0.000000,0.000000,14250
3.129093,0.000000,-0.070589,31.504778,0.000000,0.000000,0.000000,14260
3.129093,0.000000,-0.035294,31.504778,0.000000,0.000000,0.000000,14270
3.129093,0.000000,-0.017647,31.504778,0.000000,0.000000,0.000000,14280
3.130627,0.000000,0.067876,31.504778,0.000000,0.000000,0.000000,14290
3.129093,0.000000,-0.042761,31.504778,0.000000,0.000000,0.000000,14300
3.129093,0.000000,-0.021381,31.504778,0.000000,0.000000,0.000000,14310
3.129093,0.000000,-0.010690,31.504778,0.000000,0.000000,0.000000,14320
3.130627,0.000000,0.071354,31.504778,0.000000,0.000000,0.000000,14330
3.130627,0.000000,0.035677,31.504778,0.000000,0.000000,0.000000,14340
3.129093,0.000000,-0.058861,31.504778,0.000000,0.000000,0.000000,14350
3.129093,0.000000,-0.029430,31.504778,0.000000,0.000000,0.000000,14360
3.130627,0.000000,0.061984,31.504778,0.000000,0.000000,0.000000,14370
3.129093,0.000000,-0.045707,31.504778,0.000000,0.000000,0.000000,14380
3.129093,0.000000,-0.022854,31.504778,0.000000,0.000000,0.000000,14390
3.129093,0.000000,-0.011427,31.504778,0.000000,0.000000,0.000000,14400
3.130627,0.000000,0.070986,31.504778,0.000000,0.000000,0.000000,14410
3.130627,0.000000,0.035493,31.504778,0.000000,0.000000,0.000000,14420
3.129093,0.000000,-0.058953,31.504778,0.000000,0.000000,0.000000,14430
3.130627,0.000000,0.047223,31.504778,0.000000,0.000000,0.000000,14440
3.130627,0.000000,0.023611,31.504778,0.000000,0.000000,0.000000,14450
3.129093,0.000000,-0.064894,31.504778,0.000000,0.000000,0.000000,14460
3.130627,0.000000,0.044252,31.504778,0.000000,0.000000,0.000000,14470
3.129093,0.000000,-0.054573,31.504778,0.000000,0.000000,0.000000,14480
3.129093,0.000000,-0.027287,31.504778,0.000000,0.000000,0.000000,14490
3.130627,0.000000,0.063056,31.504778,0.000000,0.000000,0.000000,14500
3.129093,0.000000,-0.045171,31.504778,0.000000,0.000000,0.000000,14510
3.130627,0.000000,0.054114,31.504778,0.000000,0.000000,0.000000,14520
3.130627,0.000000,0.027057,31.504778,0.000000,0.000000,0.000000,14530
3.129093,0.000000,-0.063171,31.504778,0.000000,0.000000,0.000000,14540
3.129093,0.000000,-0.031585,31.504778,0.000000,0.000000,0.000000,14550
3.130627,0.000000,0.060907,31.504778,0.000000,0.000000,0.000000,14560
3.130627,0.000000,0.030453,31.504778,0.000000,0.000000,0.000000,14570
3.130627,0.000000,0.015227,31.504778,0.000000,0.000000,0.000000,14580
3.129093,0.000000,-0.069086,31.504778,0.000000,0.000000,0.000000,14590
3.130627,0.000000,0.042156,31.504778,0.000000,0.000000,0.000000,14600
3.130627,0.000000,0.021078,31.504778,0.000000,0.000000,0.000000,14610
3.129093,0.000000,-0.066160,31.504778,0.000000,0.000000,0.000000,14620
3.130627,0.000000,0.043619,31.504778,0.000000,0.000000,0.000000,14630
3.130627,0.000000,0.021810,31.504778,0.000000,0.000000,0.000000,14640
3.130627,0.000000,0.010905,31.504778,0.000000,0.000000,0.000000,14650
3.130627,0.000000,0.005452,31.504778,0.000000,0.000000,0.000000,14660
3.129093,0.000000,-0.073973,31.504778,0.000000,0.000000,0.000000,14670
3.130627,0.000000,0.039713,31.504778,0.000000,0.000000,0.000000,14680
3.129093,0.000000,-0.056843,31.504778,0.000000,0.000000,0.000000,14690
3.129093,0.000000,-0.028421,31.504778,0.000000,0.000000,0.000000,14700
3.130627,0.000000,0.062489,31.504778,0.000000,0.000000,0.000000,14710
3.129093,0.000000,-0.045455,31.504778,0.000000,0.000000,0.000000,14720
3.130627,0.000000,0.053972,31.504778,0.000000,0.000000,0.000000,14730
3.130627,0.000000,0.026986,31.504778,0.000000,0.000000,0.000000,14740
3.130627,0.000000,0.013493,31.504778,0.000000,0.000000,0.000000,14750
3.130627,0.000000,0.006746,31.504778,0.000000,0.000000,0.000000,14760
3.129093,0.000000,-0.073326,31.504778,0.000000,0.000000,0.000000,14770
3.129093,0.000000,-0.036663,31.504778,0.000000,0.000000,0.000000,14780
3.130627,0.000000,0.058368,31.504778,0.000000,0.000000,0.000000,14790
3.130627,0.000000,0.029184,31.504778,0.000000,0.000000,0.000000,14800
3.130627,0.000000,0.014592,31.504778,0.000000,0.000000,0.000000,14810
3.130627,0.000000,0.007296,31.504778,0.000000,0.000000,0.000000,14820
3.130627,0.000000,0.003648,31.504778,0.000000,0.000000,0.000000,14830
3.129093,0.000000,-0.074875,31.504778,0.000000,0.000000,0.000000,14840
3.130627,0.000000,0.039262,31.504778,0.000000,0.000000,0.000000,14850
3.130627,0.000000,0.019631,31.504778,0.000000,0.000000,0.000000,14860
3.130627,0.000000,0.009815,31.504778,0.000000,0.000000,0.000000,14870
3.130627,0.000000,0.004908,31.504778,0.000000,0.000000,0.000000,14880
3.130627,0.000000,0.002454,31.504778,0.000000,0.000000,0.000000,14890
3.130627,0.000000,0.001227,31.504778,0.000000,0.000000,0.000000,14900
3.129093,0.000000,-0.076086,31.504778,0.000000,0.000000,0.000000,14910
3.130627,0.000000,0.038656,31.504778,0.000000,0.000000,0.000000,14920
3.130627,0.000000,0.019328,31.504778,0.000000,0.000000,0.000000,14930
3.130627,0.000000,0.009664,31.504778,0.000000,0.000000,0.000000,14940
3.130627,0.000000,0.004832,31.504778,0.000000,0.000000,0.000000,14950
3.130627,0.000000,0.002416,31.504778,0.000000,0.000000,0.000000,14960
3.129093,0.000000,-0.075491,31.504778,0.000000,0.000000,0.000000,14970
3.129093,0.000000,-0.037746,31.504778,0.000000,0.000000,0.000000,14980
3.130627,0.000000,0.057826,31.504778,0.000000,0.000000,0.000000,14990
3.130627,0.000000,0.028913,31.504778,0.000000,0.000000,0.000000,15000
3.130627,0.000000,0.014457,31.504778,0.000000,0.000000,0.000000,15010
3.129093,0.000000,-0.069471,31.504778,0.000000,0.000000,0.000000,15020
3.130627,0.000000,0.041964,31.504778,0.000000,0.000000,0.000000,15030
3.129093,0.000000,-0.055717,31.504778,0.000000,0.000000,0.000000,15040
3.130627,0.000000,0.048841,31.504778,0.000000,0.000000,0.000000,15050
3.130627,0.000000,0.024420,31.504778,0.000000,0.000000,0.000000,15060
3.130627,0.000000,0.012210,31.504778,0.000000,0.000000,0.000000,15070
3.130627,0.000000,0.006105,31.504778,0.000000,0.000000,0.000000,15080
3.130627,0.000000,0.003053,31.504778,0.000000,0.000000,0.000000,15090
3.130627,0.000000,0.001526,31.504778,0.000000,0.000000,0.000000,15100
3.130627,0.000000,0.000763,31.504778,0.000000,0.000000,0.000000,15110
3.130627,0.000000,0.000382,31.504778,0.000000,0.000000,0.000000,15120
3.130627,0.000000,0.000191,31.504778,0.000000,0.000000,0.000000,15130
3.130627,0.000000,0.000095,31.504778,0.000000,0.000000,0.000000,15140
3.129093,0.000000,-0.076652,31.504778,0.000000,0.000000,0.000000,15150
3.130627,0.000000,0.038373,31.504778,0.000000,0.000000,0.000000,15160
3.130627,0.000000,0.019187,31.504778,0.000000,0.000000,0.000000,15170
3.130627,0.000000,0.009593,31.504778,0.000000,0.000000,0.000000,15180
3.130627,0.000000,0.004797,31.504778,0.000000,0.000000,0.000000,15190
3.130627,0.000000,0.002398,31.504778,0.000000,0.000000,0.000000,15200
3.130627,0.000000,0.001199,31.504778,0.000000,0.000000,0.000000,15210
3.130627,0.000000,0.000600,31.504778,0.000000,0.000000,0.000000,15220
3.129093,0.000000,-0.076399,31.504778,0.000000,0.000000,0.000000,15230
3.129093,0.000000,-0.038200,31.504778,0.000000,0.000000,0.000000,15240
3.130627,0.000000,0.057599,31.504778,0.000000,0.000000,0.000000,15250
3.130627,0.000000,0.028800,31.504778,0.000000,0.000000,0.000000,15260
3.130627,0.000000,0.014400,31.504778,0.000000,0.000000,0.000000,15270
3.130627,0.000000,0.007200,31.504778,0.000000,0.000000,0.000000,15280
3.130627,0.000000,0.003600,31.504778,0.000000,0.000000,0.000000,15290
3.130627,0.000000,0.001800,31.504778,0.000000,0.000000,0.000000,15300
3.130627,0.000000,0.000900,31.504778,0.000000,0.000000,0.000000,15310
3.130627,0.000000,0.000450,31.504778,0.000000,0.000000,0.000000,15320
3.130627,0.000000,0.000225,31.504778,0.000000,0.000000,0.000000,15330
3.129093,0.000000,-0.076587,31.504778,0.000000,0.000000,0.000000,15340
3.130627,0.000000,0.038406,31.504778,0.000000,0.000000,0.000000,15350
3.130627,0.000000,0.019203,31.504778,0.000000,0.000000,0.000000,15360
3.130627,0.000000,0.009601,31.504778,0.000000,0.000000,0.000000,15370
3.129093,0.000000,-0.071899,31.504778,0.000000,0.000000,0.000000,15380
3.130627,0.000000,0.040750,31.504778,0.000000,0.000000,0.000000,15390
3.130627,0.000000,0.020375,31.504778,0.000000,0.000000,0.000000,15400
3.130627,0.000000,0.010187,31.504778,0.000000,0.000000,0.000000,15410
3.130627,0.000000,0.005094,31.504778,0.000000,0.000000,0.000000,15420
3.130627,0.000000,0.002547,31.504778,0.000000,0.000000,0.000000,15430
3.130627,0.000000,0.001273,31.504778,0.000000,0.000000,0.000000,15440
3.130627,0.000000,0.000637,31.504778,0.000000,0.000000,0.000000,15450
3.130627,0.000000,0.000318,31.504778,0.000000,0.000000,0.000000,15460
3.129093,0.000000,-0.076540,31.504778,0.000000,0.000000,0.000000,15470
3.129093,0.000000,-0.038270,31.504778,0.000000,0.000000,0.000000,15480
3.130627,0.000000,0.057564,31.504778,0.000000,0.000000,0.000000,15490
3.129093,0.000000,-0.047917,31.504778,0.000000,0.000000,0.000000,15500
3.130627,0.000000,0.052741,31.504778,0.000000,0.000000,0.000000,15510
3.130627,0.000000,0.026370,31.504778,0.000000,0.000000,0.000000,15520
3.130627,0.000000,0.013185,31.504778,0.000000,0.000000,0.000000,15530
3.130627,0.000000,0.006593,31.504778,0.000000,0.000000,0.000000,15540
3.130627,0.000000,0.003296,31.504778,0.000000,0.000000,0.000000,15550
3.130627,0.000000,0.001648,31.504778,0.000000,0.000000,0.000000,15560
3.130627,0.000000,0.000824,31.504778,0.000000,0.000000,0.000000,15570
3.130627,0.000000,0.000412,31.504778,0.000000,0.000000,0.000000,15580
3.130627,0.000000,0.000206,31.504778,0.000000,0.000000,0.000000,15590
3.129093,0.000000,-0.076596,31.504778,0.000000,0.000000,0.000000,15600
3.130627,0.000000,0.038401,31.504778,0.000000,0.000000,0.000000,15610
3.130627,0.000000,0.019201,31.504778,0.000000,0.000000,0.000000,15620
3.130627,0.000000,0.009600,31.504778,0.000000,0.000000,0.000000,15630
3.130627,0.000000,0.004800,31.504778,0.000000,0.000000,0.000000,15640
3.129093,0.000000,-0.074299,31.504778,0.000000,0.000000,0.000000,15650
3.130627,0.000000,0.039550,31.504778,0.000000,0.000000,0.000000,15660
3.130627,0.000000,0.019775,31.504778,0.000000,0.000000,0.000000,15670
3.130627,0.000000,0.009887,31.504778,0.000000,0.000000,0.000000,15680
3.130627,0.000000,0.004944,31.504778,0.000000,0.000000,0.000000,15690
3.130627,0.000000,0.002472,31.504778,0.000000,0.000000,0.000000,15700
3.130627,0.000000,0.001236,31.504778,0.000000,0.000000,0.000000,15710
3.130627,0.000000,0.000618,31.504778,0.000000,0.000000,0.000000,15720
3.129093,0.000000,-0.076390,31.504778,0.000000,0.000000,0.000000,15730
3.130627,0.000000,0.038504,31.504778,0.000000,0.000000,0.000000,15740
3.130627,0.000000,0.019252,31.504778,0.000000,0.000000,0.000000,15750
3.130627,0.000000,0.009626,31.504778,0.000000,0.000000,0.000000,15760
3.129093,0.000000,-0.071886,31.504778,0.000000,0.000000,0.000000,15770
3.130627,0.000000,0.040756,31.504778,0.000000,0.000000,0.000000,15780
3.130627,0.000000,0.020378,31.504778,0.000000,0.000000,0.000000,15790
3.130627,0.000000,0.010189,31.504778,0.000000,0.000000,0.000000,15800
3.129093,0.000000,-0.071605,31.504778,0.000000,0.000000,0.000000,15810
3.130627,0.000000,0.040897,31.504778,0.000000,0.000000,0.000000,15820
3.129093,0.000000,-0.056251,31.504778,0.000000,0.000000,0.000000,15830
3.130627,0.000000,0.048574,31.504778,0.000000,0.000000,0.000000,15840
3.130627,0.000000,0.024287,31.504778,0.000000,0.000000,0.000000,15850
3.130627,0.000000,0.012143,31.504778,0.000000,0.000000,0.000000,15860
3.130627,0.000000,0.006072,31.504778,0.000000,0.000000,0.000000,15870
3.130627,0.000000,0.003036,31.504778,0.000000,0.000000,0.000000,15880
3.130627,0.000000,0.001518,31.504778,0.000000,0.000000,0.000000,15890
3.130627,0.000000,0.000759,31.504778,0.000000,0.000000,0.000000,15900
3.129093,0.000000,-0.076320,31.504778,0.000000,0.000000,0.000000,15910
3.130627,0.000000,0.038539,31.504778,0.000000,0.000000,0.000000,15920
3.130627,0.000000,0.019270,31.504778,0.000000,0.000000,0.000000,15930
3.130627,0.000000,0.009635,31.504778,0.000000,0.000000,0.000000,15940
3.130627,0.000000,0.004817,31.504778,0.000000,0.000000,0.000000,15950
3.130627,0.000000,0.002409,31.504778,0.000000,0.000000,0.000000,15960
3.130627,0.000000,0.001204,31.504778,0.000000,0.000000,0.000000,15970
3.130627,0.000000,0.000602,31.504778,0.000000,0.000000,0.000000,15980
3.130627,0.000000,0.000301,31.504778,0.000000,0.000000,0.000000,15990
3.130627,0.000000,0.000151,31.504778,0.000000,0.000000,0.000000,16000
3.130627,0.000000,0.000075,31.504778,0.000000,0.000000,0.000000,16010
3.129093,0.000000,-0.076662,31.504778,0.000000,0.000000,0.000000,16020
3.130627,0.000000,0.038368,31.504778,0.000000,0.000000,0.000000,16030
3.129093,0.000000,-0.057515,31.504778,0.000000,0.000000,0.000000,16040
3.130627,0.000000,0.047942,31.504778,0.000000,0.000000,0.000000,16050
3.129093,0.000000,-0.052728,31.504778,0.000000,0.000000,0.000000,16060
3.130627,0.000000,0.050335,31.504778,0.000000,0.000000,0.000000,16070
3.130627,0.000000,0.025168,31.504778,0.000000,0.000000,0.000000,16080
3.130627,0.000000,0.012584,31.504778,0.000000,0.000000,0.000000,16090
3.130627,0.000000,0.006292,31.504778,0.000000,0.000000,0.000000,16100
3.130627,0.000000,0.003146,31.504778,0.000000,0.000000,0.000000,16110
3.130627,0.000000,0.001573,31.504778,0.000000,0.000000,0.000000,16120
3.130627,0.000000,0.000786,31.504778,0.000000,0.000000,0.000000,16130
3.130627,0.000000,0.000393,31.504778,0.000000,0.000000,0.000000,16140
3.129093,0.000000,-0.076503,31.504778,0.000000,0.000000,0.000000,16150
3.129093,0.000000,-0.038251,31.504778,0.000000,0.000000,0.000000,16160
3.130627,0.000000,0.057574,31.504778,0.000000,0.000000,0.000000,16170
3.130627,0.000000,0.028787,31.504778,0.000000,0.000000,0.000000,16180
3.129093,0.000000,-0.062306,31.504778,0.000000,0.000000,0.000000,16190
3.130627,0.000000,0.045546,31.504778,0.000000,0.000000,0.000000,16200
3.130627,0.000000,0.022773,31.504778,0.000000,0.000000,0.000000,16210
3.130627,0.000000,0.011387,31.504778,0.000000,0.000000,0.000000,16220
3.129093,0.000000,-0.071006,31.504778,0.000000,0.000000,0.000000,16230
3.130627,0.000000,0.041196,31.504778,0.000000,0.000000,0.000000,16240
3.130627,0.000000,0.020598,31.504778,0.000000,0.000000,0.000000,16250
3.130627,0.000000,0.010299,31.504778,0.000000,0.000000,0.000000,16260
3.130627,0.000000,0.005150,31.504778,0.000000,0.000000,0.000000,16270
3.130627,0.000000,0.002575,31.504778,0.000000,0.000000,0.000000,16280
3.130627,0.000000,0.001287,31.504778,0.000000,0.000000,0.000000,16290
3.130627,0.000000,0.000644,31.504778,0.000000,0.000000,0.000000,16300
3.130627,0.000000,0.000322,31.504778,0.000000,0.000000,0.000000,16310
3.130627,0.000000,0.000161,31.504778,0.000000,0.000000,0.000000,16320
3.129093,0.000000,-0.076619,31.504778,0.000000,0.000000,0.000000,16330
3.130627,0.000000,0.038390,31.504778,0.000000,0.000000,0.000000,16340
3.129093,0.000000,-0.057504,31.504778,0.000000,0.000000,0.000000,16350
3.129093,0.000000,-0.028752,31.504778,0.000000,0.000000,0.000000,16360
3.130627,0.000000,0.062323,31.504778,0.000000,0.000000,0.000000,16370
3.130627,0.000000,0.031162,31.504778,0.000000,0.000000,0.000000,16380
3.130627,0.000000,0.015581,31.504778,0.000000,0.000000,0.000000,16390
3.130627,0.000000,0.007790,31.504778,0.000000,0.000000,0.000000,16400