3.127559,0.000000,0.000000,0.130395,0.000000,0.000000,0.000000,40330
3.127559,0.000000,0.000000,0.130395,0.000000,0.000000,0.000000,40340
3.127559,0.000000,0.000000,0.130395,0.000000,0.000000,0.000000,40350
3.127559,0.000000,0.000000,0.130395,0.000000,0.000000,0.000000,40360
3.127559,0.000000,0.000000,0.130395,0.000000,0.000000,0.000000,40370
3.127559,0.000000,0.000000,0.130395,0.000000,0.000000,0.000000,40380
3.127559,0.000000,0.000000,0.130395,0.000000,0.000000,0.000000,40390
3.127559,0.000000,0.000000,0.130395,0.000000,0.000000,0.000000,40400
3.127559,0.000000,0.000000,0.130395,0.000000,0.000000,0.000000,40410
3.127559,0.000000,0.000000,0.130395,0.000000,0.000000,0.000000,40420
3.127559,0.000000,0.000000,0.130395,0.000000,0.000000,0.000000,40430
3.127559,0.000000,0.000000,0.130395,0.000000,0.000000,0.000000,40440
3.127559,0.000000,0.000000,0.130395,0.000000,0.000000,0.000000,40450
3.127559,0.000000,0.000000,0.130395,0.000000,0.000000,0.000000,40460
3.127559,0.000000,0.000000,0.130395,0.000000,0.000000,0.000000,40470
3.127559,0.000000,0.000000,0.130395,0.000000,0.000000,0.000000,40480
3.127559,0.000000,0.000000,0.130395,0.000000,0.000000,0.000000,40490
3.127559,0.000000,0.000000,0.130395,0.000000,0.000000,0.000000,40500
3.127559,0.000000,0.000000,0.130395,0.000000,0.000000,0.000000,40510
3.127559,0.000000,0.000000,0.130395,0.000000,0.000000,0.000000,40520
3.127559,0.000000,0.000000,0.130395,0.000000,0.000000,0.000000,40530
3.127559,0.000000,0.000000,0.130395,0.000000,0.000000,0.000000,40540
3.127559,0.000000,0.000000,0.130395,0.000000,0.000000,0.000000,40550
3.127559,0.000000,0.000000,0.130395,0.000000,0.000000,0.000000,40560
3.127559,0.000000,0.000000,0.130395,0.000000,0.000000,0.000000,40570
3.127559,0.000000,0.000000,0.130395,0.000000,0.000000,0.000000,40580
3.127559,0.000000,0.000000,0.130395,0.000000,0.000000,0.000000,40590
3.127559,0.000000,0.000000,0.130395,0.000000,0.000000,0.000000,40600
3.127559,0.000000,0.000000,0.130395,0.000000,0.000000,0.000000,40610
3.127559,0.000000,0.000000,0.130395,0.000000,0.000000,0.000000,40620
3.127559,0.000000,0.000000,0.130395,0.000000,0.000000,0.000000,40630
3.127559,0.000000,0.000000,0.130395,0.000000,0.000000,0.000000,40640
3.127559,0.000000,0.000000,0.130395,0.000000,0.000000,0.000000,40650
3.127559,0.000000,0.000000,0.130395,0.000000,0.000000,0.000000,40660
3.127559,0.000000,0.000000,0.130395,0.000000,0.000000,0.000000,40670
3.127559,0.000000,0.000000,0.130395,0.000000,0.000000,0.000000,40680
3.127559,0.000000,0.000000,0.130395,0.000000,0.000000,0.000000,40690
3.127559,0.000000,0.000000,0.130395,0.000000,0.000000,0.000000,40700
3.127559,0.000000,0.000000,0.130395,0.000000,0.000000,0.000000,40710
3.127559,0.000000,0.000000,0.130395,0.000000,0.000000,0.000000,40720
3.127559,0.000000,0.000000,0.130395,0.000000,0.000000,0.000000,40730
3.127559,0.000000,0.000000,0.130395,0.000000,0.000000,0.000000,40740
3.127559,0.000000,0.000000,0.130395,0.000000,0.000000,0.000000,40750
3.127559,0.000000,0.000000,0.130395,0.000000,0.000000,0.000000,40760
3.127559,0.000000,0.000000,0.130395,0.000000,0.000000,0.000000,40770
3.127559,0.000000,0.000000,0.130395,0.000000,0.000000,0.000000,40780
3.127559,0.000000,0.000000,0.130395,0.000000,0.000000,0.000000,40790
3.127559,0.000000,0.000000,0.130395,0.000000,0.000000,0.000000,40800
3.127559,0.000000,0.000000,0.130395,0.000000,0.000000,0.000000,40810
3.127559,0.000000,0.000000,0.130395,0.000000,0.000000,0.000000,40820
3.127559,0.000000,0.000000,0.130395,0.000000,0.000000,0.000000,40830
3.127559,0.000000,0.000000,0.130395,0.000000,0.000000,0.000000,40840
3.127559,0.000000,0.000000,0.130395,0.000000,0.000000,0.000000,40850
3.127559,0.000000,0.000000,0.130395,0.000000,0.000000,0.000000,40860
3.127559,0.000000,0.000000,0.130395,0.000000,0.000000,0.000000,40870
3.127559,0.000000,0.000000,0.130395,0.000000,0.000000,0.000000,40880
3.127559,0.000000,0.000000,0.130395,0.000000,0.000000,0.000000,40890
3.127559,0.000000,0.000000,0.130395,0.000000,0.000000,0.000000,40900
3.127559,0.000000,0.000000,0.130395,0.000000,0.000000,0.000000,40910
3.127559,0.000000,0.000000,0.130395,0.000000,0.000000,0.000000,40920
3.127559,0.000000,0.000000,0.130395,0.000000,0.000000,0.000000,40930
3.127559,0.000000,0.000000,0.130395,0.000000,0.000000,0.000000,40940
3.127559,0.000000,0.000000,0.130395,0.000000,0.000000,0.000000,40950
3.127559,0.000000,0.000000,0.130395,0.000000,0.000000,0.000000,40960
3.127559,0.000000,0.000000,0.130395,0.000000,0.000000,0.000000,40970
3.127559,0.000000,0.000000,0.130395,0.000000,0.000000,0.000000,40980
3.127559,0.000000,0.000000,0.130395,0.000000,0.000000,0.000000,40990
3.127559,0.000000,0.000000,0.130395,0.000000,0.000000,0.000000,41000
3.127559,0.000000,0.000000,0.130395,0.000000,0.000000,0.000000,41010
3.127559,0.000000,0.000000,0.130395,0.000000,0.000000,0.000000,41020
3.127559,0.000000,0.000000,0.130395,0.000000,0.000000,0.000000,41030
3.127559,0.000000,0.000000,0.130395,0.000000,0.000000,0.000000,41040
3.127559,0.000000,0.000000,0.130395,0.000000,0.000000,0.000000,41050
3.127559,0.000000,0.000000,0.130395,0.000000,0.000000,0.000000,41060
3.127559,0.000000,0.000000,0.130395,0.000000,0.000000,0.000000,41070
3.127559,0.000000,0.000000,0.130395,0.000000,0.000000,0.000000,41080
3.127559,0.000000,0.000000,0.130395,0.000000,0.000000,0.000000,41090
3.127559,0.000000,0.000000,0.130395,0.000000,0.000000,0.000000,41100
3.127559,0.000000,0.000000,0.130395,0.000000,0.000000,0.000000,41110
3.127559,0.000000,0.000000,0.130395,0.000000,0.000000,0.000000,41120
3.127559,0.000000,0.000000,0.130395,0.000000,0.000000,0.000000,41130
3.127559,0.000000,0.000000,0.130395,0.000000,0.000000,0.000000,41140
3.127559,0.000000,0.000000,0.130395,0.000000,0.000000,0.000000,41150
3.127559,0.000000,0.000000,0.130395,0.000000,0.000000,0.000000,41160
3.127559,0.000000,0.000000,0.130395,0.000000,0.000000,0.000000,41170
3.127559,0.000000,0.000000,0.130395,0.000000,0.000000,0.000000,41180
3.127559,0.000000,0.000000,0.130395,0.000000,0.000000,0.000000,41190
3.127559,0.000000,0.000000,0.130395,0.000000,0.000000,0.000000,41200
3.127559,0.000000,0.000000,0.130395,0.000000,0.000000,0.000000,41210
3.127559,0.000000,0.000000,0.130395,0.000000,0.000000,0.000000,41220
3.127559,0.000000,0.000000,0.130395,0.000000,0.000000,0.000000,41230
3.127559,0.000000,0.000000,0.130395,0.000000,0.000000,0.000000,41240
3.127559,0.000000,0.000000,0.130395,0.000000,0.000000,0.000000,41250
3.127559,0.000000,0.000000,0.130395,0.000000,0.000000,0.000000,41260
3.127559,0.000000,0.000000,0.130395,0.000000,0.000000,0.000000,41270
3.127559,0.000000,0.000000,0.130395,0.000000,0.000000,0.000000,41280
3.127559,0.000000,0.000000,0.130395,0.000000,0.000000,0.000000,41290
3.127559,0.000000,0.000000,0.130395,0.000000,0.000000,0.000000,41300
3.127559,0.000000,0.000000,0.130395,0.000000,0.000000,0.000000,41310
3.127559,0.000000,0.000000,0.130395,0.000000,0.000000,0.000000,41320
3.127559,0.000000,0.000000,0.130395,0.000000,0.000000,0.000000,41330
3.127559,0.000000,0.000000,0.130395,0.000000,0.000000,0.000000,41340
3.127559,0.000000,0.000000,0.130395,0.000000,0.000000,0.000000,41350
3.127559,0.000000,0.000000,0.130395,0.000000,0.000000,0.000000,41360
3.127559,0.000000,0.000000,0.130395,0.000000,0.000000,0.000000,41370
3.127559,0.000000,0.000000,0.130395,0.000000,0.000000,0.000000,41380
3.127559,0.000000,0.000000,0.130395,0.000000,0.000000,0.000000,41390
3.127559,0.000000,0.000000,0.130395,0.000000,0.000000,0.000000,41400
3.127559,0.000000,0.000000,0.130395,0.000000,0.000000,0.000000,41410
3.127559,0.000000,0.000000,0.130395,0.000000,0.000000,0.000000,41420
3.127559,0.000000,0.000000,0.130395,0.000000,0.000000,0.000000,41430
3.127559,0.000000,0.000000,0.130395,0.000000,0.000000,0.000000,41440
3.127559,0.000000,0.000000,0.130395,0.000000,0.000000,0.000000,41450
3.127559,0.000000,0.000000,0.130395,0.000000,0.000000,0.000000,41460
3.127559,0.000000,0.000000,0.130395,0.000000,0.000000,0.000000,41470
3.127559,0.000000,0.000000,0.130395,0.000000,0.000000,0.000000,41480
3.127559,0.000000,0.000000,0.130395,0.000000,0.000000,0.000000,41490
3.127559,0.000000,0.000000,0.130395,0.000000,0.000000,0.000000,41500
3.127559,0.000000,0.000000,0.130395,0.000000,0.000000,0.000000,41510
3.127559,0.000000,0.000000,0.130395,0.000000,0.000000,0.000000,41520
3.127559,0.000000,0.000000,0.130395,0.000000,0.000000,0.000000,41530
3.127559,0.000000,0.000000,0.130395,0.000000,0.000000,0.000000,41540
3.127559,0.000000,0.000000,0.130395,0.000000,0.000000,0.000000,41550
3.127559,0.000000,0.000000,0.130395,0.000000,0.000000,0.000000,41560
3.127559,0.000000,0.000000,0.130395,0.000000,0.000000,0.000000,41570
3.127559,0.000000,0.000000,0.130395,0.000000,0.000000,0.000000,41580
3.127559,0.000000,0.000000,0.130395,0.000000,0.000000,0.000000,41590
3.127559,0.000000,0.000000,0.130395,0.000000,0.000000,0.000000,41600
3.127559,0.000000,0.000000,0.130395,0.000000,0.000000,0.000000,41610
3.127559,0.000000,0.000000,0.130395,0.000000,0.000000,0.000000,41620
3.127559,0.000000,0.000000,0.130395,0.000000,0.000000,0.000000,41630
3.127559,0.000000,0.000000,0.130395,0.000000,0.000000,0.000000,41640
3.127559,0.000000,0.000000,0.130395,0.000000,0.000000,0.000000,41650
3.127559,0.000000,0.000000,0.130395,0.000000,0.000000,0.000000,41660
3.127559,0.000000,0.000000,0.130395,0.000000,0.000000,0.000000,41670
3.127559,0.000000,0.000000,0.130395,0.000000,0.000000,0.000000,41680
3.127559,0.000000,0.000000,0.130395,0.000000,0.000000,0.000000,41690
3.127559,0.000000,0.000000,0.130395,0.000000,0.000000,0.000000,41700
3.127559,0.000000,0.000000,0.130395,0.000000,0.000000,0.000000,41710
3.127559,0.000000,0.000000,0.130395,0.000000,0.000000,0.000000,41720
3.127559,0.000000,0.000000,0.130395,0.000000,0.000000,0.000000,41730
3.127559,0.000000,0.000000,0.130395,0.000000,0.000000,0.000000,41740
3.127559,0.000000,0.000000,0.130395,0.000000,0.000000,0.000000,41750
3.127559,0.000000,0.000000,0.130395,0.000000,0.000000,0.000000,41760
3.127559,0.000000,0.000000,0.130395,0.000000,0.000000,0.000000,41770
3.127559,0.000000,0.000000,0.130395,0.000000,0.000000,0.000000,41780
3.127559,0.000000,0.000000,0.130395,0.000000,0.000000,0.000000,41790
3.127559,0.000000,0.000000,0.130395,0.000000,0.000000,0.000000,41800
3.127559,0.000000,0.000000,0.130395,0.000000,0.000000,0.000000,41810
3.127559,0.000000,0.000000,0.130395,0.000000,0.000000,0.000000,41820
3.127559,0.000000,0.000000,0.130395,0.000000,0.000000,0.000000,41830
3.127559,0.000000,0.000000,0.130395,0.000000,0.000000,0.000000,41840
3.127559,0.000000,0.000000,0.130395,0.000000,0.000000,0.000000,41850
3.127559,0.000000,0.000000,0.130395,0.000000,0.000000,0.000000,41860
3.127559,0.000000,0.000000,0.130395,0.000000,0.000000,0.000000,41870
3.127559,0.000000,0.000000,0.130395,0.000000,0.000000,0.000000,41880
3.127559,0.000000,0.000000,0.130395,0.000000,0.000000,0.000000,41890
3.127559,0.000000,0.000000,0.130395,0.000000,0.000000,0.000000,41900
3.127559,0.000000,0.000000,0.130395,0.000000,0.000000,0.000000,41910
3.127559,0.000000,0.000000,0.130395,0.000000,0.000000,0.000000,41920
3.127559,0.000000,0.000000,0.130395,0.000000,0.000000,0.000000,41930
3.127559,0.000000,0.000000,0.130395,0.000000,0.000000,0.000000,41940
3.127559,0.000000,0.000000,0.130395,0.000000,0.000000,0.000000,41950
3.127559,0.000000,0.000000,0.130395,0.000000,0.000000,0.000000,41960
3.127559,0.000000,0.000000,0.130395,0.000000,0.000000,0.000000,41970
3.127559,0.000000,0.000000,0.130395,0.000000,0.000000,0.000000,41980
3.127559,0.000000,0.000000,0.130395,0.000000,0.000000,0.000000,41990
3.127559,0.000000,0.000000,0.130395,0.000000,0.000000,0.000000,42000
3.127559,0.000000,0.000000,0.130395,0.000000,0.000000,0.000000,42010
3.127559,0.000000,0.000000,0.130395,0.000000,0.000000,0.000000,42020
3.127559,0.000000,0.000000,0.130395,0.000000,0.000000,0.000000,42030
3.127559,0.000000,0.000000,0.130395,0.000000,0.000000,0.000000,42040
3.127559,0.000000,0.000000,0.130395,0.000000,0.000000,0.000000,42050
3.127559,0.000000,0.000000,0.130395,0.000000,0.000000,0.000000,42060
3.127559,0.000000,0.000000,0.130395,0.000000,0.000000,0.000000,42070
3.127559,0.000000,0.000000,0.130395,0.000000,0.000000,0.000000,42080
3.127559,0.000000,0.000000,0.130395,0.000000,0.000000,0.000000,42090
3.127559,0.000000,0.000000,0.130395,0.000000,0.000000,0.000000,42100
3.127559,0.000000,0.000000,0.130395,0.000000,0.000000,0.000000,42110
3.127559,0.000000,0.000000,0.130395,0.000000,0.000000,0.000000,42120
3.127559,0.000000,0.000000,0.130395,0.000000,0.000000,0.000000,42130
3.127559,0.000000,0.000000,0.130395,0.000000,0.000000,0.000000,42140
3.127559,0.000000,0.000000,0.130395,0.000000,0.000000,0.000000,42150
3.127559,0.000000,0.000000,0.130395,0.000000,0.000000,0.000000,42160
3.127559,0.000000,0.000000,0.130395,0.000000,0.000000,0.000000,42170
3.127559,0.000000,0.000000,0.130395,0.000000,0.000000,0.000000,42180
3.127559,0.000000,0.000000,0.130395,0.000000,0.000000,0.000000,42190
3.127559,0.000000,0.000000,0.130395,0.000000,0.000000,0.000000,42200
3.127559,0.000000,0.000000,0.130395,0.000000,0.000000,0.000000,42210
3.127559,0.000000,0.000000,0.130395,0.000000,0.000000,0.000000,42220
3.127559,0.000000,0.000000,0.130395,0.000000,0.000000,0.000000,42230
3.127559,0.000000,0.000000,0.130395,0.000000,0.000000,0.000000,42240
3.127559,0.000000,0.000000,0.130395,0.000000,0.000000,0.000000,42250
3.127559,0.000000,0.000000,0.130395,0.000000,0.000000,0.000000,42260
3.127559,0.000000,0.000000,0.130395,0.000000,0.000000,0.000000,42270
3.127559,0.000000,0.000000,0.130395,0.000000,0.000000,0.000000,42280
3.127559,0.000000,0.000000,0.130395,0.000000,0.000000,0.000000,42290
3.127559,0.000000,0.000000,0.130395,0.000000,0.000000,0.000000,42300
3.127559,0.000000,0.000000,0.130395,0.000000,0.000000,0.000000,42310
3.127559,0.000000,0.000000,0.130395,0.000000,0.000000,0.000000,42320
3.127559,0.000000,0.000000,0.130395,0.000000,0.000000,0.000000,42330
3.127559,0.000000,0.000000,0.130395,0.000000,0.000000,0.000000,42340
3.127559,0.000000,0.000000,0.130395,0.000000,0.000000,0.000000,42350
3.127559,0.000000,0.000000,0.130395,0.000000,0.000000,0.000000,42360
3.127559,0.000000,0.000000,0.130395,0.000000,0.000000,0.000000,42370
3.127559,0.000000,0.000000,0.130395,0.000000,0.000000,0.000000,42380
3.127559,0.000000,0.000000,0.130395,0.000000,0.000000,0.000000,42390
3.127559,0.000000,0.000000,0.130395,0.000000,0.000000,0.000000,42400
3.127559,0.000000,0.000000,0.130395,0.000000,0.000000,0.000000,42410
3.127559,0.000000,0.000000,0.130395,0.000000,0.000000,0.000000,42420
3.127559,0.000000,0.000000,0.130395,0.000000,0.000000,0.000000,42430
3.127559,0.000000,0.000000,0.130395,0.000000,0.000000,0.000000,42440
3.127559,0.000000,0.000000,0.130395,0.000000,0.000000,0.000000,42450
3.127559,0.000000,0.000000,0.130395,0.000000,0.000000,0.000000,42460
3.127559,0.000000,0.000000,0.130395,0.000000,0.000000,0.000000,42470
3.127559,0.000000,0.000000,0.130395,0.000000,0.000000,0.000000,42480
3.127559,0.000000,0.000000,0.130395,0.000000,0.000000,0.000000,42490
3.127559,0.000000,0.000000,0.130395,0.000000,0.000000,0.000000,42500
3.127559,0.000000,0.000000,0.130395,0.000000,0.000000,0.000000,42510
3.127559,0.000000,0.000000,0.130395,0.000000,0.000000,0.000000,42520
3.127559,0.000000,0.000000,0.130395,0.000000,0.000000,0.000000,42530
3.127559,0.000000,0.000000,0.130395,0.000000,0.000000,0.000000,42540
3.127559,0.000000,0.000000,0.130395,0.000000,0.000000,0.000000,42550
3.127559,0.000000,0.000000,0.130395,0.000000,0.000000,0.000000,42560
3.127559,0.000000,0.000000,0.130395,0.000000,0.000000,0.000000,42570
3.127559,0.000000,0.000000,0.130395,0.000000,0.000000,0.000000,42580
3.127559,0.000000,0.000000,0.130395,0.000000,0.000000,0.000000,42590
3.127559,0.000000,0.000000,0.130395,0.000000,0.000000,0.000000,42600
3.127559,0.000000,0.000000,0.130395,0.000000,0.000000,0.000000,42610
3.127559,0.000000,0.000000,0.130395,0.000000,0.000000,0.000000,42620
3.127559,0.000000,0.000000,0.130395,0.000000,0.000000,0.000000,42630
3.127559,0.000000,0.000000,0.130395,0.000000,0.000000,0.000000,42640
3.127559,0.000000,0.000000,0.130395,0.000000,0.000000,0.000000,42650
3.127559,0.000000,0.000000,0.130395,0.000000,0.000000,0.000000,42660
3.127559,0.000000,0.000000,0.130395,0.000000,0.000000,0.000000,42670
3.127559,0.000000,0.000000,0.130395,0.000000,0.000000,0.000000,42680
3.127559,0.000000,0.000000,0.130395,0.000000,0.000000,0.000000,42690
3.127559,0.000000,0.000000,0.130395,0.000000,0.000000,0.000000,42700
3.127559,0.000000,0.000000,0.130395,0.000000,0.000000,0.000000,42710
3.127559,0.000000,0.000000,0.130395,0.000000,0.000000,0.000000,42720
3.127559,0.000000,0.000000,0.130395,0.000000,0.000000,0.000000,42730
3.127559,0.000000,0.000000,0.130395,0.000000,0.000000,0.000000,42740
3.127559,0.000000,0.000000,0.130395,0.000000,0.000000,0.000000,42750
3.127559,0.000000,0.000000,0.130395,0.000000,0.000000,0.000000,42760
3.127559,0.000000,0.000000,0.130395,0.000000,0.000000,0.000000,42770
3.127559,0.000000,0.000000,0.130395,0.000000,0.000000,0.000000,42780
3.127559,0.000000,0.000000,0.130395,0.000000,0.000000,0.000000,42790
3.127559,0.000000,0.000000,0.130395,0.000000,0.000000,0.000000,42800
3.127559,0.000000,0.000000,0.130395,0.000000,0.000000,0.000000,42810
3.127559,0.000000,0.000000,0.130395,0.000000,0.000000,0.000000,42820
3.127559,0.000000,0.000000,0.130395,0.000000,0.000000,0.000000,42830
3.127559,0.000000,0.000000,0.130395,0.000000,0.000000,0.000000,42840
3.127559,0.000000,0.000000,0.130395,0.000000,0.000000,0.000000,42850
3.127559,0.000000,0.000000,0.130395,0.000000,0.000000,0.000000,42860
3.127559,0.000000,0.000000,0.130395,0.000000,0.000000,0.000000,42870
3.127559,0.000000,0.000000,0.130395,0.000000,0.000000,0.000000,42880
3.127559,0.000000,0.000000,0.130395,0.000000,0.000000,0.000000,42890
3.127559,0.000000,0.000000,0.130395,0.000000,0.000000,0.000000,42900
3.127559,0.000000,0.000000,0.130395,0.000000,0.000000,0.000000,42910
3.127559,0.000000,0.000000,0.130395,0.000000,0.000000,0.000000,42920
3.127559,0.000000,0.000000,0.130395,0.000000,0.000000,0.000000,42930
3.127559,0.000000,0.000000,0.130395,0.000000,0.000000,0.000000,42940
3.127559,0.000000,0.000000,0.130395,0.000000,0.000000,0.000000,42950
3.127559,0.000000,0.000000,0.130395,0.000000,0.000000,0.000000,42960
3.127559,0.000000,0.000000,0.130395,0.000000,0.000000,0.000000,42970
3.127559,0.000000,0.000000,0.130395,0.000000,0.000000,0.000000,42980
3.127559,0.000000,0.000000,0.130395,0.000000,0.000000,0.000000,42990
3.127559,0.000000,0.000000,0.130395,0.000000,0.000000,0.000000,43000
3.127559,0.000000,0.000000,0.130395,0.000000,0.000000,0.000000,43010
3.127559,0.000000,0.000000,0.130395,0.000000,0.000000,0.000000,43020
3.127559,0.000000,0.000000,0.130395,0.000000,0.000000,0.000000,43030
3.127559,0.000000,0.000000,0.130395,0.000000,0.000000,0.000000,43040
3.127559,0.000000,0.000000,0.130395,0.000000,0.000000,0.000000,43050
3.127559,0.000000,0.000000,0.130395,0.000000,0.000000,0.000000,43060
3.127559,0.000000,0.000000,0.130395,0.000000,0.000000,0.000000,43070
3.127559,0.000000,0.000000,0.130395,0.000000,0.000000,0.000000,43080
3.127559,0.000000,0.000000,0.130395,0.000000,0.000000,0.000000,43090
3.127559,0.000000,0.000000,0.130395,0.000000,0.000000,0.000000,43100
3.127559,0.000000,0.000000,0.130395,0.000000,0.000000,0.000000,43110
3.127559,0.000000,0.000000,0.130395,0.000000,0.000000,0.000000,43120
3.127559,0.000000,0.000000,0.130395,0.000000,0.000000,0.000000,43130
3.127559,0.000000,0.000000,0.130395,0.000000,0.000000,0.000000,43140
3.127559,0.000000,0.000000,0.130395,0.000000,0.000000,0.000000,43150
3.127559,0.000000,0.000000,0.130395,0.000000,0.000000,0.000000,43160
3.127559,0.000000,0.000000,0.130395,0.000000,0.000000,0.000000,43170
3.127559,0.000000,0.000000,0.130395,0.000000,0.000000,0.000000,43180
3.127559,0.000000,0.000000,0.130395,0.000000,0.000000,0.000000,43190
3.127559,0.000000,0.000000,0.130395,0.000000,0.000000,0.000000,43200
3.127559,0.000000,0.000000,0.130395,0.000000,0.000000,0.000000,43210
3.127559,0.000000,0.000000,0.130395,0.000000,0.000000,0.000000,43220
3.127559,0.000000,0.000000,0.130395,0.000000,0.000000,0.000000,43230
3.127559,0.000000,0.000000,0.130395,0.000000,0.000000,0.000000,43240
3.127559,0.000000,0.000000,0.130395,0.000000,0.000000,0.000000,43250
3.127559,0.000000,0.000000,0.130395,0.000000,0.000000,0.000000,43260
3.127559,0.000000,0.000000,0.130395,0.000000,0.000000,0.000000,43270
3.127559,0.000000,0.000000,0.130395,0.000000,0.000000,0.000000,43280
3.127559,0.000000,0.000000,0.130395,0.000000,0.000000,0.000000,43290
3.127559,0.000000,0.000000,0.130395,0.000000,0.000000,0.000000,43300
3.127559,0.000000,0.000000,0.130395,0.000000,0.000000,0.000000,43310
3.127559,0.000000,0.000000,0.130395,0.000000,0.000000,0.000000,43320
3.127559,0.000000,0.000000,0.130395,0.000000,0.000000,0.000000,43330
3.127559,0.000000,0.000000,0.130395,0.000000,0.000000,0.000000,43340
3.127559,0.000000,0.000000,0.130395,0.000000,0.000000,0.000000,43350
3.127559,0.000000,0.000000,0.130395,0.000000,0.000000,0.000000,43360
3.127559,0.000000,0.000000,0.130395,0.000000,0.000000,0.000000,43370
3.127559,0.000000,0.000000,0.130395,0.000000,0.000000,0.000000,43380
3.127559,0.000000,0.000000,0.130395,0.000000,0.000000,0.000000,43390
3.127559,0.000000,0.000000,0.130395,0.000000,0.000000,0.000000,43400
3.127559,0.000000,0.000000,0.130395,0.000000,0.000000,0.000000,43410
3.127559,0.000000,0.000000,0.130395,0.000000,0.000000,0.000000,43420
3.127559,0.000000,0.000000,0.130395,0.000000,0.000000,0.000000,43430
3.127559,0.000000,0.000000,0.130395,0.000000,0.000000,0.000000,43440
3.127559,0.000000,0.000000,0.130395,0.000000,0.000000,0.000000,43450
3.127559,0.000000,0.000000,0.130395,0.000000,0.000000,0.000000,43460
3.127559,0.000000,0.000000,0.130395,0.000000,0.000000,0.000000,43470
3.127559,0.000000,0.000000,0.130395,0.000000,0.000000,0.000000,43480
3.127559,0.000000,0.000000,0.130395,0.000000,0.000000,0.000000,43490
3.127559,0.000000,0.000000,0.130395,0.000000,0.000000,0.000000,43500
3.127559,0.000000,0.000000,0.130395,0.000000,0.000000,0.000000,43510
3.127559,0.000000,0.000000,0.130395,0.000000,0.000000,0.000000,43520
3.127559,0.000000,0.000000,0.130395,0.000000,0.000000,0.000000,43530
3.127559,0.000000,0.000000,0.130395,0.000000,0.000000,0.000000,43540
3.127559,0.000000,0.000000,0.130395,0.000000,0.000000,0.000000,43550
3.127559,0.000000,0.000000,0.130395,0.000000,0.000000,0.000000,43560
3.127559,0.000000,0.000000,0.130395,0.000000,0.000000,0.000000,43570
3.127559,0.000000,0.000000,0.130395,0.000000,0.000000,0.000000,43580
3.127559,0.000000,0.000000,0.130395,0.000000,0.000000,0.000000,43590
3.127559,0.000000,0.000000,0.130395,0.000000,0.000000,0.000000,43600
3.127559,0.000000,0.000000,0.130395,0.000000,0.000000,0.000000,43610
3.127559,0.000000,0.000000,0.130395,0.000000,0.000000,0.000000,43620
3.127559,0.000000,0.000000,0.130395,0.000000,0.000000,0.000000,43630
3.127559,0.000000,0.000000,0.130395,0.000000,0.000000,0.000000,43640
3.127559,0.000000,0.000000,0.130395,0.000000,0.000000,0.000000,43650
3.127559,0.000000,0.000000,0.130395,0.000000,0.000000,0.000000,43660
3.127559,0.000000,0.000000,0.130395,0.000000,0.000000,0.000000,43670
3.127559,0.000000,0.000000,0.130395,0.000000,0.000000,0.000000,43680
3.127559,0.000000,0.000000,0.130395,0.000000,0.000000,0.000000,43690
3.127559,0.000000,0.000000,0.130395,0.000000,0.000000,0.000000,43700
3.127559,0.000000,0.000000,0.130395,0.000000,0.000000,0.000000,43710
3.127559,0.000000,0.000000,0.130395,0.000000,0.000000,0.000000,43720
3.127559,0.000000,0.000000,0.130395,0.000000,0.000000,0.000000,43730
3.127559,0.000000,0.000000,0.130395,0.000000,0.000000,0.000000,43740
3.127559,0.000000,0.000000,0.130395,0.000000,0.000000,0.000000,43750
3.127559,0.000000,0.000000,0.130395,0.000000,0.000000,0.000000,43760
3.127559,0.000000,0.000000,0.130395,0.000000,0.000000,0.000000,43770
3.127559,0.000000,0.000000,0.130395,0.000000,0.000000,0.000000,43780
3.127559,0.000000,0.000000,0.130395,0.000000,0.000000,0.000000,43790
3.127559,0.000000,0.000000,0.130395,0.000000,0.000000,0.000000,43800
3.127559,0.000000,0.000000,0.130395,0.000000,0.000000,0.000000,43810
3.127559,0.000000,0.000000,0.130395,0.000000,0.000000,0.000000,43820
3.127559,0.000000,0.000000,0.130395,0.000000,0.000000,0.000000,43830
3.127559,0.000000,0.000000,0.130395,0.000000,0.000000,0.000000,43840
3.127559,0.000000,0.000000,0.130395,0.000000,0.000000,0.000000,43850
3.127559,0.000000,0.000000,0.130395,0.000000,0.000000,0.000000,43860
3.127559,0.000000,0.000000,0.130395,0.000000,0.000000,0.000000,43870
3.127559,0.000000,0.000000,0.130395,0.000000,0.000000,0.000000,43880
3.127559,0.000000,0.000000,0.130395,0.000000,0.000000,0.000000,43890
3.127559,0.000000,0.000000,0.130395,0.000000,0.000000,0.000000,43900
3.127559,0.000000,0.000000,0.130395,0.000000,0.000000,0.000000,43910
3.127559,0.000000,0.000000,0.130395,0.000000,0.000000,0.000000,43920
3.127559,0.000000,0.000000,0.130395,0.000000,0.000000,0.000000,43930
3.127559,0.000000,0.000000,0.130395,0.000000,0.000000,0.000000,43940
3.127559,0.000000,0.000000,0.130395,0.000000,0.000000,0.000000,43950
3.127559,0.000000,0.000000,0.130395,0.000000,0.000000,0.000000,43960
3.127559,0.000000,0.000000,0.130395,0.000000,0.000000,0.000000,43970
3.127559,0.000000,0.000000,0.130395,0.000000,0.000000,0.000000,43980
3.127559,0.000000,0.000000,0.130395,0.000000,0.000000,0.000000,43990
3.127559,0.000000,0.000000,0.130395,0.000000,0.000000,0.000000,44000
3.127559,0.000000,0.000000,0.130395,0.000000,0.000000,0.000000,44010
3.127559,0.000000,0.000000,0.130395,0.000000,0.000000,0.000000,44020
3.127559,0.000000,0.000000,0.130395,0.000000,0.000000,0.000000,44030
3.127559,0.000000,0.000000,0.130395,0.000000,0.000000,0.000000,44040
3.127559,0.000000,0.000000,0.130395,0.000000,0.000000,0.000000,44050
3.127559,0.000000,0.000000,0.130395,0.000000,0.000000,0.000000,44060
3.127559,0.000000,0.000000,0.130395,0.000000,0.000000,0.000000,44070
3.127559,0.000000,0.000000,0.130395,0.000000,0.000000,0.000000,44080
3.127559,0.000000,0.000000,0.130395,0.000000,0.000000,0.000000,44090
3.127559,0.000000,0.000000,0.130395,0.000000,0.000000,0.000000,44100
3.127559,0.000000,0.000000,0.130395,0.000000,0.000000,0.000000,44110
3.127559,0.000000,0.000000,0.130395,0.000000,0.000000,0.000000,44120
3.127559,0.000000,0.000000,0.130395,0.000000,0.000000,0.000000,44130
3.127559,0.000000,0.000000,0.130395,0.000000,0.000000,0.000000,44140
3.127559,0.000000,0.000000,0.130395,0.000000,0.000000,0.000000,44150
3.127559,0.000000,0.000000,0.130395,0.000000,0.000000,0.000000,44160
3.127559,0.000000,0.000000,0.130395,0.000000,0.000000,0.000000,44170
3.127559,0.000000,0.000000,0.130395,0.000000,0.000000,0.000000,44180
3.127559,0.000000,0.000000,0.130395,0.000000,0.000000,0.000000,44190
3.127559,0.000000,0.000000,0.130395,0.000000,0.000000,0.000000,44200
3.127559,0.000000,0.000000,0.130395,0.000000,0.000000,0.000000,44210
3.127559,0.000000,0.000000,0.130395,0.000000,0.000000,0.000000,44220
3.127559,0.000000,0.000000,0.130395,0.000000,0.000000,0.000000,44230
3.127559,0.000000,0.000000,0.130395,0.000000,0.000000,0.000000,44240
3.127559,0.000000,0.000000,0.130395,0.000000,0.000000,0.000000,44250
3.127559,0.000000,0.000000,0.130395,0.000000,0.000000,0.000000,44260
3.127559,0.000000,0.000000,0.130395,0.000000,0.000000,0.000000,44270
3.127559,0.000000,0.000000,0.130395,0.000000,0.000000,0.000000,44280
3.127559,0.000000,0.000000,0.130395,0.000000,0.000000,0.000000,44290
3.127559,0.000000,0.000000,0.130395,0.000000,0.000000,0.000000,44300
3.127559,0.000000,0.000000,0.130395,0.000000,0.000000,0.000000,44310
3.127559,0.000000,0.000000,0.130395,0.000000,0.000000,0.000000,44320
3.127559,0.000000,0.000000,0.130395,0.000000,0.000000,0.000000,44330
3.127559,0.000000,0.000000,0.130395,0.000000,0.000000,0.000000,44340
3.127559,0.000000,0.000000,0.130395,0.000000,0.000000,0.000000,44350
3.127559,0.000000,0.000000,0.130395,0.000000,0.000000,0.000000,44360
3.127559,0.000000,0.000000,0.130395,0.000000,0.000000,0.000000,44370
3.127559,0.000000,0.000000,0.130395,0.000000,0.000000,0.000000,44380
3.127559,0.000000,0.000000,0.130395,0.000000,0.000000,0.000000,44390
3.127559,0.000000,0.000000,0.130395,0.000000,0.000000,0.000000,44400
3.127559,0.000000,0.000000,0.130395,0.000000,0.000000,0.000000,44410
3.127559,0.000000,0.000000,0.130395,0.000000,0.000000,0.000000,44420
3.127559,0.000000,0.000000,0.130395,0.000000,0.000000,0.000000,44430
3.127559,0.000000,0.000000,0.130395,0.000000,0.000000,0.000000,44440
3.127559,0.000000,0.000000,0.130395,0.000000,0.000000,0.000000,44450
3.127559,0.000000,0.000000,0.130395,0.000000,0.000000,0.000000,44460
3.127559,0.000000,0.000000,0.130395,0.000000,0.000000,0.000000,44470
3.127559,0.000000,0.000000,0.130395,0.000000,0.000000,0.000000,44480
3.127559,0.000000,0.000000,0.130395,0.000000,0.000000,0.000000,44490
3.127559,0.000000,0.000000,0.130395,0.000000,0.000000,0.000000,44500
3.127559,0.000000,0.000000,0.130395,0.000000,0.000000,0.000000,44510
3.127559,0.000000,0.000000,0.130395,0.000000,0.000000,0.000000,44520
3.127559,0.000000,0.000000,0.130395,0.000000,0.000000,0.000000,44530
3.127559,0.000000,0.000000,0.130395,0.000000,0.000000,0.000000,44540
3.127559,0.000000,0.000000,0.130395,0.000000,0.000000,0.000000,44550
3.127559,0.000000,0.000000,0.130395,0.000000,0.000000,0.000000,44560
3.127559,0.000000,0.000000,0.130395,0.000000,0.000000,0.000000,44570
3.127559,0.000000,0.000000,0.130395,0.000000,0.000000,0.000000,44580
3.127559,0.000000,0.000000,0.130395,0.000000,0.000000,0.000000,44590
3.127559,0.000000,0.000000,0.130395,0.000000,0.000000,0.000000,44600
3.127559,0.000000,0.000000,0.130395,0.000000,0.000000,0.000000,44610
3.127559,0.000000,0.000000,0.130395,0.000000,0.000000,0.000000,44620
3.127559,0.000000,0.000000,0.130395,0.000000,0.000000,0.000000,44630
3.127559,0.000000,0.000000,0.130395,0.000000,0.000000,0.000000,44640
3.127559,0.000000,0.000000,0.130395,0.000000,0.000000,0.000000,44650
3.127559,0.000000,0.000000,0.130395,0.000000,0.000000,0.000000,44660
3.127559,0.000000,0.000000,0.130395,0.000000,0.000000,0.000000,44670
3.127559,0.000000,0.000000,0.130395,0.000000,0.000000,0.000000,44680
3.127559,0.000000,0.000000,0.130395,0.000000,0.000000,0.000000,44690
3.127559,0.000000,0.000000,0.130395,0.000000,0.000000,0.000000,44700
3.127559,0.000000,0.000000,0.130395,0.000000,0.000000,0.000000,44710
3.127559,0.000000,0.000000,0.130395,0.000000,0.000000,0.000000,44720
3.127559,0.000000,0.000000,0.130395,0.000000,0.000000,0.000000,44730
3.127559,0.000000,0.000000,0.130395,0.000000,0.000000,0.000000,44740
3.127559,0.000000,0.000000,0.130395,0.000000,0.000000,0.000000,44750
3.127559,0.000000,0.000000,0.130395,0.000000,0.000000,0.000000,44760
3.127559,0.000000,0.000000,0.130395,0.000000,0.000000,0.000000,44770
3.127559,0.000000,0.000000,0.130395,0.000000,0.000000,0.000000,44780
3.127559,0.000000,0.000000,0.130395,0.000000,0.000000,0.000000,44790
3.127559,0.000000,0.000000,0.130395,0.000000,0.000000,0.000000,44800
3.127559,0.000000,0.000000,0.130395,0.000000,0.000000,0.000000,44810
3.127559,0.000000,0.000000,0.130395,0.000000,0.000000,0.000000,44820
3.127559,0.000000,0.000000,0.130395,0.000000,0.000000,0.000000,44830
3.127559,0.000000,0.000000,0.130395,0.000000,0.000000,0.000000,44840
3.127559,0.000000,0.000000,0.130395,0.000000,0.000000,0.000000,44850
3.127559,0.000000,0.000000,0.130395,0.000000,0.000000,0.000000,44860
3.127559,0.000000,0.000000,0.130395,0.000000,0.000000,0.000000,44870
3.127559,0.000000,0.000000,0.130395,0.000000,0.000000,0.000000,44880
3.127559,0.000000,0.000000,0.130395,0.000000,0.000000,0.000000,44890
3.127559,0.000000,0.000000,0.130395,0.000000,0.000000,0.000000,44900
3.127559,0.000000,0.000000,0.130395,0.000000,0.000000,0.000000,44910
3.127559,0.000000,0.000000,0.130395,0.000000,0.000000,0.000000,44920
3.127559,0.000000,0.000000,0.130395,0.000000,0.000000,0.000000,44930
3.127559,0.000000,0.000000,0.130395,0.000000,0.000000,0.000000,44940
3.127559,0.000000,0.000000,0.130395,0.000000,0.000000,0.000000,44950
3.127559,0.000000,0.000000,0.130395,0.000000,0.000000,0.000000,44960
3.127559,0.000000,0.000000,0.130395,0.000000,0.000000,0.000000,44970
3.127559,0.000000,0.000000,0.130395,0.000000,0.000000,0.000000,44980
3.127559,0.000000,0.000000,0.130395,0.000000,0.000000,0.000000,44990
3.127559,0.000000,0.000000,0.130395,0.000000,0.000000,0.000000,45000
3.127559,0.000000,0.000000,0.130395,0.000000,0.000000,0.000000,45010
3.127559,0.000000,0.000000,0.130395,0.000000,0.000000,0.000000,45020
3.127559,0.000000,0.000000,0.130395,0.000000,0.000000,0.000000,45030
3.127559,0.000000,0.000000,0.130395,0.000000,0.000000,0.000000,45040
3.127559,0.000000,0.000000,0.130395,0.000000,0.000000,0.000000,45050
3.127559,0.000000,0.000000,0.130395,0.000000,0.000000,0.000000,45060
3.127559,0.000000,0.000000,0.130395,0.000000,0.000000,0.000000,45070
3.127559,0.000000,0.000000,0.130395,0.000000,0.000000,0.000000,45080
3.127559,0.000000,0.000000,0.130395,0.000000,0.000000,0.000000,45090
3.127559,0.000000,0.000000,0.130395,0.000000,0.000000,0.000000,45100
3.127559,0.000000,0.000000,0.130395,0.000000,0.000000,0.000000,45110
3.127559,0.000000,0.000000,0.130395,0.000000,0.000000,0.000000,45120
3.127559,0.000000,0.000000,0.130395,0.000000,0.000000,0.000000,45130
3.127559,0.000000,0.000000,0.130395,0.000000,0.000000,0.000000,45140
3.127559,0.000000,0.000000,0.130395,0.000000,0.000000,0.000000,45150
3.127559,0.000000,0.000000,0.130395,0.000000,0.000000,0.000000,45160
3.127559,0.000000,0.000000,0.130395,0.000000,0.000000,0.000000,45170
3.127559,0.000000,0.000000,0.130395,0.000000,0.000000,0.000000,45180
3.127559,0.000000,0.000000,0.130395,0.000000,0.000000,0.000000,45190
3.127559,0.000000,0.000000,0.130395,0.000000,0.000000,0.000000,45200
3.127559,0.000000,0.000000,0.130395,0.000000,0.000000,0.000000,45210
3.127559,0.000000,0.000000,0.130395,0.000000,0.000000,0.000000,45220
3.127559,0.000000,0.000000,0.130395,0.000000,0.000000,0.000000,45230
3.127559,0.000000,0.000000,0.130395,0.000000,0.000000,0.000000,45240
3.127559,0.000000,0.000000,0.130395,0.000000,0.000000,0.000000,45250
3.127559,0.000000,0.000000,0.130395,0.000000,0.000000,0.000000,45260
3.127559,0.000000,0.000000,0.130395,0.000000,0.000000,0.000000,45270
3.127559,0.000000,0.000000,0.130395,0.000000,0.000000,0.000000,45280
3.127559,0.000000,0.000000,0.130395,0.000000,0.000000,0.000000,45290
3.127559,0.000000,0.000000,0.130395,0.000000,0.000000,0.000000,45300
3.127559,0.000000,0.000000,0.130395,0.000000,0.000000,0.000000,45310
3.127559,0.000000,0.000000,0.130395,0.000000,0.000000,0.000000,45320
3.127559,0.000000,0.000000,0.130395,0.000000,0.000000,0.000000,45330
3.127559,0.000000,0.000000,0.130395,0.000000,0.000000,0.000000,45340
3.127559,0.000000,0.000000,0.130395,0.000000,0.000000,0.000000,45350
3.127559,0.000000,0.000000,0.130395,0.000000,0.000000,0.000000,45360
3.127559,0.000000,0.000000,0.130395,0.000000,0.000000,0.000000,45370
3.127559,0.000000,0.000000,0.130395,0.000000,0.000000,0.000000,45380
3.127559,0.000000,0.000000,0.130395,0.000000,0.000000,0.000000,45390
3.127559,0.000000,0.000000,0.130395,0.000000,0.000000,0.000000,45400
3.127559,0.000000,0.000000,0.130395,0.000000,0.000000,0.000000,45410
3.127559,0.000000,0.000000,0.130395,0.000000,0.000000,0.000000,45420
3.127559,0.000000,0.000000,0.130395,0.000000,0.000000,0.000000,45430
3.127559,0.000000,0.000000,0.130395,0.000000,0.000000,0.000000,45440
3.127559,0.000000,0.000000,0.130395,0.000000,0.000000,0.000000,45450
3.127559,0.000000,0.000000,0.130395,0.000000,0.000000,0.000000,45460
3.127559,0.000000,0.000000,0.130395,0.000000,0.000000,0.000000,45470
3.127559,0.000000,0.000000,0.130395,0.000000,0.000000,0.000000,45480
3.127559,0.000000,0.000000,0.130395,0.000000,0.000000,0.000000,45490
3.127559,0.000000,0.000000,0.130395,0.000000,0.000000,0.000000,45500
3.127559,0.000000,0.000000,0.130395,0.000000,0.000000,0.000000,45510
3.127559,0.000000,0.000000,0.130395,0.000000,0.000000,0.000000,45520
3.127559,0.000000,0.000000,0.130395,0.000000,0.000000,0.000000,45530
3.127559,0.000000,0.000000,0.130395,0.000000,0.000000,0.000000,45540
3.127559,0.000000,0.000000,0.130395,0.000000,0.000000,0.000000,45550
3.127559,0.000000,0.000000,0.130395,0.000000,0.000000,0.000000,45560
3.127559,0.000000,0.000000,0.130395,0.000000,0.000000,0.000000,45570
3.127559,0.000000,0.000000,0.130395,0.000000,0.000000,0.000000,45580
3.127559,0.000000,0.000000,0.130395,0.000000,0.000000,0.000000,45590
3.127559,0.000000,0.000000,0.130395,0.000000,0.000000,0.000000,45600
3.127559,0.000000,0.000000,0.130395,0.000000,0.000000,0.000000,45610
3.127559,0.000000,0.000000,0.130395,0.000000,0.000000,0.000000,45620
3.127559,0.000000,0.000000,0.130395,0.000000,0.000000,0.000000,45630
3.127559,0.000000,0.000000,0.130395,0.000000,0.000000,0.000000,45640
3.127559,0.000000,0.000000,0.130395,0.000000,0.000000,0.000000,45650
3.127559,0.000000,0.000000,0.130395,0.000000,0.000000,0.000000,45660
3.127559,0.000000,0.000000,0.130395,0.000000,0.000000,0.000000,45670
3.127559,0.000000,0.000000,0.130395,0.000000,0.000000,0.000000,45680
3.127559,0.000000,0.000000,0.130395,0.000000,0.000000,0.000000,45690
3.127559,0.000000,0.000000,0.130395,0.000000,0.000000,0.000000,45700
3.127559,0.000000,0.000000,0.130395,0.000000,0.000000,0.000000,45710
3.127559,0.000000,0.000000,0.130395,0.000000,0.000000,0.000000,45720
3.127559,0.000000,0.000000,0.130395,0.000000,0.000000,0.000000,45730
3.127559,0.000000,0.000000,0.130395,0.000000,0.000000,0.000000,45740
3.127559,0.000000,0.000000,0.130395,0.000000,0.000000,0.000000,45750
3.127559,0.000000,0.000000,0.130395,0.000000,0.000000,0.000000,45760
3.127559,0.000000,0.000000,0.130395,0.000000,0.000000,0.000000,45770
3.127559,0.000000,0.000000,0.130395,0.000000,0.000000,0.000000,45780
3.127559,0.000000,0.000000,0.130395,0.000000,0.000000,0.000000,45790
3.127559,0.000000,0.000000,0.130395,0.000000,0.000000,0.000000,45800
3.127559,0.000000,0.000000,0.130395,0.000000,0.000000,0.000000,45810
3.127559,0.000000,0.000000,0.130395,0.000000,0.000000,0.000000,45820
3.127559,0.000000,0.000000,0.130395,0.000000,0.000000,0.000000,45830
3.127559,0.000000,0.000000,0.130395,0.000000,0.000000,0.000000,45840
3.127559,0.000000,0.000000,0.130395,0.000000,0.000000,0.000000,45850
3.127559,0.000000,0.000000,0.130395,0.000000,0.000000,0.000000,45860
3.127559,0.000000,0.000000,0.130395,0.000000,0.000000,0.000000,45870
3.127559,0.000000,0.000000,0.130395,0.000000,0.000000,0.000000,45880
3.127559,0.000000,0.000000,0.130395,0.000000,0.000000,0.000000,45890
3.127559,0.000000,0.000000,0.130395,0.000000,0.000000,0.000000,45900
3.127559,0.000000,0.000000,0.130395,0.000000,0.000000,0.000000,45910
3.127559,0.000000,0.000000,0.130395,0.000000,0.000000,0.000000,45920
3.127559,0.000000,0.000000,0.130395,0.000000,0.000000,0.000000,45930
3.127559,0.000000,0.000000,0.130395,0.000000,0.000000,0.000000,45940
3.127559,0.000000,0.000000,0.130395,0.000000,0.000000,0.000000,45950
3.127559,0.000000,0.000000,0.130395,0.000000,0.000000,0.000000,45960
3.127559,0.000000,0.000000,0.130395,0.000000,0.000000,0.000000,45970
3.127559,0.000000,0.000000,0.130395,0.000000,0.000000,0.000000,45980
3.127559,0.000000,0.000000,0.130395,0.000000,0.000000,0.000000,45990
3.127559,0.000000,0.000000,0.130395,0.000000,0.000000,0.000000,46000
3.127559,0.000000,0.000000,0.130395,0.000000,0.000000,0.000000,46010
3.127559,0.000000,0.000000,0.130395,0.000000,0.000000,0.000000,46020
3.127559,0.000000,0.000000,0.130395,0.000000,0.000000,0.000000,46030
3.127559,0.000000,0.000000,0.130395,0.000000,0.000000,0.000000,46040
3.127559,0.000000,0.000000,0.130395,0.000000,0.000000,0.000000,46050
3.127559,0.000000,0.000000,0.130395,0.000000,0.000000,0.000000,46060
3.127559,0.000000,0.000000,0.130395,0.000000,0.000000,0.000000,46070
3.127559,0.000000,0.000000,0.130395,0.000000,0.000000,0.000000,46080
3.127559,0.000000,0.000000,0.130395,0.000000,0.000000,0.000000,46090
3.127559,0.000000,0.000000,0.130395,0.000000,0.000000,0.000000,46100
3.127559,0.000000,0.000000,0.130395,0.000000,0.000000,0.000000,46110
3.127559,0.000000,0.000000,0.130395,0.000000,0.000000,0.000000,46120
3.127559,0.000000,0.000000,0.130395,0.000000,0.000000,0.000000,46130
3.127559,0.000000,0.000000,0.130395,0.000000,0.000000,0.000000,46140
3.127559,0.000000,0.000000,0.130395,0.000000,0.000000,0.000000,46150
3.127559,0.000000,0.000000,0.130395,0.000000,0.000000,0.000000,46160
3.127559,0.000000,0.000000,0.130395,0.000000,0.000000,0.000000,46170
3.127559,0.000000,0.000000,0.130395,0.000000,0.000000,0.000000,46180
3.127559,0.000000,0.000000,0.130395,0.000000,0.000000,0.000000,46190
3.127559,0.000000,0.000000,0.130395,0.000000,0.000000,0.000000,46200
3.127559,0.000000,0.000000,0.130395,0.000000,0.000000,0.000000,46210
3.127559,0.000000,0.000000,0.130395,0.000000,0.000000,0.000000,46220
3.127559,0.000000,0.000000,0.130395,0.000000,0.000000,0.000000,46230
3.127559,0.000000,0.000000,0.130395,0.000000,0.000000,0.000000,46240
3.127559,0.000000,0.000000,0.130395,0.000000,0.000000,0.000000,46250
3.127559,0.000000,0.000000,0.130395,0.000000,0.000000,0.000000,46260
3.127559,0.000000,0.000000,0.130395,0.000000,0.000000,0.000000,46270
3.127559,0.000000,0.000000,0.130395,0.000000,0.000000,0.000000,46280
3.127559,0.000000,0.000000,0.130395,0.000000,0.000000,0.000000,46290
3.127559,0.000000,0.000000,0.130395,0.000000,0.000000,0.000000,46300
3.127559,0.000000,0.000000,0.130395,0.000000,0.000000,0.000000,46310
3.127559,0.000000,0.000000,0.130395,0.000000,0.000000,0.000000,46320
3.127559,0.000000,0.000000,0.130395,0.000000,0.000000,0.000000,46330
3.127559,0.000000,0.000000,0.130395,0.000000,0.000000,0.000000,46340
3.127559,0.000000,0.000000,0.130395,0.000000,0.000000,0.000000,46350
3.127559,0.000000,0.000000,0.130395,0.000000,0.000000,0.000000,46360
3.127559,0.000000,0.000000,0.130395,0.000000,0.000000,0.000000,46370
3.127559,0.000000,0.000000,0.130395,0.000000,0.000000,0.000000,46380
3.127559,0.000000,0.000000,0.130395,0.000000,0.000000,0.000000,46390
3.127559,0.000000,0.000000,0.130395,0.000000,0.000000,0.000000,46400
3.127559,0.000000,0.000000,0.130395,0.000000,0.000000,0.000000,46410
3.127559,0.000000,0.000000,0.130395,0.000000,0.000000,0.000000,46420
3.127559,0.000000,0.000000,0.130395,0.000000,0.000000,0.000000,46430
3.127559,0.000000,0.000000,0.130395,0.000000,0.000000,0.000000,46440
3.127559,0.000000,0.000000,0.130395,0.000000,0.000000,0.000000,46450
3.127559,0.000000,0.000000,0.130395,0.000000,0.000000,0.000000,46460
3.127559,0.000000,0.000000,0.130395,0.000000,0.000000,0.000000,46470
3.127559,0.000000,0.000000,0.130395,0.000000,0.000000,0.000000,46480
3.127559,0.000000,0.000000,0.130395,0.000000,0.000000,0.000000,46490
3.127559,0.000000,0.000000,0.130395,0.000000,0.000000,0.000000,46500
3.127559,0.000000,0.000000,0.130395,0.000000,0.000000,0.010000,46510
3.127559,0.000000,0.000000,0.130395,0.000000,0.000000,0.030000,46520
3.127559,0.000000,0.000000,0.130395,0.000000,0.000000,0.050000,46530
3.127559,0.000000,0.000000,0.130395,0.000000,0.000000,0.070000,46540
3.127559,0.000000,0.000000,0.130395,0.000000,0.000000,0.090000,46550
3.127559,0.000000,0.000000,0.130395,0.000000,0.000000,0.110000,46560
3.127559,0.000000,0.000000,0.130395,0.000000,0.000000,0.130000,46570
3.127559,0.000000,0.000000,0.130395,0.000000,0.000000,0.150000,46580
3.127559,0.000000,0.000000,0.130395,0.000000,0.000000,0.170000,46590
3.127559,0.000000,0.000000,0.130395,0.000000,0.000000,0.190000,46600
3.127559,0.000000,0.000000,0.130395,0.000000,0.000000,0.210000,46610
3.127559,0.000000,0.000000,0.130395,0.000000,0.000000,0.230000,46620
3.127559,0.000000,0.000000,0.130395,0.000000,0.000000,0.250000,46630
3.127559,0.000000,0.000000,0.130395,0.000000,0.000000,0.270000,46640
3.127559,0.000000,0.000000,0.130395,0.000000,0.000000,0.290000,46650
3.127559,0.000000,0.000000,0.130395,0.000000,0.000000,0.310000,46660
3.127559,0.000000,0.000000,0.130395,0.000000,0.000000,0.330000,46670
3.127559,0.000000,0.000000,0.130395,0.000000,0.000000,0.350000,46680
3.127559,0.000000,0.000000,0.137639,0.724414,0.181103,0.370000,46690
3.127559,0.000000,0.000000,0.144883,0.724414,0.316931,0.390000,46700
3.129093,0.000000,0.076699,0.152127,0.724415,0.418802,0.410000,46710
3.129093,0.000000,0.038350,0.152127,0.000000,0.314102,0.430000,46720
3.129093,0.000000,0.019175,0.152127,0.000000,0.235576,0.450000,46730
3.129093,0.000000,0.009587,0.159371,0.724414,0.357786,0.470000,46740
3.127559,0.000000,-0.071906,0.159371,0.000000,0.268339,0.490000,46750
3.127559,0.000000,-0.035953,0.159371,0.000000,0.201254,0.510000,46760
3.127559,0.000000,-0.017976,0.159371,0.000000,0.150941,0.530000,46770
3.127559,0.000000,-0.008988,0.159371,0.000000,0.113206,0.550000,46780
3.127559,0.000000,-0.004494,0.159371,0.000000,0.084904,0.570000,46790
3.127559,0.000000,-0.002247,0.159371,0.000000,0.063678,0.590000,46800
3.127559,0.000000,-0.001124,0.159371,0.000000,0.047759,0.610000,46810
3.127559,0.000000,-0.000562,0.159371,0.000000,0.035819,0.630000,46820
3.127559,0.000000,-0.000281,0.159371,0.000000,0.026864,0.650000,46830
3.127559,0.000000,-0.000140,0.159371,0.000000,0.020148,0.670000,46840
3.127559,0.000000,-0.000070,0.159371,0.000000,0.015111,0.690000,46850
3.127559,0.000000,-0.000035,0.166615,0.724414,0.192437,0.710000,46860
3.127559,0.000000,-0.000018,0.173859,0.724414,0.325431,0.730000,46870
3.129093,0.000000,0.076690,0.195592,2.173244,0.787384,0.750000,46880
3.130627,0.000000,0.115044,0.217324,2.173244,1.133849,0.770000,46890
3.132161,0.000000,0.134222,0.246301,2.897656,1.574801,0.790000,46900
3.132161,0.000000,0.067111,0.275277,2.897657,1.905515,0.810000,46910
3.133695,0.000000,0.110255,0.311498,3.622073,2.334655,0.830000,46920
3.135229,0.000000,0.131827,0.340475,2.897656,2.475405,0.850000,46930
3.135229,0.000000,0.065913,0.376695,3.622073,2.762072,0.870000,46940
3.136763,0.000000,0.109656,0.412916,3.622070,2.977071,0.890000,46950
3.136763,0.000000,0.054828,0.449137,3.622073,3.138322,0.910000,46960
3.138297,0.000000,0.104113,0.485358,3.622070,3.259259,0.930000,46970
3.139831,0.000000,0.128756,0.528822,4.346484,3.531065,0.950000,46980
3.139831,0.000000,0.064378,0.565043,3.622073,3.553817,0.970000,46990
3.141365,0.000000,0.108888,0.608508,4.346490,3.751985,0.990000,47000
3.141365,0.000000,0.054444,0.651973,4.346484,3.900610,1.010000,47010
3.141365,0.000000,0.027222,0.702682,5.070901,4.193183,1.030000,47020
3.142899,0.000000,0.090310,0.746147,4.346484,4.231508,1.050000,47030
3.142899,0.000000,0.045155,0.796856,5.070901,4.441357,1.070000,47040
3.142899,0.000000,0.022578,0.847565,5.070901,4.598742,1.090000,47050
3.142899,0.000000,0.011289,0.898274,5.070901,4.716782,1.110000,47060
3.144433,0.000000,0.082344,0.948983,5.070901,4.805312,1.130000,47070
3.144433,0.000000,0.041172,0.999692,5.070901,4.871709,1.150000,47080
3.142899,0.000000,-0.056113,1.057645,5.795306,5.102609,1.170000,47090
3.142899,0.000000,-0.028057,1.115598,5.795324,5.275787,1.190000,47100
3.142899,0.000000,-0.014028,1.173551,5.795312,5.405668,1.210000,47110
3.142899,0.000000,-0.007014,1.231504,5.795312,5.503079,1.230000,47120
3.142899,0.000000,-0.003507,1.289457,5.795312,5.576138,1.250000,47130
3.142899,0.000000,-0.001754,1.354655,6.519735,5.812037,1.270000,47140
3.142899,0.000000,-0.000877,1.412608,5.795312,5.807856,1.290000,47150
3.142899,0.000000,-0.000438,1.477805,6.519735,5.985826,1.310000,47160
3.142899,0.000000,-0.000219,1.543002,6.519723,6.119300,1.330000,47170
3.142899,0.000000,-0.000110,1.608200,6.519735,6.219409,1.350000,47180
3.142899,0.000000,-0.000055,1.673397,6.519723,6.294487,1.370000,47190
3.142899,0.000000,-0.000027,1.745839,7.244146,6.531902,1.390000,47200
3.142899,0.000000,-0.000014,1.811036,6.519723,6.528857,1.410000,47210
3.144433,0.000000,0.076692,1.883477,7.244146,6.707679,1.430000,47220
3.142899,0.000000,-0.038353,1.955919,7.244146,6.841796,1.450000,47230
3.142899,0.000000,-0.019177,2.028360,7.244146,6.942383,1.470000,47240
3.142899,0.000000,-0.009588,2.108046,7.968545,7.198924,1.490000,47250
3.142899,0.000000,-0.004794,2.180487,7.244158,7.210232,1.510000,47260
3.142899,0.000000,-0.002397,2.260173,7.968545,7.399811,1.530000,47270
3.142899,0.000000,-0.001199,2.339858,7.968569,7.542000,1.550000,47280
3.142899,0.000000,-0.000599,2.419544,7.968545,7.648637,1.570000,47290
3.142899,0.000000,-0.000300,2.499229,7.968569,7.728620,1.590000,47300
3.142899,0.000000,-0.000150,2.586159,8.692980,7.969710,1.610000,47310
3.142899,0.000000,-0.000075,2.665845,7.968545,7.969419,1.630000,47320
3.142899,0.000000,-0.000037,2.752774,8.692980,8.150309,1.650000,47330
3.142899,0.000000,-0.000019,2.839704,8.692956,8.285971,1.670000,47340
3.142899,0.000000,-0.000009,2.926634,8.692980,8.387723,1.690000,47350
3.142899,0.000000,-0.000005,3.013564,8.692980,8.464037,1.710000,47360
3.142899,0.000000,-0.000002,3.107737,9.417367,8.702370,1.730000,47370
3.142899,0.000000,-0.000001,3.194667,8.692980,8.700022,1.750000,47380
3.142899,0.000000,-0.000001,3.288841,9.417391,8.879364,1.770000,47390
3.142899,0.000000,-0.000000,3.375771,8.692980,8.832767,1.790000,47400
3.142899,0.000000,-0.000000,3.469944,9.417367,8.978917,1.810000,47410
3.142899,0.000000,-0.000000,3.556874,8.692980,8.907433,1.830000,47420
3.141365,0.000000,-0.076699,3.658292,10.141802,9.216024,1.850000,47430
3.141365,0.000000,-0.038350,3.752466,9.417391,9.266366,1.870000,47440
3.141365,0.000000,-0.019175,3.846640,9.417391,9.304123,1.890000,47450
3.142899,0.000000,0.067112,3.948058,10.141802,9.513542,1.910000,47460
3.141365,0.000000,-0.043143,4.049476,10.141802,9.670607,1.930000,47470
3.141365,0.000000,-0.021572,4.150894,10.141802,9.788405,1.950000,47480
3.141365,0.000000,-0.010786,4.259556,10.866213,10.057858,1.970000,47490
3.141365,0.000000,-0.005393,4.368218,10.866213,10.259947,1.990000,47500
3.141365,0.000000,-0.002696,4.476881,10.866213,10.411513,2.010000,47510
3.142899,0.000000,0.075351,4.585543,10.866213,10.525188,2.030000,47520
3.142899,0.000000,0.037676,4.701449,11.590624,10.791548,2.050000,47530
3.142899,0.000000,0.018838,4.817355,11.590624,10.991316,2.070000,47540
3.142899,0.000000,0.009419,4.933261,11.590624,11.141142,2.090000,47550
3.142899,0.000000,0.004709,5.049168,11.590624,11.253511,2.110000,47560
3.144433,0.000000,0.079054,5.172318,12.315083,11.518905,2.130000,47570
3.144433,0.000000,0.039527,5.295469,12.315035,11.717937,2.150000,47580
3.145967,0.000000,0.096463,5.418619,12.315035,11.867212,2.170000,47590
3.145967,0.000000,0.048231,5.541770,12.315035,11.979168,2.190000,47600
3.144433,0.000000,-0.052584,5.672164,13.039446,12.244238,2.210000,47610
3.144433,0.000000,-0.026292,5.802559,13.039494,12.443051,2.230000,47620
3.144433,0.000000,-0.013146,5.932953,13.039446,12.592150,2.250000,47630
3.145967,0.000000,0.070126,6.063348,13.039446,12.703974,2.270000,47640
3.145967,0.000000,0.035063,6.200986,13.763857,12.968945,2.290000,47650
3.145967,0.000000,0.017532,6.331381,13.039494,12.986582,2.310000,47660
3.145967,0.000000,0.008766,6.469020,13.763857,13.180901,2.330000,47670
3.145967,0.000000,0.004383,6.606658,13.763857,13.326639,2.350000,47680
3.145967,0.000000,0.002191,6.744298,13.763905,13.435956,2.370000,47690
3.145967,0.000000,0.001096,6.881936,13.763857,13.517931,2.390000,47700
3.145967,0.000000,0.000548,7.019575,13.763857,13.579412,2.410000,47710
3.145967,0.000000,0.000274,7.164458,14.488316,13.806638,2.430000,47720
3.145967,0.000000,0.000137,7.309340,14.488268,13.977045,2.450000,47730
3.145967,0.000000,0.000068,7.454223,14.488268,14.104851,2.470000,47740
3.145967,0.000000,0.000034,7.599106,14.488316,14.200717,2.490000,47750
3.145967,0.000000,0.000017,7.743989,14.488268,14.272604,2.510000,47760
3.145967,0.000000,0.000009,7.888872,14.488316,14.326531,2.530000,47770
3.145967,0.000000,0.000004,8.033754,14.488220,14.366954,2.550000,47780
3.144433,0.000000,-0.076697,8.185882,15.212727,14.578397,2.570000,47790
3.144433,0.000000,-0.038349,8.338009,15.212727,14.736979,2.590000,47800
3.144433,0.000000,-0.019174,8.482892,14.488316,14.674813,2.610000,47810
3.144433,0.000000,-0.009587,8.642262,15.937042,14.990371,2.630000,47820
3.144433,0.000000,-0.004794,8.794390,15.212727,15.045959,2.650000,47830
3.142899,0.000000,-0.079096,8.953761,15.937138,15.268754,2.670000,47840
3.142899,0.000000,-0.039548,9.105888,15.212727,15.254747,2.690000,47850
3.142899,0.000000,-0.019774,9.265259,15.937042,15.425322,2.710000,47860
3.142899,0.000000,-0.009887,9.424630,15.937138,15.553275,2.730000,47870
3.144433,0.000000,0.071756,9.591246,16.661549,15.830343,2.750000,47880
3.144433,0.000000,0.035878,9.757861,16.661549,16.038143,2.770000,47890
3.144433,0.000000,0.017939,9.924476,16.661453,16.193970,2.790000,47900
3.145967,0.000000,0.085669,10.098335,17.385960,16.491966,2.810000,47910
3.145967,0.000000,0.042834,10.264951,16.661549,16.534363,2.830000,47920
3.145967,0.000000,0.021417,10.446054,18.110371,16.928364,2.850000,47930
3.144433,0.000000,-0.065991,10.619914,17.385960,17.042763,2.870000,47940
3.144433,0.000000,-0.032995,10.793774,17.385960,17.128563,2.890000,47950
3.145967,0.000000,0.060202,10.974877,18.110371,17.374016,2.910000,47960
3.147501,0.000000,0.106800,11.155980,18.110275,17.558081,2.930000,47970
3.147501,0.000000,0.053400,11.329840,17.385960,17.515049,2.950000,47980
3.147501,0.000000,0.026700,11.518188,18.834782,17.844982,2.970000,47990
3.147501,0.000000,0.013350,11.699291,18.110371,17.911329,2.990000,48000
3.147501,0.000000,0.006675,11.887639,18.834782,18.142193,3.010000,48010
3.147501,0.000000,0.003338,12.068743,18.110371,18.134237,3.030000,48020
3.147501,0.000000,0.001669,12.257091,18.834782,18.309372,3.050000,48030
3.147501,0.000000,0.000834,12.438194,18.110371,18.259621,3.070000,48040
3.147501,0.000000,0.000417,12.626541,18.834686,18.403387,3.090000,48050
3.147501,0.000000,0.000209,12.814889,18.834782,18.511234,3.110000,48060
3.145967,0.000000,-0.076595,13.003237,18.834782,18.592121,3.130000,48070
3.145967,0.000000,-0.038297,13.191585,18.834782,18.652786,3.150000,48080
3.145967,0.000000,-0.019149,13.387177,19.559193,18.879387,3.170000,48090
3.144433,0.000000,-0.086274,13.582768,19.559193,19.049339,3.190000,48100
3.144433,0.000000,-0.043137,13.778360,19.559193,19.176804,3.210000,48110
3.144433,0.000000,-0.021568,13.973952,19.559193,19.272400,3.230000,48120
3.144433,0.000000,-0.010784,14.169544,19.559193,19.344097,3.250000,48130
3.144433,0.000000,-0.005392,14.372380,20.283604,19.578974,3.270000,48140
3.144433,0.000000,-0.002696,14.582460,21.008015,19.936234,3.290000,48150
3.145967,0.000000,0.075351,14.785296,20.283604,20.023075,3.310000,48160
3.145967,0.000000,0.037676,14.995377,21.008015,20.269310,3.330000,48170
3.144433,0.000000,-0.057861,15.205457,21.008015,20.453987,3.350000,48180
3.144433,0.000000,-0.028931,15.415537,21.008015,20.592495,3.370000,48190
3.145967,0.000000,0.062234,15.625617,21.008015,20.696375,3.390000,48200
3.145967,0.000000,0.031117,15.835697,21.008015,20.774284,3.410000,48210
3.145967,0.000000,0.015558,16.053020,21.732330,21.013796,3.430000,48220
3.145967,0.000000,0.007779,16.270346,21.732521,21.193478,3.450000,48230
3.145967,0.000000,0.003890,16.487669,21.732330,21.328190,3.470000,48240
3.147501,0.000000,0.078644,16.712238,22.456932,21.610374,3.490000,48250
3.147501,0.000000,0.039322,16.929564,21.732521,21.640911,3.510000,48260
3.147501,0.000000,0.019661,17.154131,22.456741,21.844868,3.530000,48270
3.147501,0.000000,0.009831,17.378700,22.456932,21.997885,3.550000,48280
3.147501,0.000000,0.004915,17.603268,22.456741,22.112598,3.569999,48290
3.147501,0.000000,0.002458,17.827837,22.456932,22.198683,3.590000,48300
3.145967,0.000000,-0.075470,18.052404,22.456741,22.263197,3.610000,48310
3.145967,0.000000,-0.037735,18.284218,23.181343,22.492733,3.630000,48320
3.144433,0.000000,-0.095567,18.516029,23.181152,22.664837,3.650000,48330
3.145967,0.000000,0.028916,18.740599,22.456932,22.612860,3.670000,48340
3.145967,0.000000,0.014458,18.972410,23.181152,22.754932,3.690000,48350
3.144433,0.000000,-0.069470,19.211468,23.905754,23.042639,3.710000,48360
3.145967,0.000000,0.041964,19.450525,23.905754,23.258417,3.730000,48370
3.145967,0.000000,0.020982,19.689581,23.905563,23.420204,3.750000,48380
3.145967,0.000000,0.010491,19.935883,24.630165,23.722694,3.770000,48390
3.144433,0.000000,-0.071454,20.182182,24.629974,23.949514,3.790000,48400
3.145967,0.000000,0.040972,20.421240,23.905754,23.938574,3.810000,48410
3.147501,0.000000,0.097185,20.667540,24.629974,24.111423,3.830000,48420
3.145967,0.000000,-0.028107,20.913841,24.630165,24.241110,3.850000,48430
3.145967,0.000000,-0.014053,21.160143,24.630165,24.338373,3.870000,48440
3.145967,0.000000,-0.007027,21.406443,24.629974,24.411274,3.890000,48450
3.147501,0.000000,0.073186,21.652744,24.630165,24.465998,3.910000,48460
3.145967,0.000000,-0.040106,21.906288,25.354385,24.688095,3.930001,48470
3.145967,0.000000,-0.020053,22.152590,24.630165,24.673613,3.950000,48480
3.145967,0.000000,-0.010027,22.406136,25.354576,24.843853,3.970000,48490
3.145967,0.000000,-0.005013,22.659679,25.354385,24.971485,3.990000,48500
3.144433,0.000000,-0.079206,22.913225,25.354576,25.067259,3.990000,48510
3.142899,0.000000,-0.116302,23.166769,25.354385,25.139040,3.990000,48520
3.144433,0.000000,0.018548,23.420315,25.354576,25.192924,3.990000,48530
3.144433,0.000000,0.009274,23.681105,26.078987,25.414440,3.990000,48540
3.144433,0.000000,0.004637,23.941893,26.078796,25.580528,3.990000,48550
3.144433,0.000000,0.002319,24.209927,26.803398,25.886246,3.990000,48560
3.144433,0.000000,0.001159,24.470716,26.078987,25.934431,3.990000,48570
3.142899,0.000000,-0.076120,24.731504,26.078796,25.970522,3.990000,48580
3.142899,0.000000,-0.038060,24.992294,26.078987,25.997639,3.990000,48590
3.144433,0.000000,0.057669,25.253082,26.078796,26.017929,3.990000,48600
3.144433,0.000000,0.028835,25.521116,26.803398,26.214296,3.990000,48610
3.142899,0.000000,-0.062282,25.789150,26.803398,26.361572,3.990000,48620
3.142899,0.000000,-0.031141,26.049938,26.078796,26.290878,3.990000,48630
3.142899,0.000000,-0.015570,26.310728,26.078987,26.237906,3.990000,48640
3.142899,0.000000,-0.007785,26.571518,26.078987,26.198175,3.990000,48650
3.141365,0.000000,-0.080592,26.832306,26.078796,26.168331,3.990000,48660
3.141365,0.000000,-0.040296,27.093096,26.078987,26.145994,3.990000,48670
3.141365,0.000000,-0.020148,27.353884,26.078796,26.129194,3.990000,48680
3.138297,-0.306797,-0.163473,27.614674,26.078987,26.116642,3.990000,48690
3.136763,0.000000,-0.158436,27.868219,25.354576,25.926126,3.990000,48700
3.138297,0.000000,-0.002518,28.121763,25.354385,25.783192,3.990000,48710
3.136763,0.000000,-0.077959,28.382553,26.078987,25.857141,3.990000,48720
3.136763,0.000000,-0.038979,28.643343,26.078987,25.912603,3.990000,48730
3.135229,0.000000,-0.096189,28.904131,26.078796,25.954151,3.990000,48740
3.135229,0.000000,-0.048094,29.157677,25.354576,25.804258,3.990000,48750
3.133695,0.000000,-0.100746,29.418465,26.078796,25.872892,3.990000,48760
3.133695,0.000000,-0.050373,29.679255,26.078987,25.924416,3.990000,48770
3.135229,0.000000,0.051513,29.940044,26.078987,25.963058,0.000000,48780
3.133695,0.000000,-0.050943,30.164612,22.456741,25.086479,0.000000,48790
3.130627,-0.306797,-0.178870,30.338472,17.386055,23.161373,0.000000,48800
3.122957,-0.766993,-0.472931,30.461622,12.314987,20.449776,0.000000,48810
3.113753,-0.920391,-0.696661,30.555796,9.417343,17.691668,0.000000,48820
3.103015,-1.073790,-0.885225,30.613749,5.795288,14.717573,0.000000,48830
3.092277,-1.073790,-0.979508,30.657213,4.346466,12.124796,0.000000,48840
3.081539,-1.073790,-1.026649,30.686190,2.897644,9.818008,0.000000,48850
3.070801,-1.073766,-1.050207,30.693434,0.724411,7.544609,0.000000,48860
3.058530,-1.227188,-1.138698,30.700678,0.724411,5.839560,0.000000,48870
3.047792,-1.073790,-1.106244,30.707922,0.724411,4.560772,0.000000,48880
3.037054,-1.073790,-1.090017,30.707922,0.000000,3.420579,0.000000,48890
3.027850,-0.920391,-1.005204,30.707922,0.000000,2.565434,0.000000,48900
3.018646,-0.920391,-0.962797,30.707922,0.000000,1.924076,0.000000,48910
3.012510,-0.613594,-0.788196,30.707922,0.000000,1.443057,0.000000,48920
3.004840,-0.766993,-0.777594,30.707922,0.000000,1.082293,0.000000,48930
2.998704,-0.613594,-0.695594,30.707922,0.000000,0.811719,0.000000,48940
2.994102,-0.460172,-0.577883,30.707922,0.000000,0.608790,0.000000,48950
2.991035,-0.306797,-0.442340,30.707922,0.000000,0.456592,0.000000,48960
2.987967,-0.306797,-0.374568,30.707922,0.000000,0.342444,0.000000,48970
2.986433,0.000000,-0.263983,30.707922,0.000000,0.256833,0.000000,48980
2.984899,0.000000,-0.208691,30.707922,0.000000,0.192625,0.000000,48990
2.984899,0.000000,-0.104346,30.707922,0.000000,0.144469,0.000000,49000
2.986433,0.000000,0.024527,30.707922,0.000000,0.108351,0.000000,49010
2.989501,0.306797,0.165662,30.707922,0.000000,0.081264,0.000000,49020
2.991035,0.000000,0.159530,30.707922,0.000000,0.060948,0.000000,49030
2.995636,0.460172,0.309851,30.707922,0.000000,0.045711,0.000000,49040
3.000238,0.460196,0.385023,30.707922,0.000000,0.034283,0.000000,49050
3.006374,0.613594,0.499309,30.707922,0.000000,0.025712,0.000000,49060
3.010976,0.460196,0.479752,30.707922,0.000000,0.019284,0.000000,49070
3.018646,0.766993,0.623372,30.707922,0.000000,0.014463,0.000000,49080
3.024782,0.613594,0.618483,30.707922,0.000000,0.010847,0.000000,49090
3.032452,0.766993,0.692738,30.707922,0.000000,0.008136,0.000000,49100
3.041656,0.920391,0.806564,30.707922,0.000000,0.006102,0.000000,49110
3.049326,0.766993,0.786779,30.707922,0.000000,0.004576,0.000000,49120
3.058530,0.920391,0.853585,30.707922,0.000000,0.003432,0.000000,49130
3.067734,0.920391,0.886988,30.707922,0.000000,0.002574,0.000000,49140
3.076937,0.920367,0.903678,30.707922,0.000000,0.001931,0.000000,49150
3.087675,1.073790,0.988734,30.707922,0.000000,0.001448,0.000000,49160
3.096879,0.920391,0.954562,30.707922,0.000000,0.001086,0.000000,49170
3.106083,0.920391,0.937477,30.707922,0.000000,0.000814,0.000000,49180
3.116821,1.073790,1.005633,30.707922,0.000000,0.000611,0.000000,49190
3.126025,0.920391,0.963012,30.707922,0.000000,0.000458,0.000000,49200
3.136763,1.073790,1.018401,30.707922,0.000000,0.000344,0.000000,49210
3.145967,0.920391,0.969396,30.707922,0.000000,0.000258,0.000000,49220
3.155170,0.920391,0.944894,30.707922,0.000000,0.000193,0.000000,49230
3.164374,0.920367,0.932630,30.707922,0.000000,0.000145,0.000000,49240
3.173578,0.920391,0.926511,30.707922,0.000000,0.000109,0.000000,49250
3.181248,0.766993,0.846752,30.707922,0.000000,0.000082,0.000000,49260
3.188918,0.766993,0.806872,30.707922,0.000000,0.000061,0.000000,49270
3.195054,0.613594,0.710233,30.707922,0.000000,0.000046,0.000000,49280
3.202724,0.766993,0.738613,30.707922,0.000000,0.000034,0.000000,49290
3.208860,0.613594,0.676103,30.707922,0.000000,0.000026,0.000000,49300
3.213462,0.460196,0.568150,30.707922,0.000000,0.000019,0.000000,49310
3.218064,0.460196,0.514173,30.707922,0.000000,0.000015,0.000000,49320
3.221132,0.306797,0.410485,30.707922,0.000000,0.000011,0.000000,49330
3.225734,0.460196,0.435340,30.707922,0.000000,0.000008,0.000000,49340
3.228801,0.306797,0.371069,30.707922,0.000000,0.000006,0.000000,49350
3.230335,0.000000,0.262234,30.707922,0.000000,0.000005,0.000000,49360
3.230335,0.000000,0.131117,30.707922,0.000000,0.000003,0.000000,49370
3.231869,0.000000,0.142258,30.707922,0.000000,0.000003,0.000000,49380
3.230335,0.000000,-0.005570,30.707922,0.000000,0.000002,0.000000,49390
3.228801,0.000000,-0.079484,30.707922,0.000000,0.000001,0.000000,49400
3.227268,0.000000,-0.116441,30.707922,0.000000,0.000001,0.000000,49410
3.225734,0.000000,-0.134920,30.707922,0.000000,0.000001,0.000000,49420
3.222666,-0.306797,-0.220859,30.707922,0.000000,0.000001,0.000000,49430
3.219598,-0.306797,-0.263828,30.707922,0.000000,0.000000,0.000000,49440
3.214996,-0.460196,-0.362012,30.707922,0.000000,0.000000,0.000000,49450
3.210394,-0.460196,-0.411104,30.707922,0.000000,0.000000,0.000000,49460
3.205792,-0.460196,-0.435650,30.707922,0.000000,0.000000,0.000000,49470
3.201190,-0.460196,-0.447923,30.707922,0.000000,0.000000,0.000000,49480
3.195054,-0.613594,-0.530758,30.707922,0.000000,0.000000,0.000000,49490
3.190452,-0.460196,-0.495477,30.707922,0.000000,0.000000,0.000000,49500
3.184316,-0.613594,-0.554536,30.707922,0.000000,0.000000,0.000000,49510
3.178180,-0.613594,-0.584065,30.707922,0.000000,0.000000,0.000000,49520
3.170510,-0.766993,-0.675529,30.707922,0.000000,0.000000,0.000000,49530
3.164374,-0.613594,-0.644561,30.707922,0.000000,0.000000,0.000000,49540
3.158238,-0.613570,-0.629066,30.707922,0.000000,0.000000,0.000000,49550
3.150568,-0.766993,-0.698029,30.707922,0.000000,0.000000,0.000000,49560
3.144433,-0.613594,-0.655812,30.707922,0.000000,0.000000,0.000000,49570
3.138297,-0.613594,-0.634703,30.707922,0.000000,0.000000,0.000000,49580
3.130627,-0.766993,-0.700848,30.707922,0.000000,0.000000,0.000000,49590
3.124491,-0.613594,-0.657221,30.707922,0.000000,0.000000,0.000000,49600
3.118355,-0.613594,-0.635407,30.707922,0.000000,0.000000,0.000000,49610
3.112219,-0.613594,-0.624501,30.707922,0.000000,0.000000,0.000000,49620
3.106083,-0.613594,-0.619047,30.707922,0.000000,0.000000,0.000000,49630
3.101481,-0.460196,-0.539621,30.707922,0.000000,0.000000,0.000000,49640
3.095345,-0.613594,-0.576608,30.707922,0.000000,0.000000,0.000000,49650
3.090743,-0.460196,-0.518402,30.707922,0.000000,0.000000,0.000000,49660
3.086141,-0.460196,-0.489299,30.707922,0.000000,0.000000,0.000000,49670
3.081539,-0.460196,-0.474747,30.707922,0.000000,0.000000,0.000000,49680
3.078471,-0.306797,-0.390772,30.707922,0.000000,0.000000,0.000000,49690
3.075403,-0.306797,-0.348785,30.707922,0.000000,0.000000,0.000000,49700
3.072335,-0.306797,-0.327791,30.707922,0.000000,0.000000,0.000000,49710
3.070801,0.000000,-0.240583,30.707922,0.000000,0.000000,0.000000,49720
3.069268,0.000000,-0.196991,30.707922,0.000000,0.000000,0.000000,49730
3.067734,0.000000,-0.175195,30.707922,0.000000,0.000000,0.000000,49740
3.067734,0.000000,-0.087597,30.707922,0.000000,0.000000,0.000000,49750
3.067734,0.000000,-0.043799,30.707922,0.000000,0.000000,0.000000,49760
3.067734,0.000000,-0.021899,30.707922,0.000000,0.000000,0.000000,49770
3.067734,0.000000,-0.010950,30.707922,0.000000,0.000000,0.000000,49780
3.069268,0.000000,0.071224,30.707922,0.000000,0.000000,0.000000,49790
3.070801,0.000000,0.112311,30.707922,0.000000,0.000000,0.000000,49800
3.072335,0.000000,0.132843,30.707922,0.000000,0.000000,0.000000,49810
3.073869,0.000000,0.143121,30.707922,0.000000,0.000000,0.000000,49820
3.075403,0.000000,0.148260,30.707922,0.000000,0.000000,0.000000,49830
3.078471,0.306797,0.227528,30.707922,0.000000,0.000000,0.000000,49840
3.081539,0.306797,0.267163,30.707922,0.000000,0.000000,0.000000,49850
3.083073,0.000000,0.210281,30.707922,0.000000,0.000000,0.000000,49860
3.087675,0.460196,0.335238,30.707922,0.000000,0.000000,0.000000,49870
3.090743,0.306797,0.321018,30.707922,0.000000,0.000000,0.000000,49880
3.093811,0.306797,0.313907,30.707922,0.000000,0.000000,0.000000,49890
3.096879,0.306797,0.310352,30.707922,0.000000,0.000000,0.000000,49900
3.101481,0.460196,0.385274,30.707922,0.000000,0.000000,0.000000,49910
3.104549,0.306797,0.346035,30.707922,0.000000,0.000000,0.000000,49920
3.107617,0.306797,0.326416,30.707922,0.000000,0.000000,0.000000,49930
3.112219,0.460196,0.393306,30.707922,0.000000,0.000000,0.000000,49940
3.115287,0.306797,0.350051,30.707922,0.000000,0.000000,0.000000,49950
3.119889,0.460196,0.405124,30.707922,0.000000,0.000000,0.000000,49960
3.124491,0.460196,0.432660,30.707922,0.000000,0.000000,0.000000,49970
3.127559,0.306797,0.369728,30.707922,0.000000,0.000000,0.000000,49980
3.132161,0.460196,0.414962,30.707922,0.000000,0.000000,0.000000,49990
3.135229,0.306797,0.360879,30.707922,0.000000,0.000000,0.000000,50000
3.138297,0.306797,0.333838,30.707922,0.000000,0.000000,0.000000,50010
3.141365,0.306797,0.320318,30.707922,0.000000,0.000000,0.000000,50020
3.144433,0.306797,0.313557,30.707922,0.000000,0.000000,0.000000,50030
3.147501,0.306797,0.310177,30.707922,0.000000,0.000000,0.000000,50040
3.150568,0.306797,0.308487,30.707922,0.000000,0.000000,0.000000,50050
3.152102,0.000000,0.230943,30.707922,0.000000,0.000000,0.000000,50060
3.155170,0.306797,0.268870,30.707922,0.000000,0.000000,0.000000,50070
3.156704,0.000000,0.211134,30.707922,0.000000,0.000000,0.000000,50080
3.158238,0.000000,0.182266,30.707922,0.000000,0.000000,0.000000,50090
3.159772,0.000000,0.167832,30.707922,0.000000,0.000000,0.000000,50100
3.161306,0.000000,0.160615,30.707922,0.000000,0.000000,0.000000,50110
3.161306,0.000000,0.080308,30.707922,0.000000,0.000000,0.000000,50120
3.162840,0.000000,0.116841,30.707922,0.000000,0.000000,0.000000,50130
3.162840,0.000000,0.058421,30.707922,0.000000,0.000000,0.000000,50140
3.162840,0.000000,0.029210,30.707922,0.000000,0.000000,0.000000,50150
3.161306,0.000000,-0.062082,30.707922,0.000000,0.000000,0.000000,50160
3.161306,0.000000,-0.031041,30.707922,0.000000,0.000000,0.000000,50170
3.159772,0.000000,-0.092220,30.707922,0.000000,0.000000,0.000000,50180
3.159772,0.000000,-0.046110,30.707922,0.000000,0.000000,0.000000,50190
3.158238,0.000000,-0.099754,30.707922,0.000000,0.000000,0.000000,50200
3.156704,0.000000,-0.126576,30.707922,0.000000,0.000000,0.000000,50210
3.156704,0.000000,-0.063288,30.707922,0.000000,0.000000,0.000000,50220
3.155170,0.000000,-0.108343,30.707922,0.000000,0.000000,0.000000,50230
3.153636,0.000000,-0.130871,30.707922,0.000000,0.000000,0.000000,50240
3.152102,0.000000,-0.142135,30.707922,0.000000,0.000000,0.000000,50250
3.150568,0.000000,-0.147767,30.707922,0.000000,0.000000,0.000000,50260
3.147501,-0.306797,-0.227282,30.707922,0.000000,0.000000,0.000000,50270
3.147501,0.000000,-0.113641,30.707922,0.000000,0.000000,0.000000,50280
3.144433,-0.306797,-0.210219,30.707922,0.000000,0.000000,0.000000,50290
3.142899,0.000000,-0.181809,30.707922,0.000000,0.000000,0.000000,50300
3.141365,0.000000,-0.167604,30.707922,0.000000,0.000000,0.000000,50310
3.139831,0.000000,-0.160501,30.707922,0.000000,0.000000,0.000000,50320
3.138297,0.000000,-0.156950,30.707922,0.000000,0.000000,0.000000,50330
3.136763,0.000000,-0.155174,30.707922,0.000000,0.000000,0.000000,50340
3.135229,0.000000,-0.154286,30.707922,0.000000,0.000000,0.000000,50350
3.133695,0.000000,-0.153842,30.707922,0.000000,0.000000,0.000000,50360
3.132161,0.000000,-0.153620,30.707922,0.000000,0.000000,0.000000,50370
3.132161,0.000000,-0.076810,30.707922,0.000000,0.000000,0.000000,50380
3.130627,0.000000,-0.115104,30.707922,0.000000,0.000000,0.000000,50390
3.129093,0.000000,-0.134251,30.707922,0.000000,0.000000,0.000000,50400
3.129093,0.000000,-0.067126,30.707922,0.000000,0.000000,0.000000,50410
3.127559,0.000000,-0.110262,30.707922,0.000000,0.000000,0.000000,50420
3.127559,0.000000,-0.055131,30.707922,0.000000,0.000000,0.000000,50430
3.126025,0.000000,-0.104265,30.707922,0.000000,0.000000,0.000000,50440
3.126025,0.000000,-0.052132,30.707922,0.000000,0.000000,0.000000,50450
3.124491,0.000000,-0.102765,30.707922,0.000000,0.000000,0.000000,50460
3.124491,0.000000,-0.051383,30.707922,0.000000,0.000000,0.000000,50470
3.124491,0.000000,-0.025691,30.707922,0.000000,0.000000,0.000000,50480
3.124491,0.000000,-0.012846,30.707922,0.000000,0.000000,0.000000,50490
3.124491,0.000000,-0.006423,30.707922,0.000000,0.000000,0.000000,50500
3.124491,0.000000,-0.003211,30.707922,0.000000,0.000000,0.000000,50510
3.124491,0.000000,-0.001606,30.707922,0.000000,0.000000,0.000000,50520
3.124491,0.000000,-0.000803,30.707922,0.000000,0.000000,0.000000,50530
3.126025,0.000000,0.076298,30.707922,0.000000,0.000000,0.000000,50540
3.126025,0.000000,0.038149,30.707922,0.000000,0.000000,0.000000,50550
3.126025,0.000000,0.019074,30.707922,0.000000,0.000000,0.000000,50560
3.126025,0.000000,0.009537,30.707922,0.000000,0.000000,0.000000,50570
3.126025,0.000000,0.004769,30.707922,0.000000,0.000000,0.000000,50580
3.126025,0.000000,0.002384,30.707922,0.000000,0.000000,0.000000,50590
3.127559,0.000000,0.077891,30.707922,0.000000,0.000000,0.000000,50600
3.127559,0.000000,0.038946,30.707922,0.000000,0.000000,0.000000,50610
3.127559,0.000000,0.019473,30.707922,0.000000,0.000000,0.000000,50620
3.127559,0.000000,0.009736,30.707922,0.000000,0.000000,0.000000,50630
3.127559,0.000000,0.004868,30.707922,0.000000,0.000000,0.000000,50640
3.127559,0.000000,0.002434,30.707922,0.000000,0.000000,0.000000,50650
3.127559,0.000000,0.001217,30.707922,0.000000,0.000000,0.000000,50660
3.127559,0.000000,0.000609,30.707922,0.000000,0.000000,0.000000,50670
3.127559,0.000000,0.000304,30.707922,0.000000,0.000000,0.000000,50680
3.127559,0.000000,0.000152,30.707922,0.000000,0.000000,0.000000,50690
3.127559,0.000000,0.000076,30.707922,0.000000,0.000000,0.000000,50700
3.127559,0.000000,0.000038,30.707922,0.000000,0.000000,0.000000,50710
3.129093,0.000000,0.076718,30.707922,0.000000,0.000000,0.000000,50720
3.127559,0.000000,-0.038340,30.707922,0.000000,0.000000,0.000000,50730
3.127559,0.000000,-0.019170,30.707922,0.000000,0.000000,0.000000,50740
3.129093,0.000000,0.067114,30.707922,0.000000,0.000000,0.000000,50750
3.127559,0.000000,-0.043142,30.707922,0.000000,0.000000,0.000000,50760
3.127559,0.000000,-0.021571,30.707922,0.000000,0.000000,0.000000,50770
3.129093,0.000000,0.065914,30.707922,0.000000,0.000000,0.000000,50780
3.129093,0.000000,0.032957,30.707922,0.000000,0.000000,0.000000,50790
3.129093,0.000000,0.016478,30.707922,0.000000,0.000000,0.000000,50800
3.127559,0.000000,-0.068460,30.707922,0.000000,0.000000,0.000000,50810
3.127559,0.000000,-0.034230,30.707922,0.000000,0.000000,0.000000,50820
3.129093,0.000000,0.059584,30.707922,0.000000,0.000000,0.000000,50830
3.129093,0.000000,0.029792,30.707922,0.000000,0.000000,0.000000,50840
3.129093,0.000000,0.014896,30.707922,0.000000,0.000000,0.000000,50850
3.127559,0.000000,-0.069251,30.707922,0.000000,0.000000,0.000000,50860
3.127559,0.000000,-0.034626,30.707922,0.000000,0.000000,0.000000,50870
3.127559,0.000000,-0.017313,30.707922,0.000000,0.000000,0.000000,50880
3.129093,0.000000,0.068043,30.707922,0.000000,0.000000,0.000000,50890
3.129093,0.000000,0.034021,30.707922,0.000000,0.000000,0.000000,50900
3.127559,0.000000,-0.059689,30.707922,0.000000,0.000000,0.000000,50910
3.129093,0.000000,0.046855,30.707922,0.000000,0.000000,0.000000,50920
3.127559,0.000000,-0.053272,30.707922,0.000000,0.000000,0.000000,50930
3.127559,0.000000,-0.026636,30.707922,0.000000,0.000000,0.000000,50940
3.127559,0.000000,-0.013318,30.707922,0.000000,0.000000,0.000000,50950
3.127559,0.000000,-0.006659,30.707922,0.000000,0.000000,0.000000,50960
3.127559,0.000000,-0.003329,30.707922,0.000000,0.000000,0.000000,50970
3.129093,0.000000,0.075035,30.707922,0.000000,0.000000,0.000000,50980
3.129093,0.000000,0.037517,30.707922,0.000000,0.000000,0.000000,50990
3.127559,0.000000,-0.057941,30.707922,0.000000,0.000000,0.000000,51000
3.127559,0.000000,-0.028970,30.707922,0.000000,0.000000,0.000000,51010
3.127559,0.000000,-0.014485,30.707922,0.000000,0.000000,0.000000,51020
3.127559,0.000000,-0.007243,30.707922,0.000000,0.000000,0.000000,51030
3.127559,0.000000,-0.003621,30.707922,0.000000,0.000000,0.000000,51040
3.127559,0.000000,-0.001811,30.707922,0.000000,0.000000,0.000000,51050
3.129093,0.000000,0.075794,30.707922,0.000000,0.000000,0.000000,51060
3.127559,0.000000,-0.038802,30.707922,0.000000,0.000000,0.000000,51070
3.129093,0.000000,0.057298,30.707922,0.000000,0.000000,0.000000,51080
3.127559,0.000000,-0.048050,30.707922,0.000000,0.000000,0.000000,51090
3.127559,0.000000,-0.024025,30.707922,0.000000,0.000000,0.000000,51100
3.127559,0.000000,-0.012013,30.707922,0.000000,0.000000,0.000000,51110
3.127559,0.000000,-0.006006,30.707922,0.000000,0.000000,0.000000,51120
3.129093,0.000000,0.073696,30.707922,0.000000,0.000000,0.000000,51130
3.129093,0.000000,0.036848,30.707922,0.000000,0.000000,0.000000,51140
3.127559,0.000000,-0.058275,30.707922,0.000000,0.000000,0.000000,51150
3.127559,0.000000,-0.029138,30.707922,0.000000,0.000000,0.000000,51160
3.127559,0.000000,-0.014569,30.707922,0.000000,0.000000,0.000000,51170
3.129093,0.000000,0.069415,30.707922,0.000000,0.000000,0.000000,51180
3.127559,0.000000,-0.041992,30.707922,0.000000,0.000000,0.000000,51190
3.129093,0.000000,0.055703,30.707922,0.000000,0.000000,0.000000,51200
3.127559,0.000000,-0.048848,30.707922,0.000000,0.000000,0.000000,51210
3.127559,0.000000,-0.024424,30.707922,0.000000,0.000000,0.000000,51220
3.129093,0.000000,0.064487,30.707922,0.000000,0.000000,0.000000,51230
3.127559,0.000000,-0.044456,30.707922,0.000000,0.000000,0.000000,51240
3.127559,0.000000,-0.022228,30.707922,0.000000,0.000000,0.000000,51250
3.127559,0.000000,-0.011114,30.707922,0.000000,0.000000,0.000000,51260
3.129093,0.000000,0.071142,30.707922,0.000000,0.000000,0.000000,51270
3.127559,0.000000,-0.041128,30.707922,0.000000,0.000000,0.000000,51280
3.127559,0.000000,-0.020564,30.707922,0.000000,0.000000,0.000000,51290
3.127559,0.000000,-0.010282,30.707922,0.000000,0.000000,0.000000,51300
3.127559,0.000000,-0.005141,30.707922,0.000000,0.000000,0.000000,51310
3.129093,0.000000,0.074129,30.707922,0.000000,0.000000,0.000000,51320
3.129093,0.000000,0.037064,30.707922,0.000000,0.000000,0.000000,51330
3.129093,0.000000,0.018532,30.707922,0.000000,0.000000,0.000000,51340
3.129093,0.000000,0.009266,30.707922,0.000000,0.000000,0.000000,51350
3.127559,0.000000,-0.072066,30.707922,0.000000,0.000000,0.000000,51360
3.127559,0.000000,-0.036033,30.707922,0.000000,0.000000,0.000000,51370
3.127559,0.000000,-0.018017,30.707922,0.000000,0.000000,0.000000,51380
3.127559,0.000000,-0.009008,30.707922,0.000000,0.000000,0.000000,51390
3.129093,0.000000,0.072195,30.707922,0.000000,0.000000,0.000000,51400
3.127559,0.000000,-0.040602,30.707922,0.000000,0.000000,0.000000,51410
3.127559,0.000000,-0.020301,30.707922,0.000000,0.000000,0.000000,51420
3.127559,0.000000,-0.010150,30.707922,0.000000,0.000000,0.000000,51430
3.127559,0.000000,-0.005075,30.707922,0.000000,0.000000,0.000000,51440
3.129093,0.000000,0.074162,30.707922,0.000000,0.000000,0.000000,51450
3.129093,0.000000,0.037081,30.707922,0.000000,0.000000,0.000000,51460
3.129093,0.000000,0.018540,30.707922,0.000000,0.000000,0.000000,51470
3.127559,0.000000,-0.067429,30.707922,0.000000,0.000000,0.000000,51480
3.129093,0.000000,0.042985,30.707922,0.000000,0.000000,0.000000,51490
3.127559,0.000000,-0.055207,30.707922,0.000000,0.000000,0.000000,51500
3.127559,0.000000,-0.027603,30.707922,0.000000,0.000000,0.000000,51510
3.129093,0.000000,0.062898,30.707922,0.000000,0.000000,0.000000,51520
3.129093,0.000000,0.031449,30.707922,0.000000,0.000000,0.000000,51530
3.129093,0.000000,0.015724,30.707922,0.000000,0.000000,0.000000,51540
3.129093,0.000000,0.007862,30.707922,0.000000,0.000000,0.000000,51550
3.129093,0.000000,0.003931,30.707922,0.000000,0.000000,0.000000,51560
3.127559,0.000000,-0.074734,30.707922,0.000000,0.000000,0.000000,51570
3.127559,0.000000,-0.037367,30.707922,0.000000,0.000000,0.000000,51580
3.127559,0.000000,-0.018683,30.707922,0.000000,0.000000,0.000000,51590
3.129093,0.000000,0.067358,30.707922,0.000000,0.000000,0.000000,51600
3.129093,0.000000,0.033679,30.707922,0.000000,0.000000,0.000000,51610
3.127559,0.000000,-0.059860,30.707922,0.000000,0.000000,0.000000,51620
3.127559,0.000000,-0.029930,30.707922,0.000000,0.000000,0.000000,51630
3.127559,0.000000,-0.014965,30.707922,0.000000,0.000000,0.000000,51640
3.127559,0.000000,-0.007482,30.707922,0.000000,0.000000,0.000000,51650
3.129093,0.000000,0.072958,30.707922,0.000000,0.000000,0.000000,51660
3.127559,0.000000,-0.040220,30.707922,0.000000,0.000000,0.000000,51670
3.129093,0.000000,0.056589,30.707922,0.000000,0.000000,0.000000,51680
3.129093,0.000000,0.028295,30.707922,0.000000,0.000000,0.000000,51690
3.129093,0.000000,0.014147,30.707922,0.000000,0.000000,0.000000,51700
3.127559,0.000000,-0.069626,30.707922,0.000000,0.000000,0.000000,51710
3.127559,0.000000,-0.034813,30.707922,0.000000,0.000000,0.000000,51720
3.129093,0.000000,0.059293,30.707922,0.000000,0.000000,0.000000,51730
3.129093,0.000000,0.029646,30.707922,0.000000,0.000000,0.000000,51740
3.129093,0.000000,0.014823,30.707922,0.000000,0.000000,0.000000,51750
3.127559,0.000000,-0.069288,30.707922,0.000000,0.000000,0.000000,51760
3.127559,0.000000,-0.034644,30.707922,0.000000,0.000000,0.000000,51770
3.129093,0.000000,0.059377,30.707922,0.000000,0.000000,0.000000,51780
3.127559,0.000000,-0.047011,30.707922,0.000000,0.000000,0.000000,51790
3.127559,0.000000,-0.023505,30.707922,0.000000,0.000000,0.000000,51800
3.127559,0.000000,-0.011753,30.707922,0.000000,0.000000,0.000000,51810
3.129093,0.000000,0.070823,30.707922,0.000000,0.000000,0.000000,51820
3.127559,0.000000,-0.041288,30.707922,0.000000,0.000000,0.000000,51830
3.127559,0.000000,-0.020644,30.707922,0.000000,0.000000,0.000000,51840
3.129093,0.000000,0.066377,30.707922,0.000000,0.000000,0.000000,51850
3.127559,0.000000,-0.043511,30.707922,0.000000,0.000000,0.000000,51860
3.127559,0.000000,-0.021755,30.707922,0.000000,0.000000,0.000000,51870
3.127559,0.000000,-0.010878,30.707922,0.000000,0.000000,0.000000,51880
3.127559,0.000000,-0.005439,30.707922,0.000000,0.000000,0.000000,51890
3.127559,0.000000,-0.002719,30.707922,0.000000,0.000000,0.000000,51900
3.129093,0.000000,0.075340,30.707922,0.000000,0.000000,0.000000,51910
3.129093,0.000000,0.037670,30.707922,0.000000,0.000000,0.000000,51920
3.127559,0.000000,-0.057864,30.707922,0.000000,0.000000,0.000000,51930
3.127559,0.000000,-0.028932,30.707922,0.000000,0.000000,0.000000,51940
3.127559,0.000000,-0.014466,30.707922,0.000000,0.000000,0.000000,51950
3.127559,0.000000,-0.007233,30.707922,0.000000,0.000000,0.000000,51960
3.127559,0.000000,-0.003617,30.707922,0.000000,0.000000,0.000000,51970
3.129093,0.000000,0.074891,30.707922,0.000000,0.000000,0.000000,51980
3.129093,0.000000,0.037445,30.707922,0.000000,0.000000,0.000000,51990
3.127559,0.000000,-0.057977,30.707922,0.000000,0.000000,0.000000,52000
3.127559,0.000000,-0.028988,30.707922,0.000000,0.000000,0.000000,52010
3.127559,0.000000,-0.014494,30.707922,0.000000,0.000000,0.000000,52020
3.127559,0.000000,-0.007247,30.707922,0.000000,0.000000,0.000000,52030
3.129093,0.000000,0.073076,30.707922,0.000000,0.000000,0.000000,52040
3.127559,0.000000,-0.040161,30.707922,0.000000,0.000000,0.000000,52050
3.127559,0.000000,-0.020081,30.707922,0.000000,0.000000,0.000000,52060
3.127559,0.000000,-0.010040,30.707922,0.000000,0.000000,0.000000,52070
3.129093,0.000000,0.071679,30.707922,0.000000,0.000000,0.000000,52080
3.127559,0.000000,-0.040860,30.707922,0.000000,0.000000,0.000000,52090
3.127559,0.000000,-0.020430,30.707922,0.000000,0.000000,0.000000,52100
3.129093,0.000000,0.066484,30.707922,0.000000,0.000000,0.000000,52110
3.129093,0.000000,0.033242,30.707922,0.000000,0.000000,0.000000,52120
3.129093,0.000000,0.016621,30.707922,0.000000,0.000000,0.000000,52130
3.129093,0.000000,0.008311,30.707922,0.000000,0.000000,0.000000,52140
3.127559,0.000000,-0.072544,30.707922,0.000000,0.000000,0.000000,52150
3.129093,0.000000,0.040427,30.707922,0.000000,0.000000,0.000000,52160
3.127559,0.000000,-0.056486,30.707922,0.000000,0.000000,0.000000,52170
3.129093,0.000000,0.048456,30.707922,0.000000,0.000000,0.000000,52180
3.127559,0.000000,-0.052471,30.707922,0.000000,0.000000,0.000000,52190
3.127559,0.000000,-0.026236,30.707922,0.000000,0.000000,0.000000,52200
3.129093,0.000000,0.063581,30.707922,0.000000,0.000000,0.000000,52210
3.127559,0.000000,-0.044909,30.707922,0.000000,0.000000,0.000000,52220
3.127559,0.000000,-0.022454,30.707922,0.000000,0.000000,0.000000,52230
3.129093,0.000000,0.065472,30.707922,0.000000,0.000000,0.000000,52240
3.127559,0.000000,-0.043963,30.707922,0.000000,0.000000,0.000000,52250
3.129093,0.000000,0.054718,30.707922,0.000000,0.000000,0.000000,52260
3.127559,0.000000,-0.049340,30.707922,0.000000,0.000000,0.000000,52270
3.127559,0.000000,-0.024670,30.707922,0.000000,0.000000,0.000000,52280
3.129093,0.000000,0.064364,30.707922,0.000000,0.000000,0.000000,52290
3.127559,0.000000,-0.044517,30.707922,0.000000,0.000000,0.000000,52300
3.127559,0.000000,-0.022259,30.707922,0.000000,0.000000,0.000000,52310
3.129093,0.000000,0.065570,30.707922,0.000000,0.000000,0.000000,52320
3.127559,0.000000,-0.043914,30.707922,0.000000,0.000000,0.000000,52330
3.127559,0.000000,-0.021957,30.707922,0.000000,0.000000,0.000000,52340
3.129093,0.000000,0.065721,30.707922,0.000000,0.000000,0.000000,52350
3.129093,0.000000,0.032860,30.707922,0.000000,0.000000,0.000000,52360
3.129093,0.000000,0.016430,30.707922,0.000000,0.000000,0.000000,52370
3.129093,0.000000,0.008215,30.707922,0.000000,0.000000,0.000000,52380
3.127559,0.000000,-0.072592,30.707922,0.000000,0.000000,0.000000,52390
3.127559,0.000000,-0.036296,30.707922,0.000000,0.000000,0.000000,52400
3.127559,0.000000,-0.018148,30.707922,0.000000,0.000000,0.000000,52410
3.129093,0.000000,0.067625,30.707922,0.000000,0.000000,0.000000,52420
3.127559,0.000000,-0.042887,30.707922,0.000000,0.000000,0.000000,52430
3.129093,0.000000,0.055256,30.707922,0.000000,0.000000,0.000000,52440
3.129093,0.000000,0.027628,30.707922,0.000000,0.000000,0.000000,52450
3.127559,0.000000,-0.062885,30.707922,0.000000,0.000000,0.000000,52460
3.129093,0.000000,0.045257,30.707922,0.000000,0.000000,0.000000,52470
3.129093,0.000000,0.022628,30.707922,0.000000,0.000000,0.000000,52480
3.127559,0.000000,-0.065385,30.707922,0.000000,0.000000,0.000000,52490
3.127559,0.000000,-0.032693,30.707922,0.000000,0.000000,0.000000,52500
3.129093,0.000000,0.060353,30.707922,0.000000,0.000000,0.000000,52510
3.127559,0.000000,-0.046523,30.707922,0.000000,0.000000,0.000000,52520
3.127559,0.000000,-0.023261,30.707922,0.000000,0.000000,0.000000,52530
3.127559,0.000000,-0.011631,30.707922,0.000000,0.000000,0.000000,52540
3.127559,0.000000,-0.005815,30.707922,0.000000,0.000000,0.000000,52550
3.129093,0.000000,0.073792,30.707922,0.000000,0.000000,0.000000,52560
3.129093,0.000000,0.036896,30.707922,0.000000,0.000000,0.000000,52570
3.129093,0.000000,0.018448,30.707922,0.000000,0.000000,0.000000,52580
3.129093,0.000000,0.009224,30.707922,0.000000,0.000000,0.000000,52590
3.129093,0.000000,0.004612,30.707922,0.000000,0.000000,0.000000,52600
3.129093,0.000000,0.002306,30.707922,0.000000,0.000000,0.000000,52610
3.129093,0.000000,0.001153,30.707922,0.000000,0.000000,0.000000,52620
3.127559,0.000000,-0.076123,30.707922,0.000000,0.000000,0.000000,52630
3.129093,0.000000,0.038638,30.707922,0.000000,0.000000,0.000000,52640
3.127559,0.000000,-0.057380,30.707922,0.000000,0.000000,0.000000,52650
3.129093,0.000000,0.048009,30.707922,0.000000,0.000000,0.000000,52660
3.127559,0.000000,-0.052695,30.707922,0.000000,0.000000,0.000000,52670
3.129093,0.000000,0.050352,30.707922,0.000000,0.000000,0.000000,52680
3.129093,0.000000,0.025176,30.707922,0.000000,0.000000,0.000000,52690
3.127559,0.000000,-0.064111,30.707922,0.000000,0.000000,0.000000,52700
3.129093,0.000000,0.044644,30.707922,0.000000,0.000000,0.000000,52710
3.129093,0.000000,0.022322,30.707922,0.000000,0.000000,0.000000,52720
3.129093,0.000000,0.011161,30.707922,0.000000,0.000000,0.000000,52730
3.127559,0.000000,-0.071119,30.707922,0.000000,0.000000,0.000000,52740
3.129093,0.000000,0.041140,30.707922,0.000000,0.000000,0.000000,52750
3.129093,0.000000,0.020570,30.707922,0.000000,0.000000,0.000000,52760
3.129093,0.000000,0.010285,30.707922,0.000000,0.000000,0.000000,52770
3.127559,0.000000,-0.071557,30.707922,0.000000,0.000000,0.000000,52780
3.129093,0.000000,0.040921,30.707922,0.000000,0.000000,0.000000,52790
3.127559,0.000000,-0.056239,30.707922,0.000000,0.000000,0.000000,52800
3.127559,0.000000,-0.028119,30.707922,0.000000,0.000000,0.000000,52810
3.129093,0.000000,0.062640,30.707922,0.000000,0.000000,0.000000,52820
3.127559,0.000000,-0.045379,30.707922,0.000000,0.000000,0.000000,52830
3.129093,0.000000,0.054010,30.707922,0.000000,0.000000,0.000000,52840
3.127559,0.000000,-0.049695,30.707922,0.000000,0.000000,0.000000,52850
3.127559,0.000000,-0.024847,30.707922,0.000000,0.000000,0.000000,52860
3.127559,0.000000,-0.012424,30.707922,0.000000,0.000000,0.000000,52870
3.129093,0.000000,0.070487,30.707922,0.000000,0.000000,0.000000,52880
3.127559,0.000000,-0.041456,30.707922,0.000000,0.000000,0.000000,52890
3.127559,0.000000,-0.020728,30.707922,0.000000,0.000000,0.000000,52900
3.129093,0.000000,0.066335,30.707922,0.000000,0.000000,0.000000,52910
3.129093,0.000000,0.033168,30.707922,0.000000,0.000000,0.000000,52920
3.129093,0.000000,0.016584,30.707922,0.000000,0.000000,0.000000,52930
3.129093,0.000000,0.008292,30.707922,0.000000,0.000000,0.000000,52940
3.127559,0.000000,-0.072553,30.707922,0.000000,0.000000,0.000000,52950
3.127559,0.000000,-0.036277,30.707922,0.000000,0.000000,0.000000,52960
3.127559,0.000000,-0.018138,30.707922,0.000000,0.000000,0.000000,52970
3.127559,0.000000,-0.009069,30.707922,0.000000,0.000000,0.000000,52980
3.129093,0.000000,0.072165,30.707922,0.000000,0.000000,0.000000,52990
3.127559,0.000000,-0.040617,30.707922,0.000000,0.000000,0.000000,53000
3.127559,0.000000,-0.020308,30.707922,0.000000,0.000000,0.000000,53010
3.127559,0.000000,-0.010154,30.707922,0.000000,0.000000,0.000000,53020
3.127559,0.000000,-0.005077,30.707922,0.000000,0.000000,0.000000,53030
3.129093,0.000000,0.074161,30.707922,0.000000,0.000000,0.000000,53040
3.127559,0.000000,-0.039619,30.707922,0.000000,0.000000,0.000000,53050
3.127559,0.000000,-0.019809,30.707922,0.000000,0.000000,0.000000,53060
3.127559,0.000000,-0.009905,30.707922,0.000000,0.000000,0.000000,53070
3.127559,0.000000,-0.004952,30.707922,0.000000,0.000000,0.000000,53080
3.129093,0.000000,0.074223,30.707922,0.000000,0.000000,0.000000,53090
3.129093,0.000000,0.037112,30.707922,0.000000,0.000000,0.000000,53100
3.129093,0.000000,0.018556,30.707922,0.000000,0.000000,0.000000,53110
3.129093,0.000000,0.009278,30.707922,0.000000,0.000000,0.000000,53120
3.127559,0.000000,-0.072060,30.707922,0.000000,0.000000,0.000000,53130
3.129093,0.000000,0.040669,30.707922,0.000000,0.000000,0.000000,53140
3.129093,0.000000,0.020335,30.707922,0.000000,0.000000,0.000000,53150
3.127559,0.000000,-0.066532,30.707922,0.000000,0.000000,0.000000,53160
3.129093,0.000000,0.043433,30.707922,0.000000,0.000000,0.000000,53170