3.149035,0.000000,0.076718,0.130395,0.000000,0.000000,0.000000,5440
3.150568,0.000000,0.115058,0.130395,0.000000,0.000000,0.000000,5450
3.152102,0.000000,0.134228,0.130395,0.000000,0.000000,0.000000,5460
3.152102,0.000000,0.067114,0.130395,0.000000,0.000000,0.000000,5470
3.153636,0.000000,0.110256,0.130395,0.000000,0.000000,0.000000,5480
3.153636,0.000000,0.055128,0.130395,0.000000,0.000000,0.000000,5490
3.155170,0.000000,0.104263,0.130395,0.000000,0.000000,0.000000,5500
3.155170,0.000000,0.052132,0.130395,0.000000,0.000000,0.000000,5510
3.156704,0.000000,0.102765,0.130395,0.000000,0.000000,0.000000,5520
3.156704,0.000000,0.051383,0.130395,0.000000,0.000000,0.000000,5530
3.156704,0.000000,0.025691,0.130395,0.000000,0.000000,0.000000,5540
3.156704,0.000000,0.012846,0.130395,0.000000,0.000000,0.000000,5550
3.156704,0.000000,0.006423,0.130395,0.000000,0.000000,0.000000,5560
3.156704,0.000000,0.003211,0.130395,0.000000,0.000000,0.000000,5570
3.156704,0.000000,0.001606,0.130395,0.000000,0.000000,0.000000,5580
3.156704,0.000000,0.000803,0.130395,0.000000,0.000000,0.000000,5590
3.156704,0.000000,0.000401,0.130395,0.000000,0.000000,0.000000,5600
3.156704,0.000000,0.000201,0.130395,0.000000,0.000000,0.000000,5610
3.155170,0.000000,-0.076599,0.130395,0.000000,0.000000,0.000000,5620
3.155170,0.000000,-0.038299,0.130395,0.000000,0.000000,0.000000,5630
3.155170,0.000000,-0.019150,0.130395,0.000000,0.000000,0.000000,5640
3.153636,0.000000,-0.086274,0.130395,0.000000,0.000000,0.000000,5650
3.153636,0.000000,-0.043137,0.130395,0.000000,0.000000,0.000000,5660
3.152102,0.000000,-0.098268,0.130395,0.000000,0.000000,0.000000,5670
3.152102,0.000000,-0.049134,0.130395,0.000000,0.000000,0.000000,5680
3.150568,0.000000,-0.101266,0.130395,0.000000,0.000000,0.000000,5690
3.149035,0.000000,-0.127332,0.130395,0.000000,0.000000,0.000000,5700
3.147501,0.000000,-0.140365,0.130395,0.000000,0.000000,0.000000,5710
3.147501,0.000000,-0.070183,0.130395,0.000000,0.000000,0.000000,5720
3.145967,0.000000,-0.111791,0.130395,0.000000,0.000000,0.000000,5730
3.144433,0.000000,-0.132595,0.130395,0.000000,0.000000,0.000000,5740
3.144433,0.000000,-0.066297,0.130395,0.000000,0.000000,0.000000,5750
3.142899,0.000000,-0.109848,0.130395,0.000000,0.000000,0.000000,5760
3.141365,0.000000,-0.131623,0.130395,0.000000,0.000000,0.000000,5770
3.139831,0.000000,-0.142511,0.130395,0.000000,0.000000,0.000000,5780
3.138297,0.000000,-0.147955,0.130395,0.000000,0.000000,0.000000,5790
3.136763,0.000000,-0.150677,0.130395,0.000000,0.000000,0.000000,5800
3.135229,0.000000,-0.152038,0.130395,0.000000,0.000000,0.000000,5810
3.133695,0.000000,-0.152718,0.130395,0.000000,0.000000,0.000000,5820
3.132161,0.000000,-0.153058,0.130395,0.000000,0.000000,0.000000,5830
3.130627,0.000000,-0.153228,0.130395,0.000000,0.000000,0.000000,5840
3.129093,0.000000,-0.153313,0.130395,0.000000,0.000000,0.000000,5850
3.127559,0.000000,-0.153356,0.130395,0.000000,0.000000,0.000000,5860
3.126025,0.000000,-0.153377,0.130395,0.000000,0.000000,0.000000,5870
3.124491,0.000000,-0.153388,0.130395,0.000000,0.000000,0.000000,5880
3.122957,0.000000,-0.153393,0.130395,0.000000,0.000000,0.000000,5890
3.122957,0.000000,-0.076697,0.130395,0.000000,0.000000,0.000000,5900
3.119889,-0.306797,-0.191747,0.130395,0.000000,0.000000,0.000000,5910
3.119889,0.000000,-0.095873,0.130395,0.000000,0.000000,0.000000,5920
3.118355,0.000000,-0.124636,0.130395,0.000000,0.000000,0.000000,5930
3.116821,0.000000,-0.139017,0.130395,0.000000,0.000000,0.000000,5940
3.115287,0.000000,-0.146208,0.130395,0.000000,0.000000,0.000000,5950
3.113753,0.000000,-0.149803,0.130395,0.000000,0.000000,0.000000,5960
3.113753,0.000000,-0.074902,0.130395,0.000000,0.000000,0.000000,5970
3.112219,0.000000,-0.114150,0.130395,0.000000,0.000000,0.000000,5980
3.110685,0.000000,-0.133774,0.130395,0.000000,0.000000,0.000000,5990
3.109151,0.000000,-0.143586,0.130395,0.000000,0.000000,0.000000,6000
3.109151,0.000000,-0.071793,0.130395,0.000000,0.000000,0.000000,6010
3.107617,0.000000,-0.112596,0.130395,0.000000,0.000000,0.000000,6020
3.106083,0.000000,-0.132997,0.130395,0.000000,0.000000,0.000000,6030
3.106083,0.000000,-0.066499,0.130395,0.000000,0.000000,0.000000,6040
3.104549,0.000000,-0.109949,0.130395,0.000000,0.000000,0.000000,6050
3.104549,0.000000,-0.054974,0.130395,0.000000,0.000000,0.000000,6060
3.104549,0.000000,-0.027487,0.130395,0.000000,0.000000,0.000000,6070
3.104549,0.000000,-0.013744,0.130395,0.000000,0.000000,0.000000,6080
3.104549,0.000000,-0.006872,0.130395,0.000000,0.000000,0.000000,6090
3.103015,0.000000,-0.080135,0.130395,0.000000,0.000000,0.000000,6100
3.103015,0.000000,-0.040068,0.130395,0.000000,0.000000,0.000000,6110
3.103015,0.000000,-0.020034,0.130395,0.000000,0.000000,0.000000,6120
3.103015,0.000000,-0.010017,0.130395,0.000000,0.000000,0.000000,6130
3.103015,0.000000,-0.005008,0.130395,0.000000,0.000000,0.000000,6140
3.103015,0.000000,-0.002504,0.130395,0.000000,0.000000,0.000000,6150
3.103015,0.000000,-0.001252,0.130395,0.000000,0.000000,0.000000,6160
3.103015,0.000000,-0.000626,0.130395,0.000000,0.000000,0.000000,6170
3.104549,0.000000,0.076386,0.130395,0.000000,0.000000,0.000000,6180
3.104549,0.000000,0.038193,0.130395,0.000000,0.000000,0.000000,6190
3.104549,0.000000,0.019097,0.130395,0.000000,0.000000,0.000000,6200
3.104549,0.000000,0.009548,0.130395,0.000000,0.000000,0.000000,6210
3.104549,0.000000,0.004774,0.130395,0.000000,0.000000,0.000000,6220
3.106083,0.000000,0.079086,0.130395,0.000000,0.000000,0.000000,6230
3.106083,0.000000,0.039543,0.130395,0.000000,0.000000,0.000000,6240
3.107617,0.000000,0.096471,0.130395,0.000000,0.000000,0.000000,6250
3.107617,0.000000,0.048235,0.130395,0.000000,0.000000,0.000000,6260
3.109151,0.000000,0.100817,0.130395,0.000000,0.000000,0.000000,6270
3.110685,0.000000,0.127108,0.130395,0.000000,0.000000,0.000000,6280
3.110685,0.000000,0.063554,0.130395,0.000000,0.000000,0.000000,6290
3.112219,0.000000,0.108476,0.130395,0.000000,0.000000,0.000000,6300
3.112219,0.000000,0.054238,0.130395,0.000000,0.000000,0.000000,6310
3.113753,0.000000,0.103818,0.130395,0.000000,0.000000,0.000000,6320
3.115287,0.000000,0.128608,0.130395,0.000000,0.000000,0.000000,6330
3.115287,0.000000,0.064304,0.130395,0.000000,0.000000,0.000000,6340
3.116821,0.000000,0.108851,0.130395,0.000000,0.000000,0.000000,6350
3.118355,0.000000,0.131125,0.130395,0.000000,0.000000,0.000000,6360
3.119889,0.000000,0.142262,0.130395,0.000000,0.000000,0.000000,6370
3.121423,0.000000,0.147830,0.130395,0.000000,0.000000,0.000000,6380
3.121423,0.000000,0.073915,0.130395,0.000000,0.000000,0.000000,6390
3.122957,0.000000,0.113657,0.130395,0.000000,0.000000,0.000000,6400
3.124491,0.000000,0.133528,0.130395,0.000000,0.000000,0.000000,6410
3.124491,0.000000,0.066764,0.130395,0.000000,0.000000,0.000000,6420
3.126025,0.000000,0.110081,0.130395,0.000000,0.000000,0.000000,6430
3.127559,0.000000,0.131740,0.130395,0.000000,0.000000,0.000000,6440
3.129093,0.000000,0.142569,0.130395,0.000000,0.000000,0.000000,6450
3.130627,0.000000,0.147984,0.130395,0.000000,0.000000,0.000000,6460
3.130627,0.000000,0.073992,0.130395,0.000000,0.000000,0.000000,6470
3.132161,0.000000,0.113695,0.130395,0.000000,0.000000,0.000000,6480
3.133695,0.000000,0.133547,0.130395,0.000000,0.000000,0.000000,6490
3.133695,0.000000,0.066773,0.130395,0.000000,0.000000,0.000000,6500
3.135229,0.000000,0.110086,0.130395,0.000000,0.000000,0.000000,6510
3.136763,0.000000,0.131742,0.130395,0.000000,0.000000,0.000000,6520
3.136763,0.000000,0.065871,0.130395,0.000000,0.000000,0.000000,6530
3.138297,0.000000,0.109635,0.130395,0.000000,0.000000,0.000000,6540
3.138297,0.000000,0.054817,0.130395,0.000000,0.000000,0.000000,6550
3.139831,0.000000,0.104108,0.130395,0.000000,0.000000,0.000000,6560
3.139831,0.000000,0.052054,0.130395,0.000000,0.000000,0.000000,6570
3.141365,0.000000,0.102726,0.130395,0.000000,0.000000,0.000000,6580
3.141365,0.000000,0.051363,0.130395,0.000000,0.000000,0.000000,6590
3.142899,0.000000,0.102381,0.130395,0.000000,0.000000,0.000000,6600
3.142899,0.000000,0.051190,0.130395,0.000000,0.000000,0.000000,6610
3.144433,0.000000,0.102294,0.130395,0.000000,0.000000,0.000000,6620
3.144433,0.000000,0.051147,0.130395,0.000000,0.000000,0.000000,6630
3.144433,0.000000,0.025574,0.130395,0.000000,0.000000,0.000000,6640
3.144433,0.000000,0.012787,0.130395,0.000000,0.000000,0.000000,6650
3.145967,0.000000,0.083093,0.130395,0.000000,0.000000,0.000000,6660
3.145967,0.000000,0.041546,0.130395,0.000000,0.000000,0.000000,6670
3.145967,0.000000,0.020773,0.130395,0.000000,0.000000,0.000000,6680
3.145967,0.000000,0.010387,0.130395,0.000000,0.000000,0.000000,6690
3.145967,0.000000,0.005193,0.130395,0.000000,0.000000,0.000000,6700
3.145967,0.000000,0.002597,0.130395,0.000000,0.000000,0.000000,6710
3.145967,0.000000,0.001298,0.130395,0.000000,0.000000,0.000000,6720
3.145967,0.000000,0.000649,0.130395,0.000000,0.000000,0.000000,6730
3.144433,0.000000,-0.076375,0.130395,0.000000,0.000000,0.000000,6740
3.144433,0.000000,-0.038187,0.130395,0.000000,0.000000,0.000000,6750
3.144433,0.000000,-0.019094,0.130395,0.000000,0.000000,0.000000,6760
3.144433,0.000000,-0.009547,0.130395,0.000000,0.000000,0.000000,6770
3.144433,0.000000,-0.004773,0.130395,0.000000,0.000000,0.000000,6780
3.142899,0.000000,-0.079086,0.130395,0.000000,0.000000,0.000000,6790
3.142899,0.000000,-0.039543,0.130395,0.000000,0.000000,0.000000,6800
3.142899,0.000000,-0.019771,0.130395,0.000000,0.000000,0.000000,6810
3.141365,0.000000,-0.086585,0.130395,0.000000,0.000000,0.000000,6820
3.141365,0.000000,-0.043293,0.130395,0.000000,0.000000,0.000000,6830
3.139831,0.000000,-0.098346,0.130395,0.000000,0.000000,0.000000,6840
3.139831,0.000000,-0.049173,0.130395,0.000000,0.000000,0.000000,6850
3.138297,0.000000,-0.101286,0.130395,0.000000,0.000000,0.000000,6860
3.138297,0.000000,-0.050643,0.130395,0.000000,0.000000,0.000000,6870
3.136763,0.000000,-0.102021,0.130395,0.000000,0.000000,0.000000,6880
3.136763,0.000000,-0.051010,0.130395,0.000000,0.000000,0.000000,6890
3.136763,0.000000,-0.025505,0.130395,0.000000,0.000000,0.000000,6900
3.135229,0.000000,-0.089452,0.130395,0.000000,0.000000,0.000000,6910
3.135229,0.000000,-0.044726,0.130395,0.000000,0.000000,0.000000,6920
3.133695,0.000000,-0.099062,0.130395,0.000000,0.000000,0.000000,6930
3.132161,0.000000,-0.126230,0.130395,0.000000,0.000000,0.000000,6940
3.132161,0.000000,-0.063115,0.130395,0.000000,0.000000,0.000000,6950
3.130627,0.000000,-0.108257,0.130395,0.000000,0.000000,0.000000,6960
3.130627,0.000000,-0.054128,0.130395,0.000000,0.000000,0.000000,6970
3.129093,0.000000,-0.103763,0.130395,0.000000,0.000000,0.000000,6980
3.127559,0.000000,-0.128581,0.130395,0.000000,0.000000,0.000000,6990
3.127559,0.000000,-0.064290,0.130395,0.000000,0.000000,0.000000,7000
3.126025,0.000000,-0.108845,0.130395,0.000000,0.000000,0.000000,7010
3.124491,0.000000,-0.131122,0.130395,0.000000,0.000000,0.000000,7020
3.124491,0.000000,-0.065561,0.130395,0.000000,0.000000,0.000000,7030
3.124491,0.000000,-0.032780,0.130395,0.000000,0.000000,0.000000,7040
3.122957,0.000000,-0.093089,0.130395,0.000000,0.000000,0.000000,7050
3.122957,0.000000,-0.046545,0.130395,0.000000,0.000000,0.000000,7060
3.121423,0.000000,-0.099972,0.130395,0.000000,0.000000,0.000000,7070
3.121423,0.000000,-0.049986,0.130395,0.000000,0.000000,0.000000,7080
3.119889,0.000000,-0.101692,0.130395,0.000000,0.000000,0.000000,7090
3.119889,0.000000,-0.050846,0.130395,0.000000,0.000000,0.000000,7100
3.118355,0.000000,-0.102122,0.130395,0.000000,0.000000,0.000000,7110
3.118355,0.000000,-0.051061,0.130395,0.000000,0.000000,0.000000,7120
3.116821,0.000000,-0.102230,0.130395,0.000000,0.000000,0.000000,7130
3.116821,0.000000,-0.051115,0.130395,0.000000,0.000000,0.000000,7140
3.115287,0.000000,-0.102257,0.130395,0.000000,0.000000,0.000000,7150
3.115287,0.000000,-0.051128,0.130395,0.000000,0.000000,0.000000,7160
3.115287,0.000000,-0.025564,0.130395,0.000000,0.000000,0.000000,7170
3.115287,0.000000,-0.012782,0.130395,0.000000,0.000000,0.000000,7180
3.113753,0.000000,-0.083090,0.130395,0.000000,0.000000,0.000000,7190
3.113753,0.000000,-0.041545,0.130395,0.000000,0.000000,0.000000,7200
3.113753,0.000000,-0.020773,0.130395,0.000000,0.000000,0.000000,7210
3.113753,0.000000,-0.010386,0.130395,0.000000,0.000000,0.000000,7220
3.113753,0.000000,-0.005193,0.130395,0.000000,0.000000,0.000000,7230
3.113753,0.000000,-0.002597,0.130395,0.000000,0.000000,0.000000,7240
3.113753,0.000000,-0.001298,0.130395,0.000000,0.000000,0.000000,7250
3.113753,0.000000,-0.000649,0.130395,0.000000,0.000000,0.000000,7260
3.113753,0.000000,-0.000325,0.130395,0.000000,0.000000,0.000000,7270
3.113753,0.000000,-0.000162,0.130395,0.000000,0.000000,0.000000,7280
3.113753,0.000000,-0.000081,0.130395,0.000000,0.000000,0.000000,7290
3.113753,0.000000,-0.000041,0.130395,0.000000,0.000000,0.000000,7300
3.113753,0.000000,-0.000020,0.130395,0.000000,0.000000,0.000000,7310
3.113753,0.000000,-0.000010,0.130395,0.000000,0.000000,0.000000,7320
3.115287,0.000000,0.076694,0.130395,0.000000,0.000000,0.000000,7330
3.115287,0.000000,0.038347,0.130395,0.000000,0.000000,0.000000,7340
3.115287,0.000000,0.019174,0.130395,0.000000,0.000000,0.000000,7350
3.115287,0.000000,0.009587,0.130395,0.000000,0.000000,0.000000,7360
3.115287,0.000000,0.004793,0.130395,0.000000,0.000000,0.000000,7370
3.116821,0.000000,0.079096,0.130395,0.000000,0.000000,0.000000,7380
3.116821,0.000000,0.039548,0.130395,0.000000,0.000000,0.000000,7390
3.116821,0.000000,0.019774,0.130395,0.000000,0.000000,0.000000,7400
3.118355,0.000000,0.086586,0.130395,0.000000,0.000000,0.000000,7410
3.118355,0.000000,0.043293,0.130395,0.000000,0.000000,0.000000,7420
3.118355,0.000000,0.021647,0.130395,0.000000,0.000000,0.000000,7430
3.119889,0.000000,0.087523,0.130395,0.000000,0.000000,0.000000,7440
3.119889,0.000000,0.043761,0.130395,0.000000,0.000000,0.000000,7450
3.119889,0.000000,0.021881,0.130395,0.000000,0.000000,0.000000,7460
3.121423,0.000000,0.087640,0.130395,0.000000,0.000000,0.000000,7470
3.121423,0.000000,0.043820,0.130395,0.000000,0.000000,0.000000,7480
3.122957,0.000000,0.098609,0.130395,0.000000,0.000000,0.000000,7490
3.122957,0.000000,0.049305,0.130395,0.000000,0.000000,0.000000,7500
3.122957,0.000000,0.024652,0.130395,0.000000,0.000000,0.000000,7510
3.124491,0.000000,0.089025,0.130395,0.000000,0.000000,0.000000,7520
3.124491,0.000000,0.044513,0.130395,0.000000,0.000000,0.000000,7530
3.124491,0.000000,0.022256,0.130395,0.000000,0.000000,0.000000,7540
3.126025,0.000000,0.087827,0.130395,0.000000,0.000000,0.000000,7550
3.126025,0.000000,0.043914,0.130395,0.000000,0.000000,0.000000,7560
3.127559,0.000000,0.098656,0.130395,0.000000,0.000000,0.000000,7570
3.127559,0.000000,0.049328,0.130395,0.000000,0.000000,0.000000,7580
3.127559,0.000000,0.024664,0.130395,0.000000,0.000000,0.000000,7590
3.129093,0.000000,0.089031,0.130395,0.000000,0.000000,0.000000,7600
3.129093,0.000000,0.044516,0.130395,0.000000,0.000000,0.000000,7610
3.129093,0.000000,0.022258,0.130395,0.000000,0.000000,0.000000,7620
3.130627,0.000000,0.087828,0.130395,0.000000,0.000000,0.000000,7630
3.130627,0.000000,0.043914,0.130395,0.000000,0.000000,0.000000,7640
3.132161,0.000000,0.098656,0.130395,0.000000,0.000000,0.000000,7650
3.132161,0.000000,0.049328,0.130395,0.000000,0.000000,0.000000,7660
3.132161,0.000000,0.024664,0.130395,0.000000,0.000000,0.000000,7670
3.133695,0.000000,0.089031,0.130395,0.000000,0.000000,0.000000,7680
3.133695,0.000000,0.044516,0.130395,0.000000,0.000000,0.000000,7690
3.133695,0.000000,0.022258,0.130395,0.000000,0.000000,0.000000,7700
3.133695,0.000000,0.011129,0.130395,0.000000,0.000000,0.000000,7710
3.133695,0.000000,0.005564,0.130395,0.000000,0.000000,0.000000,7720
3.135229,0.000000,0.079481,0.130395,0.000000,0.000000,0.000000,7730
3.135229,0.000000,0.039741,0.130395,0.000000,0.000000,0.000000,7740
3.135229,0.000000,0.019870,0.130395,0.000000,0.000000,0.000000,7750
3.135229,0.000000,0.009935,0.130395,0.000000,0.000000,0.000000,7760
3.135229,0.000000,0.004968,0.130395,0.000000,0.000000,0.000000,7770
3.135229,0.000000,0.002484,0.130395,0.000000,0.000000,0.000000,7780
3.135229,0.000000,0.001242,0.130395,0.000000,0.000000,0.000000,7790
3.135229,0.000000,0.000621,0.130395,0.000000,0.000000,0.000000,7800
3.135229,0.000000,0.000310,0.130395,0.000000,0.000000,0.000000,7810
3.135229,0.000000,0.000155,0.130395,0.000000,0.000000,0.000000,7820
3.135229,0.000000,0.000078,0.130395,0.000000,0.000000,0.000000,7830
3.135229,0.000000,0.000039,0.130395,0.000000,0.000000,0.000000,7840
3.135229,0.000000,0.000019,0.130395,0.000000,0.000000,0.000000,7850
3.135229,0.000000,0.000010,0.130395,0.000000,0.000000,0.000000,7860
3.135229,0.000000,0.000005,0.130395,0.000000,0.000000,0.000000,7870
3.135229,0.000000,0.000002,0.130395,0.000000,0.000000,0.000000,7880
3.135229,0.000000,0.000001,0.130395,0.000000,0.000000,0.000000,7890
3.135229,0.000000,0.000001,0.130395,0.000000,0.000000,0.000000,7900
3.135229,0.000000,0.000000,0.130395,0.000000,0.000000,0.000000,7910
3.133695,0.000000,-0.076699,0.130395,0.000000,0.000000,0.000000,7920
3.133695,0.000000,-0.038350,0.130395,0.000000,0.000000,0.000000,7930
3.133695,0.000000,-0.019175,0.130395,0.000000,0.000000,0.000000,7940
3.133695,0.000000,-0.009587,0.130395,0.000000,0.000000,0.000000,7950
3.133695,0.000000,-0.004794,0.130395,0.000000,0.000000,0.000000,7960
3.132161,0.000000,-0.079096,0.130395,0.000000,0.000000,0.000000,7970
3.132161,0.000000,-0.039548,0.130395,0.000000,0.000000,0.000000,7980
3.132161,0.000000,-0.019774,0.130395,0.000000,0.000000,0.000000,7990
3.132161,0.000000,-0.009887,0.130395,0.000000,0.000000,0.000000,8000
3.132161,0.000000,-0.004944,0.130395,0.000000,0.000000,0.000000,8010
3.130627,0.000000,-0.079171,0.130395,0.000000,0.000000,0.000000,8020
3.130627,0.000000,-0.039586,0.130395,0.000000,0.000000,0.000000,8030
3.130627,0.000000,-0.019793,0.130395,0.000000,0.000000,0.000000,8040
3.130627,0.000000,-0.009896,0.130395,0.000000,0.000000,0.000000,8050
3.129093,0.000000,-0.081647,0.130395,0.000000,0.000000,0.000000,8060
3.129093,0.000000,-0.040824,0.130395,0.000000,0.000000,0.000000,8070
3.129093,0.000000,-0.020412,0.130395,0.000000,0.000000,0.000000,8080
3.129093,0.000000,-0.010206,0.130395,0.000000,0.000000,0.000000,8090
3.127559,0.000000,-0.081802,0.130395,0.000000,0.000000,0.000000,8100
3.127559,0.000000,-0.040901,0.130395,0.000000,0.000000,0.000000,8110
3.127559,0.000000,-0.020451,0.130395,0.000000,0.000000,0.000000,8120
3.127559,0.000000,-0.010225,0.130395,0.000000,0.000000,0.000000,8130
3.126025,0.000000,-0.081812,0.130395,0.000000,0.000000,0.000000,8140
3.126025,0.000000,-0.040906,0.130395,0.000000,0.000000,0.000000,8150
3.126025,0.000000,-0.020453,0.130395,0.000000,0.000000,0.000000,8160
3.126025,0.000000,-0.010226,0.130395,0.000000,0.000000,0.000000,8170
3.124491,0.000000,-0.081813,0.130395,0.000000,0.000000,0.000000,8180
3.124491,0.000000,-0.040906,0.130395,0.000000,0.000000,0.000000,8190
3.124491,0.000000,-0.020453,0.130395,0.000000,0.000000,0.000000,8200
3.124491,0.000000,-0.010227,0.130395,0.000000,0.000000,0.000000,8210
3.124491,0.000000,-0.005113,0.130395,0.000000,0.000000,0.000000,8220
3.124491,0.000000,-0.002557,0.130395,0.000000,0.000000,0.000000,8230
3.124491,0.000000,-0.001278,0.130395,0.000000,0.000000,0.000000,8240
3.122957,0.000000,-0.077338,0.130395,0.000000,0.000000,0.000000,8250
3.122957,0.000000,-0.038669,0.130395,0.000000,0.000000,0.000000,8260
3.122957,0.000000,-0.019335,0.130395,0.000000,0.000000,0.000000,8270
3.122957,0.000000,-0.009667,0.130395,0.000000,0.000000,0.000000,8280
3.122957,0.000000,-0.004834,0.130395,0.000000,0.000000,0.000000,8290
3.122957,0.000000,-0.002417,0.130395,0.000000,0.000000,0.000000,8300
3.122957,0.000000,-0.001208,0.130395,0.000000,0.000000,0.000000,8310
3.122957,0.000000,-0.000604,0.130395,0.000000,0.000000,0.000000,8320
3.122957,0.000000,-0.000302,0.130395,0.000000,0.000000,0.000000,8330
3.122957,0.000000,-0.000151,0.130395,0.000000,0.000000,0.000000,8340
3.122957,0.000000,-0.000076,0.130395,0.000000,0.000000,0.000000,8350
3.122957,0.000000,-0.000038,0.130395,0.000000,0.000000,0.000000,8360
3.122957,0.000000,-0.000019,0.130395,0.000000,0.000000,0.000000,8370
3.122957,0.000000,-0.000009,0.130395,0.000000,0.000000,0.000000,8380
3.122957,0.000000,-0.000005,0.130395,0.000000,0.000000,0.000000,8390
3.122957,0.000000,-0.000002,0.130395,0.000000,0.000000,0.000000,8400
3.122957,0.000000,-0.000001,0.130395,0.000000,0.000000,0.000000,8410
3.122957,0.000000,-0.000001,0.130395,0.000000,0.000000,0.000000,8420
3.122957,0.000000,-0.000000,0.130395,0.000000,0.000000,0.000000,8430
3.122957,0.000000,-0.000000,0.130395,0.000000,0.000000,0.000000,8440
3.122957,0.000000,-0.000000,0.130395,0.000000,0.000000,0.000000,8450
3.122957,0.000000,-0.000000,0.130395,0.000000,0.000000,0.000000,8460
3.122957,0.000000,-0.000000,0.130395,0.000000,0.000000,0.000000,8470
3.122957,0.000000,-0.000000,0.130395,0.000000,0.000000,0.000000,8480
3.124491,0.000000,0.076699,0.130395,0.000000,0.000000,0.000000,8490
3.124491,0.000000,0.038350,0.130395,0.000000,0.000000,0.000000,8500
3.124491,0.000000,0.019175,0.130395,0.000000,0.000000,0.000000,8510
3.124491,0.000000,0.009587,0.130395,0.000000,0.000000,0.000000,8520
3.124491,0.000000,0.004794,0.130395,0.000000,0.000000,0.000000,8530
3.124491,0.000000,0.002397,0.130395,0.000000,0.000000,0.000000,8540
3.124491,0.000000,0.001198,0.130395,0.000000,0.000000,0.000000,8550
3.124491,0.000000,0.000599,0.130395,0.000000,0.000000,0.000000,8560
3.124491,0.000000,0.000300,0.130395,0.000000,0.000000,0.000000,8570
3.124491,0.000000,0.000150,0.130395,0.000000,0.000000,0.000000,8580
3.126025,0.000000,0.076774,0.130395,0.000000,0.000000,0.000000,8590
3.126025,0.000000,0.038387,0.130395,0.000000,0.000000,0.000000,8600
3.126025,0.000000,0.019194,0.130395,0.000000,0.000000,0.000000,8610
3.126025,0.000000,0.009597,0.130395,0.000000,0.000000,0.000000,8620
3.126025,0.000000,0.004798,0.130395,0.000000,0.000000,0.000000,8630
3.126025,0.000000,0.002399,0.130395,0.000000,0.000000,0.000000,8640
3.126025,0.000000,0.001200,0.130395,0.000000,0.000000,0.000000,8650
3.126025,0.000000,0.000600,0.130395,0.000000,0.000000,0.000000,8660
3.127559,0.000000,0.076999,0.130395,0.000000,0.000000,0.000000,8670
3.127559,0.000000,0.038500,0.130395,0.000000,0.000000,0.000000,8680
3.127559,0.000000,0.019250,0.130395,0.000000,0.000000,0.000000,8690
3.127559,0.000000,0.009625,0.130395,0.000000,0.000000,0.000000,8700
3.127559,0.000000,0.004812,0.130395,0.000000,0.000000,0.000000,8710
3.127559,0.000000,0.002406,0.130395,0.000000,0.000000,0.000000,8720
3.127559,0.000000,0.001203,0.130395,0.000000,0.000000,0.000000,8730
3.127559,0.000000,0.000602,0.130395,0.000000,0.000000,0.000000,8740
3.127559,0.000000,0.000301,0.130395,0.000000,0.000000,0.000000,8750
3.127559,0.000000,0.000150,0.130395,0.000000,0.000000,0.000000,8760
3.127559,0.000000,0.000075,0.130395,0.000000,0.000000,0.000000,8770
3.129093,0.000000,0.076737,0.130395,0.000000,0.000000,0.000000,8780
3.129093,0.000000,0.038368,0.130395,0.000000,0.000000,0.000000,8790
3.129093,0.000000,0.019184,0.130395,0.000000,0.000000,0.000000,8800
3.129093,0.000000,0.009592,0.130395,0.000000,0.000000,0.000000,8810
3.129093,0.000000,0.004796,0.130395,0.000000,0.000000,0.000000,8820
3.129093,0.000000,0.002398,0.130395,0.000000,0.000000,0.000000,8830
3.129093,0.000000,0.001199,0.130395,0.000000,0.000000,0.000000,8840
3.129093,0.000000,0.000600,0.130395,0.000000,0.000000,0.000000,8850
3.129093,0.000000,0.000300,0.130395,0.000000,0.000000,0.000000,8860
3.129093,0.000000,0.000150,0.130395,0.000000,0.000000,0.000000,8870
3.129093,0.000000,0.000075,0.130395,0.000000,0.000000,0.000000,8880
3.129093,0.000000,0.000037,0.130395,0.000000,0.000000,0.000000,8890
3.129093,0.000000,0.000019,0.130395,0.000000,0.000000,0.000000,8900
3.129093,0.000000,0.000009,0.130395,0.000000,0.000000,0.000000,8910
3.129093,0.000000,0.000005,0.130395,0.000000,0.000000,0.000000,8920
3.129093,0.000000,0.000002,0.130395,0.000000,0.000000,0.000000,8930
3.129093,0.000000,0.000001,0.130395,0.000000,0.000000,0.000000,8940
3.129093,0.000000,0.000001,0.130395,0.000000,0.000000,0.000000,8950
3.129093,0.000000,0.000000,0.130395,0.000000,0.000000,0.000000,8960
3.129093,0.000000,0.000000,0.130395,0.000000,0.000000,0.000000,8970
3.129093,0.000000,0.000000,0.130395,0.000000,0.000000,0.000000,8980
3.129093,0.000000,0.000000,0.130395,0.000000,0.000000,0.000000,8990
3.129093,0.000000,0.000000,0.130395,0.000000,0.000000,0.000000,9000
3.129093,0.000000,0.000000,0.130395,0.000000,0.000000,0.000000,9010
3.129093,0.000000,0.000000,0.130395,0.000000,0.000000,0.000000,9020
3.129093,0.000000,0.000000,0.130395,0.000000,0.000000,0.000000,9030
3.129093,0.000000,0.000000,0.130395,0.000000,0.000000,0.000000,9040
3.127559,0.000000,-0.076699,0.130395,0.000000,0.000000,0.000000,9050
3.127559,0.000000,-0.038350,0.130395,0.000000,0.000000,0.000000,9060
3.127559,0.000000,-0.019175,0.130395,0.000000,0.000000,0.000000,9070
3.127559,0.000000,-0.009587,0.130395,0.000000,0.000000,0.000000,9080
3.127559,0.000000,-0.004794,0.130395,0.000000,0.000000,0.000000,9090
3.127559,0.000000,-0.002397,0.130395,0.000000,0.000000,0.000000,9100
3.127559,0.000000,-0.001198,0.130395,0.000000,0.000000,0.000000,9110
3.127559,0.000000,-0.000599,0.130395,0.000000,0.000000,0.000000,9120
3.127559,0.000000,-0.000300,0.130395,0.000000,0.000000,0.000000,9130
3.127559,0.000000,-0.000150,0.130395,0.000000,0.000000,0.000000,9140
3.127559,0.000000,-0.000075,0.130395,0.000000,0.000000,0.000000,9150
3.127559,0.000000,-0.000037,0.130395,0.000000,0.000000,0.000000,9160
3.127559,0.000000,-0.000019,0.130395,0.000000,0.000000,0.000000,9170
3.127559,0.000000,-0.000009,0.130395,0.000000,0.000000,0.000000,9180
3.127559,0.000000,-0.000005,0.130395,0.000000,0.000000,0.000000,9190
3.127559,0.000000,-0.000002,0.130395,0.000000,0.000000,0.000000,9200
3.127559,0.000000,-0.000001,0.130395,0.000000,0.000000,0.000000,9210
3.127559,0.000000,-0.000001,0.130395,0.000000,0.000000,0.000000,9220
3.127559,0.000000,-0.000000,0.130395,0.000000,0.000000,0.000000,9230
3.127559,0.000000,-0.000000,0.130395,0.000000,0.000000,0.000000,9240
3.127559,0.000000,-0.000000,0.130395,0.000000,0.000000,0.000000,9250
3.127559,0.000000,-0.000000,0.130395,0.000000,0.000000,0.000000,9260
3.127559,0.000000,-0.000000,0.130395,0.000000,0.000000,0.000000,9270
3.127559,0.000000,-0.000000,0.130395,0.000000,0.000000,0.000000,9280
3.127559,0.000000,-0.000000,0.130395,0.000000,0.000000,0.000000,9290
3.127559,0.000000,-0.000000,0.130395,0.000000,0.000000,0.000000,9300
3.127559,0.000000,-0.000000,0.130395,0.000000,0.000000,0.000000,9310
3.127559,0.000000,-0.000000,0.130395,0.000000,0.000000,0.000000,9320
3.127559,0.000000,-0.000000,0.130395,0.000000,0.000000,0.000000,9330
3.127559,0.000000,-0.000000,0.130395,0.000000,0.000000,0.000000,9340
3.127559,0.000000,-0.000000,0.130395,0.000000,0.000000,0.000000,9350
3.127559,0.000000,-0.000000,0.130395,0.000000,0.000000,0.000000,9360
3.127559,0.000000,-0.000000,0.130395,0.000000,0.000000,0.000000,9370
3.127559,0.000000,-0.000000,0.130395,0.000000,0.000000,0.000000,9380
3.127559,0.000000,-0.000000,0.130395,0.000000,0.000000,0.000000,9390
3.127559,0.000000,-0.000000,0.130395,0.000000,0.000000,0.000000,9400
3.127559,0.000000,-0.000000,0.130395,0.000000,0.000000,0.000000,9410
3.127559,0.000000,-0.000000,0.130395,0.000000,0.000000,0.000000,9420
3.127559,0.000000,-0.000000,0.130395,0.000000,0.000000,0.000000,9430
3.127559,0.000000,-0.000000,0.130395,0.000000,0.000000,0.000000,9440
3.127559,0.000000,-0.000000,0.130395,0.000000,0.000000,0.000000,9450
3.127559,0.000000,-0.000000,0.130395,0.000000,0.000000,0.000000,9460
3.127559,0.000000,-0.000000,0.130395,0.000000,0.000000,0.000000,9470
3.127559,0.000000,-0.000000,0.130395,0.000000,0.000000,0.000000,9480
3.127559,0.000000,-0.000000,0.130395,0.000000,0.000000,0.000000,9490
3.127559,0.000000,-0.000000,0.130395,0.000000,0.000000,0.000000,9500
3.127559,0.000000,-0.000000,0.130395,0.000000,0.000000,0.000000,9510
3.127559,0.000000,-0.000000,0.130395,0.000000,0.000000,0.000000,9520
3.127559,0.000000,-0.000000,0.130395,0.000000,0.000000,0.000000,9530
3.127559,0.000000,-0.000000,0.130395,0.000000,0.000000,0.000000,9540
3.127559,0.000000,-0.000000,0.130395,0.000000,0.000000,0.000000,9550
3.127559,0.000000,-0.000000,0.130395,0.000000,0.000000,0.000000,9560
3.127559,0.000000,-0.000000,0.130395,0.000000,0.000000,0.000000,9570
3.127559,0.000000,-0.000000,0.130395,0.000000,0.000000,0.000000,9580
3.127559,0.000000,-0.000000,0.130395,0.000000,0.000000,0.000000,9590
3.127559,0.000000,-0.000000,0.130395,0.000000,0.000000,0.000000,9600
3.127559,0.000000,-0.000000,0.130395,0.000000,0.000000,0.000000,9610
3.127559,0.000000,-0.000000,0.130395,0.000000,0.000000,0.000000,9620
3.127559,0.000000,-0.000000,0.130395,0.000000,0.000000,0.000000,9630
3.127559,0.000000,-0.000000,0.130395,0.000000,0.000000,0.000000,9640
3.127559,0.000000,-0.000000,0.130395,0.000000,0.000000,0.000000,9650
3.127559,0.000000,-0.000000,0.130395,0.000000,0.000000,0.000000,9660
3.127559,0.000000,-0.000000,0.130395,0.000000,0.000000,0.000000,9670
3.127559,0.000000,-0.000000,0.130395,0.000000,0.000000,0.000000,9680
3.127559,0.000000,-0.000000,0.130395,0.000000,0.000000,0.000000,9690
3.127559,0.000000,-0.000000,0.130395,0.000000,0.000000,0.000000,9700
3.127559,0.000000,-0.000000,0.130395,0.000000,0.000000,0.000000,9710
3.127559,0.000000,-0.000000,0.130395,0.000000,0.000000,0.000000,9720
3.127559,0.000000,-0.000000,0.130395,0.000000,0.000000,0.000000,9730
3.127559,0.000000,-0.000000,0.130395,0.000000,0.000000,0.000000,9740
3.127559,0.000000,-0.000000,0.130395,0.000000,0.000000,0.000000,9750
3.127559,0.000000,-0.000000,0.130395,0.000000,0.000000,0.000000,9760
3.127559,0.000000,-0.000000,0.130395,0.000000,0.000000,0.000000,9770
3.127559,0.000000,-0.000000,0.130395,0.000000,0.000000,0.000000,9780
3.127559,0.000000,-0.000000,0.130395,0.000000,0.000000,0.000000,9790
3.127559,0.000000,-0.000000,0.130395,0.000000,0.000000,0.000000,9800
3.127559,0.000000,-0.000000,0.130395,0.000000,0.000000,0.000000,9810
3.127559,0.000000,-0.000000,0.130395,0.000000,0.000000,0.000000,9820
3.127559,0.000000,-0.000000,0.130395,0.000000,0.000000,0.000000,9830
3.127559,0.000000,-0.000000,0.130395,0.000000,0.000000,0.000000,9840
3.127559,0.000000,-0.000000,0.130395,0.000000,0.000000,0.000000,9850
3.127559,0.000000,-0.000000,0.130395,0.000000,0.000000,0.000000,9860
3.127559,0.000000,-0.000000,0.130395,0.000000,0.000000,0.000000,9870
3.127559,0.000000,-0.000000,0.130395,0.000000,0.000000,0.000000,9880
3.127559,0.000000,-0.000000,0.130395,0.000000,0.000000,0.000000,9890
3.127559,0.000000,-0.000000,0.130395,0.000000,0.000000,0.000000,9900
3.127559,0.000000,-0.000000,0.130395,0.000000,0.000000,0.000000,9910
3.127559,0.000000,-0.000000,0.130395,0.000000,0.000000,0.000000,9920
3.127559,0.000000,-0.000000,0.130395,0.000000,0.000000,0.000000,9930
3.127559,0.000000,-0.000000,0.130395,0.000000,0.000000,0.000000,9940
3.127559,0.000000,-0.000000,0.130395,0.000000,0.000000,0.000000,9950
3.127559,0.000000,-0.000000,0.130395,0.000000,0.000000,0.000000,9960
3.127559,0.000000,-0.000000,0.130395,0.000000,0.000000,0.000000,9970
3.127559,0.000000,-0.000000,0.130395,0.000000,0.000000,0.000000,9980
3.127559,0.000000,-0.000000,0.130395,0.000000,0.000000,0.000000,9990
3.127559,0.000000,-0.000000,0.130395,0.000000,0.000000,0.000000,10000
3.127559,0.000000,-0.000000,0.130395,0.000000,0.000000,0.000000,10010
3.127559,0.000000,-0.000000,0.130395,0.000000,0.000000,0.000000,10020
3.127559,0.000000,-0.000000,0.130395,0.000000,0.000000,0.000000,10030
3.127559,0.000000,-0.000000,0.130395,0.000000,0.000000,0.000000,10040
3.127559,0.000000,-0.000000,0.130395,0.000000,0.000000,0.000000,10050
3.127559,0.000000,-0.000000,0.130395,0.000000,0.000000,0.000000,10060
3.127559,0.000000,-0.000000,0.130395,0.000000,0.000000,0.000000,10070
3.127559,0.000000,-0.000000,0.130395,0.000000,0.000000,0.000000,10080
3.127559,0.000000,-0.000000,0.130395,0.000000,0.000000,0.000000,10090
3.127559,0.000000,-0.000000,0.130395,0.000000,0.000000,0.000000,10100
3.127559,0.000000,-0.000000,0.130395,0.000000,0.000000,0.000000,10110
3.127559,0.000000,-0.000000,0.130395,0.000000,0.000000,0.000000,10120
3.127559,0.000000,-0.000000,0.130395,0.000000,0.000000,0.000000,10130
3.127559,0.000000,-0.000000,0.130395,0.000000,0.000000,0.000000,10140
3.127559,0.000000,-0.000000,0.130395,0.000000,0.000000,0.000000,10150
3.127559,0.000000,-0.000000,0.130395,0.000000,0.000000,0.000000,10160
3.127559,0.000000,-0.000000,0.130395,0.000000,0.000000,0.000000,10170
3.127559,0.000000,-0.000000,0.130395,0.000000,0.000000,0.000000,10180
3.127559,0.000000,-0.000000,0.130395,0.000000,0.000000,0.000000,10190
3.127559,0.000000,-0.000000,0.130395,0.000000,0.000000,0.000000,10200
3.127559,0.000000,-0.000000,0.130395,0.000000,0.000000,0.000000,10210
3.127559,0.000000,-0.000000,0.130395,0.000000,0.000000,0.000000,10220
3.127559,0.000000,-0.000000,0.130395,0.000000,0.000000,0.000000,10230
3.127559,0.000000,-0.000000,0.130395,0.000000,0.000000,0.000000,10240
3.127559,0.000000,-0.000000,0.130395,0.000000,0.000000,0.000000,10250
3.127559,0.000000,-0.000000,0.130395,0.000000,0.000000,0.000000,10260
3.127559,0.000000,-0.000000,0.130395,0.000000,0.000000,0.000000,10270
3.127559,0.000000,-0.000000,0.130395,0.000000,0.000000,0.000000,10280
3.127559,0.000000,-0.000000,0.130395,0.000000,0.000000,0.000000,10290
3.127559,0.000000,-0.000000,0.130395,0.000000,0.000000,0.000000,10300
3.127559,0.000000,-0.000000,0.130395,0.000000,0.000000,0.000000,10310
3.127559,0.000000,-0.000000,0.130395,0.000000,0.000000,0.000000,10320
3.127559,0.000000,-0.000000,0.130395,0.000000,0.000000,0.000000,10330
3.127559,0.000000,-0.000000,0.130395,0.000000,0.000000,0.000000,10340
3.127559,0.000000,-0.000000,0.130395,0.000000,0.000000,0.000000,10350
3.127559,0.000000,-0.000000,0.130395,0.000000,0.000000,0.000000,10360
3.127559,0.000000,-0.000000,0.130395,0.000000,0.000000,0.000000,10370
3.127559,0.000000,-0.000000,0.130395,0.000000,0.000000,0.000000,10380
3.127559,0.000000,-0.000000,0.130395,0.000000,0.000000,0.000000,10390
3.127559,0.000000,-0.000000,0.130395,0.000000,0.000000,0.000000,10400
3.127559,0.000000,-0.000000,0.130395,0.000000,0.000000,0.000000,10410
3.127559,0.000000,-0.000000,0.130395,0.000000,0.000000,0.000000,10420
3.127559,0.000000,-0.000000,0.130395,0.000000,0.000000,0.000000,10430
3.127559,0.000000,-0.000000,0.130395,0.000000,0.000000,0.000000,10440
3.127559,0.000000,-0.000000,0.130395,0.000000,0.000000,0.000000,10450
3.127559,0.000000,-0.000000,0.130395,0.000000,0.000000,0.000000,10460
3.127559,0.000000,-0.000000,0.130395,0.000000,0.000000,0.000000,10470
3.127559,0.000000,-0.000000,0.130395,0.000000,0.000000,0.000000,10480
3.127559,0.000000,-0.000000,0.130395,0.000000,0.000000,0.000000,10490
3.127559,0.000000,-0.000000,0.130395,0.000000,0.000000,0.000000,10500
3.127559,0.000000,0.000000,0.130395,0.000000,0.000000,0.000000,10510
3.127559,0.000000,0.000000,0.130395,0.000000,0.000000,0.000000,10520
3.127559,0.000000,0.000000,0.130395,0.000000,0.000000,0.000000,10530
3.127559,0.000000,0.000000,0.130395,0.000000,0.000000,0.000000,10540
3.127559,0.000000,0.000000,0.130395,0.000000,0.000000,0.000000,10550
3.127559,0.000000,0.000000,0.130395,0.000000,0.000000,0.000000,10560
3.127559,0.000000,0.000000,0.130395,0.000000,0.000000,0.000000,10570
3.127559,0.000000,0.000000,0.130395,0.000000,0.000000,0.000000,10580
3.127559,0.000000,0.000000,0.130395,0.000000,0.000000,0.000000,10590
3.127559,0.000000,0.000000,0.130395,0.000000,0.000000,0.000000,10600
3.127559,0.000000,0.000000,0.130395,0.000000,0.000000,0.000000,10610
3.127559,0.000000,0.000000,0.130395,0.000000,0.000000,0.000000,10620
3.127559,0.000000,0.000000,0.130395,0.000000,0.000000,0.000000,10630
3.127559,0.000000,0.000000,0.130395,0.000000,0.000000,0.000000,10640
3.127559,0.000000,0.000000,0.130395,0.000000,0.000000,0.000000,10650
3.127559,0.000000,0.000000,0.130395,0.000000,0.000000,0.000000,10660
3.127559,0.000000,0.000000,0.130395,0.000000,0.000000,0.000000,10670
3.127559,0.000000,0.000000,0.130395,0.000000,0.000000,0.000000,10680
3.127559,0.000000,0.000000,0.130395,0.000000,0.000000,0.000000,10690
3.127559,0.000000,0.000000,0.130395,0.000000,0.000000,0.000000,10700
3.127559,0.000000,0.000000,0.130395,0.000000,0.000000,0.000000,10710
3.127559,0.000000,0.000000,0.130395,0.000000,0.000000,0.000000,10720
3.127559,0.000000,0.000000,0.130395,0.000000,0.000000,0.000000,10730
3.127559,0.000000,0.000000,0.130395,0.000000,0.000000,0.000000,10740
3.127559,0.000000,0.000000,0.130395,0.000000,0.000000,0.000000,10750
3.127559,0.000000,0.000000,0.130395,0.000000,0.000000,0.000000,10760
3.127559,0.000000,0.000000,0.130395,0.000000,0.000000,0.000000,10770
3.127559,0.000000,0.000000,0.130395,0.000000,0.000000,0.000000,10780
3.127559,0.000000,0.000000,0.130395,0.000000,0.000000,0.000000,10790
3.127559,0.000000,0.000000,0.130395,0.000000,0.000000,0.000000,10800
3.127559,0.000000,0.000000,0.130395,0.000000,0.000000,0.000000,10810
3.127559,0.000000,0.000000,0.130395,0.000000,0.000000,0.000000,10820
3.127559,0.000000,0.000000,0.130395,0.000000,0.000000,0.000000,10830
3.127559,0.000000,0.000000,0.130395,0.000000,0.000000,0.000000,10840
3.127559,0.000000,0.000000,0.130395,0.000000,0.000000,0.000000,10850
3.127559,0.000000,0.000000,0.130395,0.000000,0.000000,0.000000,10860
3.127559,0.000000,0.000000,0.130395,0.000000,0.000000,0.000000,10870
3.127559,0.000000,0.000000,0.130395,0.000000,0.000000,0.000000,10880
3.127559,0.000000,0.000000,0.130395,0.000000,0.000000,0.000000,10890
3.127559,0.000000,0.000000,0.130395,0.000000,0.000000,0.000000,10900
3.127559,0.000000,0.000000,0.130395,0.000000,0.000000,0.000000,10910
3.127559,0.000000,0.000000,0.130395,0.000000,0.000000,0.000000,10920
3.127559,0.000000,0.000000,0.130395,0.000000,0.000000,0.000000,10930
3.127559,0.000000,0.000000,0.130395,0.000000,0.000000,0.000000,10940
3.127559,0.000000,0.000000,0.130395,0.000000,0.000000,0.000000,10950
3.127559,0.000000,0.000000,0.130395,0.000000,0.000000,0.000000,10960
3.127559,0.000000,0.000000,0.130395,0.000000,0.000000,0.000000,10970
3.127559,0.000000,0.000000,0.130395,0.000000,0.000000,0.000000,10980
3.127559,0.000000,0.000000,0.130395,0.000000,0.000000,0.000000,10990
3.127559,0.000000,0.000000,0.130395,0.000000,0.000000,0.000000,11000
3.127559,0.000000,0.000000,0.130395,0.000000,0.000000,0.000000,11010
3.127559,0.000000,0.000000,0.130395,0.000000,0.000000,0.000000,11020
3.127559,0.000000,0.000000,0.130395,0.000000,0.000000,0.000000,11030
3.127559,0.000000,0.000000,0.130395,0.000000,0.000000,0.000000,11040
3.127559,0.000000,0.000000,0.130395,0.000000,0.000000,0.000000,11050
3.127559,0.000000,0.000000,0.130395,0.000000,0.000000,0.000000,11060
3.127559,0.000000,0.000000,0.130395,0.000000,0.000000,0.000000,11070
3.127559,0.000000,0.000000,0.130395,0.000000,0.000000,0.000000,11080
3.127559,0.000000,0.000000,0.130395,0.000000,0.000000,0.000000,11090
3.127559,0.000000,0.000000,0.130395,0.000000,0.000000,0.000000,11100
3.127559,0.000000,0.000000,0.130395,0.000000,0.000000,0.000000,11110
3.127559,0.000000,0.000000,0.130395,0.000000,0.000000,0.000000,11120
3.127559,0.000000,0.000000,0.130395,0.000000,0.000000,0.000000,11130
3.127559,0.000000,0.000000,0.130395,0.000000,0.000000,0.000000,11140
3.127559,0.000000,0.000000,0.130395,0.000000,0.000000,0.000000,11150
3.127559,0.000000,0.000000,0.130395,0.000000,0.000000,0.000000,11160
3.127559,0.000000,0.000000,0.130395,0.000000,0.000000,0.000000,11170
3.127559,0.000000,0.000000,0.130395,0.000000,0.000000,0.000000,11180
3.127559,0.000000,0.000000,0.130395,0.000000,0.000000,0.000000,11190
3.127559,0.000000,0.000000,0.130395,0.000000,0.000000,0.000000,11200
3.127559,0.000000,0.000000,0.130395,0.000000,0.000000,0.000000,11210
3.127559,0.000000,0.000000,0.130395,0.000000,0.000000,0.000000,11220
3.127559,0.000000,0.000000,0.130395,0.000000,0.000000,0.000000,11230
3.127559,0.000000,0.000000,0.130395,0.000000,0.000000,0.000000,11240
3.127559,0.000000,0.000000,0.130395,0.000000,0.000000,0.000000,11250
3.127559,0.000000,0.000000,0.130395,0.000000,0.000000,0.000000,11260
3.127559,0.000000,0.000000,0.130395,0.000000,0.000000,0.000000,11270
3.127559,0.000000,0.000000,0.130395,0.000000,0.000000,0.000000,11280
3.127559,0.000000,0.000000,0.130395,0.000000,0.000000,0.000000,11290
3.127559,0.000000,0.000000,0.130395,0.000000,0.000000,0.000000,11300
3.127559,0.000000,0.000000,0.130395,0.000000,0.000000,0.000000,11310
3.127559,0.000000,0.000000,0.130395,0.000000,0.000000,0.000000,11320
3.127559,0.000000,0.000000,0.130395,0.000000,0.000000,0.000000,11330
3.127559,0.000000,0.000000,0.130395,0.000000,0.000000,0.000000,11340
3.127559,0.000000,0.000000,0.130395,0.000000,0.000000,0.000000,11350
3.127559,0.000000,0.000000,0.130395,0.000000,0.000000,0.000000,11360
3.127559,0.000000,0.000000,0.130395,0.000000,0.000000,0.000000,11370
3.127559,0.000000,0.000000,0.130395,0.000000,0.000000,0.000000,11380
3.127559,0.000000,0.000000,0.130395,0.000000,0.000000,0.000000,11390
3.127559,0.000000,0.000000,0.130395,0.000000,0.000000,0.000000,11400
3.127559,0.000000,0.000000,0.130395,0.000000,0.000000,0.000000,11410
3.127559,0.000000,0.000000,0.130395,0.000000,0.000000,0.000000,11420
3.127559,0.000000,0.000000,0.130395,0.000000,0.000000,0.000000,11430
3.127559,0.000000,0.000000,0.130395,0.000000,0.000000,0.000000,11440
3.127559,0.000000,0.000000,0.130395,0.000000,0.000000,0.000000,11450
3.127559,0.000000,0.000000,0.130395,0.000000,0.000000,0.000000,11460
3.127559,0.000000,0.000000,0.130395,0.000000,0.000000,0.000000,11470
3.127559,0.000000,0.000000,0.130395,0.000000,0.000000,0.000000,11480
3.127559,0.000000,0.000000,0.130395,0.000000,0.000000,0.000000,11490
3.127559,0.000000,0.000000,0.130395,0.000000,0.000000,0.000000,11500
3.127559,0.000000,0.000000,0.130395,0.000000,0.000000,0.000000,11510
3.127559,0.000000,0.000000,0.130395,0.000000,0.000000,0.000000,11520
3.127559,0.000000,0.000000,0.130395,0.000000,0.000000,0.000000,11530
3.127559,0.000000,0.000000,0.130395,0.000000,0.000000,0.000000,11540
3.127559,0.000000,0.000000,0.130395,0.000000,0.000000,0.000000,11550
3.127559,0.000000,0.000000,0.130395,0.000000,0.000000,0.000000,11560
3.127559,0.000000,0.000000,0.130395,0.000000,0.000000,0.000000,11570
3.127559,0.000000,0.000000,0.130395,0.000000,0.000000,0.000000,11580
3.127559,0.000000,0.000000,0.130395,0.000000,0.000000,0.000000,11590
3.127559,0.000000,0.000000,0.130395,0.000000,0.000000,0.000000,11600
3.127559,0.000000,0.000000,0.130395,0.000000,0.000000,0.000000,11610
3.127559,0.000000,0.000000,0.130395,0.000000,0.000000,0.000000,11620
3.127559,0.000000,0.000000,0.130395,0.000000,0.000000,0.000000,11630
3.127559,0.000000,0.000000,0.130395,0.000000,0.000000,0.000000,11640
3.127559,0.000000,0.000000,0.130395,0.000000,0.000000,0.000000,11650
3.127559,0.000000,0.000000,0.130395,0.000000,0.000000,0.000000,11660
3.127559,0.000000,0.000000,0.130395,0.000000,0.000000,0.000000,11670
3.127559,0.000000,0.000000,0.130395,0.000000,0.000000,0.000000,11680
3.127559,0.000000,0.000000,0.130395,0.000000,0.000000,0.000000,11690
3.127559,0.000000,0.000000,0.130395,0.000000,0.000000,0.000000,11700
3.127559,0.000000,0.000000,0.130395,0.000000,0.000000,0.000000,11710
3.127559,0.000000,0.000000,0.130395,0.000000,0.000000,0.000000,11720
3.127559,0.000000,0.000000,0.130395,0.000000,0.000000,0.000000,11730
3.127559,0.000000,0.000000,0.130395,0.000000,0.000000,0.000000,11740
3.127559,0.000000,0.000000,0.130395,0.000000,0.000000,0.000000,11750
3.127559,0.000000,0.000000,0.130395,0.000000,0.000000,0.000000,11760
3.127559,0.000000,0.000000,0.130395,0.000000,0.000000,0.000000,11770
3.127559,0.000000,0.000000,0.130395,0.000000,0.000000,0.000000,11780
3.127559,0.000000,0.000000,0.130395,0.000000,0.000000,0.000000,11790
3.127559,0.000000,0.000000,0.130395,0.000000,0.000000,0.000000,11800
3.127559,0.000000,0.000000,0.130395,0.000000,0.000000,0.000000,11810
3.127559,0.000000,0.000000,0.130395,0.000000,0.000000,0.000000,11820
3.127559,0.000000,0.000000,0.130395,0.000000,0.000000,0.000000,11830
3.127559,0.000000,0.000000,0.130395,0.000000,0.000000,0.000000,11840
3.127559,0.000000,0.000000,0.130395,0.000000,0.000000,0.000000,11850
3.127559,0.000000,0.000000,0.130395,0.000000,0.000000,0.000000,11860
3.127559,0.000000,0.000000,0.130395,0.000000,0.000000,0.000000,11870
3.127559,0.000000,0.000000,0.130395,0.000000,0.000000,0.000000,11880
3.127559,0.000000,0.000000,0.130395,0.000000,0.000000,0.000000,11890
3.127559,0.000000,0.000000,0.130395,0.000000,0.000000,0.000000,11900
3.127559,0.000000,0.000000,0.130395,0.000000,0.000000,0.000000,11910
3.127559,0.000000,0.000000,0.130395,0.000000,0.000000,0.000000,11920
3.127559,0.000000,0.000000,0.130395,0.000000,0.000000,0.000000,11930
3.127559,0.000000,0.000000,0.130395,0.000000,0.000000,0.000000,11940
3.127559,0.000000,0.000000,0.130395,0.000000,0.000000,0.000000,11950
3.127559,0.000000,0.000000,0.130395,0.000000,0.000000,0.000000,11960
3.127559,0.000000,0.000000,0.130395,0.000000,0.000000,0.000000,11970
3.127559,0.000000,0.000000,0.130395,0.000000,0.000000,0.000000,11980
3.127559,0.000000,0.000000,0.130395,0.000000,0.000000,0.000000,11990
3.127559,0.000000,0.000000,0.130395,0.000000,0.000000,0.000000,12000
3.127559,0.000000,0.000000,0.130395,0.000000,0.000000,0.000000,12010
3.127559,0.000000,0.000000,0.130395,0.000000,0.000000,0.000000,12020
3.127559,0.000000,0.000000,0.130395,0.000000,0.000000,0.000000,12030
3.127559,0.000000,0.000000,0.130395,0.000000,0.000000,0.000000,12040
3.127559,0.000000,0.000000,0.130395,0.000000,0.000000,0.000000,12050
3.127559,0.000000,0.000000,0.130395,0.000000,0.000000,0.000000,12060
3.127559,0.000000,0.000000,0.130395,0.000000,0.000000,0.000000,12070
3.127559,0.000000,0.000000,0.130395,0.000000,0.000000,0.000000,12080
3.127559,0.000000,0.000000,0.130395,0.000000,0.000000,0.000000,12090
3.127559,0.000000,0.000000,0.130395,0.000000,0.000000,0.000000,12100
3.127559,0.000000,0.000000,0.130395,0.000000,0.000000,0.000000,12110
3.127559,0.000000,0.000000,0.130395,0.000000,0.000000,0.000000,12120
3.127559,0.000000,0.000000,0.130395,0.000000,0.000000,0.000000,12130
3.127559,0.000000,0.000000,0.130395,0.000000,0.000000,0.000000,12140
3.127559,0.000000,0.000000,0.130395,0.000000,0.000000,0.000000,12150
3.127559,0.000000,0.000000,0.130395,0.000000,0.000000,0.000000,12160
3.127559,0.000000,0.000000,0.130395,0.000000,0.000000,0.000000,12170
3.127559,0.000000,0.000000,0.130395,0.000000,0.000000,0.000000,12180
3.127559,0.000000,0.000000,0.130395,0.000000,0.000000,0.000000,12190
3.127559,0.000000,0.000000,0.130395,0.000000,0.000000,0.000000,12200
3.127559,0.000000,0.000000,0.130395,0.000000,0.000000,0.000000,12210
3.127559,0.000000,0.000000,0.130395,0.000000,0.000000,0.000000,12220
3.127559,0.000000,0.000000,0.130395,0.000000,0.000000,0.000000,12230
3.127559,0.000000,0.000000,0.130395,0.000000,0.000000,0.000000,12240
3.127559,0.000000,0.000000,0.130395,0.000000,0.000000,0.000000,12250
3.127559,0.000000,0.000000,0.130395,0.000000,0.000000,0.000000,12260
3.127559,0.000000,0.000000,0.130395,0.000000,0.000000,0.000000,12270
3.127559,0.000000,0.000000,0.130395,0.000000,0.000000,0.000000,12280
3.127559,0.000000,0.000000,0.130395,0.000000,0.000000,0.000000,12290
3.127559,0.000000,0.000000,0.130395,0.000000,0.000000,0.000000,12300
3.127559,0.000000,0.000000,0.130395,0.000000,0.000000,0.000000,12310
3.127559,0.000000,0.000000,0.130395,0.000000,0.000000,0.000000,12320
3.127559,0.000000,0.000000,0.130395,0.000000,0.000000,0.000000,12330
3.127559,0.000000,0.000000,0.130395,0.000000,0.000000,0.000000,12340
3.127559,0.000000,0.000000,0.130395,0.000000,0.000000,0.000000,12350
3.127559,0.000000,0.000000,0.130395,0.000000,0.000000,0.000000,12360
3.127559,0.000000,0.000000,0.130395,0.000000,0.000000,0.000000,12370
3.127559,0.000000,0.000000,0.130395,0.000000,0.000000,0.000000,12380
3.127559,0.000000,0.000000,0.130395,0.000000,0.000000,0.000000,12390
3.127559,0.000000,0.000000,0.130395,0.000000,0.000000,0.000000,12400
3.127559,0.000000,0.000000,0.130395,0.000000,0.000000,0.000000,12410
3.127559,0.000000,0.000000,0.130395,0.000000,0.000000,0.000000,12420
3.127559,0.000000,0.000000,0.130395,0.000000,0.000000,0.000000,12430
3.127559,0.000000,0.000000,0.130395,0.000000,0.000000,0.000000,12440
3.127559,0.000000,0.000000,0.130395,0.000000,0.000000,0.000000,12450
3.127559,0.000000,0.000000,0.130395,0.000000,0.000000,0.000000,12460
3.127559,0.000000,0.000000,0.130395,0.000000,0.000000,0.000000,12470
3.127559,0.000000,0.000000,0.130395,0.000000,0.000000,0.000000,12480
3.127559,0.000000,0.000000,0.130395,0.000000,0.000000,0.000000,12490
3.127559,0.000000,0.000000,0.130395,0.000000,0.000000,0.000000,12500
3.127559,0.000000,0.000000,0.130395,0.000000,0.000000,0.000000,12510
3.127559,0.000000,0.000000,0.130395,0.000000,0.000000,0.000000,12520
3.127559,0.000000,0.000000,0.130395,0.000000,0.000000,0.000000,12530
3.127559,0.000000,0.000000,0.130395,0.000000,0.000000,0.000000,12540
3.127559,0.000000,0.000000,0.130395,0.000000,0.000000,0.000000,12550
3.127559,0.000000,0.000000,0.130395,0.000000,0.000000,0.000000,12560
3.127559,0.000000,0.000000,0.130395,0.000000,0.000000,0.000000,12570
3.127559,0.000000,0.000000,0.130395,0.000000,0.000000,0.000000,12580
3.127559,0.000000,0.000000,0.130395,0.000000,0.000000,0.000000,12590
3.127559,0.000000,0.000000,0.130395,0.000000,0.000000,0.000000,12600
3.127559,0.000000,0.000000,0.130395,0.000000,0.000000,0.000000,12610
3.127559,0.000000,0.000000,0.130395,0.000000,0.000000,0.000000,12620
3.127559,0.000000,0.000000,0.130395,0.000000,0.000000,0.000000,12630
3.127559,0.000000,0.000000,0.130395,0.000000,0.000000,0.000000,12640
3.127559,0.000000,0.000000,0.130395,0.000000,0.000000,0.000000,12650
3.127559,0.000000,0.000000,0.130395,0.000000,0.000000,0.000000,12660
3.127559,0.000000,0.000000,0.130395,0.000000,0.000000,0.000000,12670
3.127559,0.000000,0.000000,0.130395,0.000000,0.000000,0.000000,12680
3.127559,0.000000,0.000000,0.130395,0.000000,0.000000,0.000000,12690
3.127559,0.000000,0.000000,0.130395,0.000000,0.000000,0.000000,12700
3.127559,0.000000,0.000000,0.130395,0.000000,0.000000,0.000000,12710
3.127559,0.000000,0.000000,0.130395,0.000000,0.000000,0.000000,12720
3.127559,0.000000,0.000000,0.130395,0.000000,0.000000,0.000000,12730
3.127559,0.000000,0.000000,0.130395,0.000000,0.000000,0.000000,12740
3.127559,0.000000,0.000000,0.130395,0.000000,0.000000,0.000000,12750
3.127559,0.000000,0.000000,0.130395,0.000000,0.000000,0.000000,12760
3.127559,0.000000,0.000000,0.130395,0.000000,0.000000,0.000000,12770
3.127559,0.000000,0.000000,0.130395,0.000000,0.000000,0.000000,12780
3.127559,0.000000,0.000000,0.130395,0.000000,0.000000,0.000000,12790
3.127559,0.000000,0.000000,0.130395,0.000000,0.000000,0.000000,12800
3.127559,0.000000,0.000000,0.130395,0.000000,0.000000,0.000000,12810
3.127559,0.000000,0.000000,0.130395,0.000000,0.000000,0.000000,12820
3.127559,0.000000,0.000000,0.130395,0.000000,0.000000,0.000000,12830
3.127559,0.000000,0.000000,0.130395,0.000000,0.000000,0.000000,12840
3.127559,0.000000,0.000000,0.130395,0.000000,0.000000,0.000000,12850
3.127559,0.000000,0.000000,0.130395,0.000000,0.000000,0.000000,12860
3.127559,0.000000,0.000000,0.130395,0.000000,0.000000,0.000000,12870
3.127559,0.000000,0.000000,0.130395,0.000000,0.000000,0.000000,12880
3.127559,0.000000,0.000000,0.130395,0.000000,0.000000,0.000000,12890
3.127559,0.000000,0.000000,0.130395,0.000000,0.000000,0.000000,12900
3.127559,0.000000,0.000000,0.130395,0.000000,0.000000,0.000000,12910
3.127559,0.000000,0.000000,0.130395,0.000000,0.000000,0.000000,12920
3.127559,0.000000,0.000000,0.130395,0.000000,0.000000,0.000000,12930
3.127559,0.000000,0.000000,0.130395,0.000000,0.000000,0.000000,12940
3.127559,0.000000,0.000000,0.130395,0.000000,0.000000,0.000000,12950
3.127559,0.000000,0.000000,0.130395,0.000000,0.000000,0.000000,12960
3.127559,0.000000,0.000000,0.130395,0.000000,0.000000,0.000000,12970
3.127559,0.000000,0.000000,0.130395,0.000000,0.000000,0.000000,12980
3.127559,0.000000,0.000000,0.130395,0.000000,0.000000,0.000000,12990
3.127559,0.000000,0.000000,0.130395,0.000000,0.000000,0.000000,13000
3.127559,0.000000,0.000000,0.130395,0.000000,0.000000,0.040000,13010
3.127559,0.000000,0.000000,0.130395,0.000000,0.000000,0.090000,13020
3.127559,0.000000,0.000000,0.130395,0.000000,0.000000,0.140000,13030
3.127559,0.000000,0.000000,0.130395,0.000000,0.000000,0.190000,13040
3.127559,0.000000,0.000000,0.130395,0.000000,0.000000,0.240000,13050
3.127559,0.000000,0.000000,0.130395,0.000000,0.000000,0.290000,13060
3.127559,0.000000,0.000000,0.130395,0.000000,0.000000,0.340000,13070
3.127559,0.000000,0.000000,0.130395,0.000000,0.000000,0.390000,13080
3.127559,0.000000,0.000000,0.130395,0.000000,0.000000,0.440000,13090
3.127559,0.000000,0.000000,0.130395,0.000000,0.000000,0.490000,13100
3.127559,0.000000,0.000000,0.130395,0.000000,0.000000,0.540000,13110
3.127559,0.000000,0.000000,0.130395,0.000000,0.000000,0.590000,13120
3.127559,0.000000,0.000000,0.137639,0.724414,0.181103,0.640000,13130
3.127559,0.000000,0.000000,0.144883,0.724414,0.316931,0.690000,13140
3.127559,0.000000,0.000000,0.152127,0.724415,0.418802,0.740000,13150
3.127559,0.000000,0.000000,0.166615,1.448828,0.676309,0.790000,13160
3.129093,0.000000,0.076699,0.188348,2.173244,1.050542,0.840000,13170
3.129093,0.000000,0.038350,0.217324,2.897657,1.512321,0.890000,13180
3.129093,0.000000,0.019175,0.239057,2.173242,1.677551,0.940000,13190
3.130627,0.000000,0.086287,0.275277,3.622072,2.163682,0.990000,13200
3.130627,0.000000,0.043143,0.311498,3.622073,2.528279,1.040000,13210
3.132161,0.000000,0.098271,0.347719,3.622070,2.801727,1.090000,13220
3.132161,0.000000,0.049135,0.391184,4.346487,3.187917,1.140000,13230
3.133695,0.000000,0.101267,0.434649,4.346487,3.477559,1.190000,13240
3.135229,0.000000,0.127333,0.485358,5.070898,3.875894,1.240000,13250
3.135229,0.000000,0.063666,0.536067,5.070901,4.174645,1.290000,13260
3.136763,0.000000,0.108532,0.586776,5.070901,4.398709,1.340000,13270
3.136763,0.000000,0.054266,0.644729,5.795312,4.747860,1.390000,13280
3.138297,0.000000,0.103832,0.702682,5.795318,5.009725,1.440000,13290
3.139831,0.000000,0.128615,0.767879,6.519729,5.387226,1.490000,13300
3.141365,0.000000,0.141007,0.833076,6.519729,5.670351,1.540000,13310
3.142899,0.000000,0.147203,0.898274,6.519729,5.882695,1.590000,13320
3.142899,0.000000,0.073601,0.970715,7.244140,6.223057,1.640000,13330
3.144433,0.000000,0.113500,1.043157,7.244146,6.478329,1.690000,13340
3.145967,0.000000,0.133449,1.122842,7.968557,6.850886,1.740000,13350
3.147501,0.000000,0.143424,1.202528,7.968557,7.130304,1.790000,13360
3.149035,0.000000,0.148411,1.289457,8.692968,7.520970,1.840000,13370
3.150568,0.000000,0.150905,1.383631,9.417391,7.995075,1.890000,13380
3.152102,0.000000,0.152152,1.477805,9.417391,8.350655,1.940000,13390
3.152102,0.000000,0.076076,1.579223,10.141790,8.798439,1.990000,13400
3.153636,0.000000,0.114737,1.680641,10.141802,9.134279,1.990000,13410
3.155170,0.000000,0.134068,1.782059,10.141802,9.386160,1.990000,13420
3.156704,0.000000,0.143733,1.890721,10.866213,9.756173,1.990000,13430
3.158238,0.000000,0.148566,1.999384,10.866224,10.033686,1.990000,13440
3.158238,0.000000,0.074283,2.115290,11.590612,10.422917,1.990000,13450
3.159772,0.000000,0.113841,2.223952,10.866237,10.533748,1.990000,13460
3.161306,0.000000,0.133620,2.339858,11.590624,10.797966,1.990000,13470
3.162840,0.000000,0.143497,2.455765,11.590624,10.996130,1.990000,13480
3.162840,0.000000,0.071749,2.564427,10.866213,10.963650,1.990000,13490
3.164374,0.000000,0.112574,2.680333,11.590624,11.120394,1.990000,13500
3.165908,0.000000,0.132986,2.796239,11.590648,11.237958,1.990000,13510
3.165908,0.000000,0.066493,2.912146,11.590624,11.326124,1.990000,13520
3.165908,0.000000,0.033247,3.028052,11.590624,11.392248,1.990000,13530
3.167442,0.000000,0.093323,3.143958,11.590624,11.441841,1.990000,13540
3.167442,0.000000,0.046661,3.259864,11.590624,11.479036,1.990000,13550
3.167442,0.000000,0.023331,3.375771,11.590648,11.506940,1.990000,13560
3.167442,0.000000,0.011665,3.491677,11.590624,11.527861,1.990000,13570
3.167442,0.000000,0.005833,3.607583,11.590624,11.543550,1.990000,13580
3.167442,0.000000,0.002916,3.716245,10.866213,11.374216,1.990000,13590
3.167442,0.000000,0.001458,3.832152,11.590624,11.428318,1.990000,13600
3.165908,0.000000,-0.075970,3.940814,10.866213,11.287792,1.990000,13610
3.165908,0.000000,-0.037985,4.056720,11.590648,11.363506,1.990000,13620
3.164374,0.000000,-0.095692,4.172626,11.590624,11.420286,1.990000,13630
3.164374,0.000000,-0.047846,4.281289,10.866213,11.281767,1.990000,13640
3.162840,0.000000,-0.100622,4.389951,10.866213,11.177877,1.990000,13650
3.161306,0.000000,-0.126998,4.505857,11.590624,11.281063,1.990000,13660
3.159772,0.000000,-0.140198,4.614519,10.866213,11.177351,1.990000,13670
3.158238,0.000000,-0.146798,4.730425,11.590624,11.280668,1.990000,13680
3.158238,0.000000,-0.073399,4.839087,10.866213,11.177053,1.990000,13690
3.156704,0.000000,-0.113399,4.954994,11.590624,11.280445,1.990000,13700
3.155170,0.000000,-0.133399,5.070900,11.590672,11.358002,1.990000,13710
3.153636,0.000000,-0.143399,5.186807,11.590624,11.416157,1.990000,13720
3.152102,0.000000,-0.148399,5.302713,11.590624,11.459774,1.990000,13730
3.150568,0.000000,-0.150899,5.418619,11.590624,11.492487,1.990000,13740
3.149035,0.000000,-0.152149,5.527281,10.866213,11.335918,1.990000,13750
3.147501,0.000000,-0.152774,5.643188,11.590624,11.399595,1.990000,13760
3.145967,0.000000,-0.153086,5.759094,11.590624,11.447351,1.990000,13770
3.144433,0.000000,-0.153242,5.875000,11.590624,11.483170,1.990000,13780
3.141365,-0.306797,-0.230020,5.990906,11.590624,11.510033,1.990000,13790
3.139831,0.000000,-0.191709,6.114057,12.315083,11.711295,1.990000,13800
3.138297,0.000000,-0.172554,6.229963,11.590624,11.681128,1.990000,13810
3.136763,0.000000,-0.162976,6.345870,11.590624,11.658501,1.990000,13820
3.135229,0.000000,-0.158187,6.461776,11.590624,11.641531,1.990000,13830
3.133695,0.000000,-0.155793,6.577682,11.590624,11.628803,1.990000,13840
3.130627,-0.306797,-0.231295,6.700832,12.315035,11.800362,1.990000,13850
3.129093,0.000000,-0.192347,6.816739,11.590624,11.747927,1.990000,13860
3.127559,0.000000,-0.172873,6.932645,11.590624,11.708601,1.990000,13870
3.124491,-0.306797,-0.239835,7.048551,11.590624,11.679106,1.990000,13880
3.124491,0.000000,-0.119917,7.164458,11.590672,11.656997,1.990000,13890
3.121423,-0.306797,-0.213357,7.280364,11.590624,11.640404,1.990000,13900
3.119889,0.000000,-0.183378,7.396270,11.590624,11.627958,1.990000,13910
3.118355,0.000000,-0.168388,7.512177,11.590624,11.618624,1.990000,13920
3.116821,0.000000,-0.160893,7.628083,11.590624,11.611624,1.990000,13930
3.115287,0.000000,-0.157146,7.751233,12.315035,11.787476,1.990000,13940
3.113753,0.000000,-0.155272,7.867139,11.590624,11.738262,1.990000,13950
3.112219,0.000000,-0.154335,7.983046,11.590624,11.701353,1.990000,13960
3.110685,0.000000,-0.153867,8.091708,10.866261,11.492579,1.990000,13970
3.109151,0.000000,-0.153633,8.207614,11.590576,11.517078,1.990000,13980
3.107617,0.000000,-0.153516,8.323521,11.590672,11.535477,1.990000,13990
3.107617,0.000000,-0.076758,8.439426,11.590576,11.549252,1.990000,14000
3.106083,0.000000,-0.115078,8.555333,11.590672,11.559607,1.990000,14010
3.104549,0.000000,-0.134238,8.663995,10.866165,11.386246,1.990000,14020
3.104549,0.000000,-0.067119,8.779902,11.590672,11.437352,1.990000,14030
3.103015,0.000000,-0.110259,8.888564,10.866261,11.294580,1.990000,14040
3.101481,0.000000,-0.131829,8.997226,10.866165,11.187476,1.990000,14050
3.101481,0.000000,-0.065914,9.105888,10.866261,11.107172,1.990000,14060
3.099947,0.000000,-0.109656,9.214550,10.866165,11.046921,1.990000,14070
3.099947,0.000000,-0.054828,9.330457,11.590672,11.182858,1.990000,14080
3.099947,0.000000,-0.027414,9.439118,10.866165,11.103685,1.990000,14090
3.098413,0.000000,-0.090406,9.547781,10.866261,11.044330,1.990000,14100
3.098413,0.000000,-0.045203,9.663687,11.590576,11.180891,1.990000,14110
3.098413,0.000000,-0.022602,9.772349,10.866261,11.102233,1.990000,14120
3.096879,0.000000,-0.088000,9.888255,11.590576,11.224319,1.990000,14130
3.096879,0.000000,-0.044000,9.996918,10.866261,11.134804,1.990000,14140
3.096879,0.000000,-0.022000,10.105579,10.866165,11.067644,1.990000,14150
3.098413,0.000000,0.065699,10.221486,11.590672,11.198401,1.990000,14160
3.098413,0.000000,0.032850,10.330148,10.866165,11.115342,1.990000,14170
3.098413,0.000000,0.016425,10.446054,11.590672,11.234175,1.990000,14180
3.098413,0.000000,0.008212,10.561961,11.590672,11.323298,1.990000,14190
3.099947,0.000000,0.080805,10.677867,11.590576,11.390118,1.990000,14200
3.101481,0.000000,0.117102,10.793774,11.590672,11.440256,1.990000,14210
3.101481,0.000000,0.058551,10.909679,11.590576,11.477837,1.990000,14220
3.103015,0.000000,0.105975,11.025586,11.590672,11.506045,1.990000,14230
3.104549,0.000000,0.129687,11.141492,11.590576,11.527178,1.990000,14240
3.104549,0.000000,0.064843,11.257399,11.590672,11.543052,1.990000,14250
3.106083,0.000000,0.109121,11.373304,11.590576,11.554933,1.990000,14260
3.107617,0.000000,0.131260,11.489211,11.590672,11.563868,1.990000,14270
3.107617,0.000000,0.065630,11.605118,11.590672,11.570569,1.990000,14280
3.109151,0.000000,0.109514,11.721024,11.590576,11.575571,1.990000,14290
3.112219,0.306797,0.208156,11.836930,11.590672,11.579347,1.990000,14300
3.113753,0.000000,0.180777,11.952836,11.590576,11.582154,1.990000,14310
3.113753,0.000000,0.090389,12.068743,11.590672,11.584284,1.990000,14320
3.116821,0.306797,0.198593,12.177404,10.866165,11.404755,1.990000,14330
3.118355,0.000000,0.175996,12.293311,11.590672,11.451234,1.990000,14340
3.119889,0.000000,0.164697,12.416461,12.314987,11.667172,1.990000,14350
3.119889,0.000000,0.082349,12.525124,10.866261,11.466945,1.990000,14360
3.122957,0.306797,0.194573,12.641029,11.590576,11.497852,1.990000,14370
3.124491,0.000000,0.173986,12.756936,11.590672,11.521057,1.990000,14380
3.126025,0.000000,0.163692,12.872843,11.590672,11.538461,1.990000,14390
3.127559,0.000000,0.158545,12.988749,11.590576,11.551490,1.990000,14400
3.129093,0.000000,0.155972,13.104655,11.590672,11.561285,1.990000,14410
3.130627,0.000000,0.154685,13.213317,10.866165,11.387505,1.990000,14420
3.132161,0.000000,0.154042,13.329224,11.590672,11.438296,1.990000,14430
3.133695,0.000000,0.153720,13.437885,10.866165,11.295263,1.990000,14440
3.135229,0.000000,0.153559,13.546548,10.866261,11.188012,1.990000,14450
3.136763,0.000000,0.153479,13.662454,11.590576,11.288653,1.990000,14460
3.136763,0.000000,0.076739,13.771116,10.866261,11.183055,1.990000,14470
3.138297,0.000000,0.115069,13.887022,11.590576,11.284935,1.990000,14480
3.139831,0.000000,0.134234,13.995685,10.866261,11.180266,1.990000,14490
3.141365,0.000000,0.143816,14.104346,10.866165,11.101741,1.990000,14500
3.142899,0.000000,0.148607,14.220253,11.590672,11.223973,1.990000,14510
3.144433,0.000000,0.151003,14.336160,11.590672,11.315648,1.990000,14520
3.144433,0.000000,0.075501,14.452065,11.590576,11.384380,1.990000,14530
3.145967,0.000000,0.114450,14.560728,10.866261,11.254850,1.990000,14540
3.147501,0.000000,0.133924,14.669390,10.866165,11.157679,1.990000,14550
3.147501,0.000000,0.066962,14.785296,11.590672,11.265927,1.990000,14560
3.149035,0.000000,0.110180,14.901202,11.590576,11.347090,1.990000,14570
3.149035,0.000000,0.055090,15.009865,10.866261,11.226882,1.990000,14580
3.150568,0.000000,0.104244,15.125771,11.590576,11.317805,1.990000,14590
3.150568,0.000000,0.052122,15.241677,11.590672,11.386022,1.990000,14600
3.152102,0.000000,0.102760,15.357583,11.590576,11.437160,1.990000,14610
3.152102,0.000000,0.051380,15.473490,11.590672,11.475538,1.990000,14620
3.153636,0.000000,0.102389,15.589396,11.590672,11.504321,1.990000,14630
3.153636,0.000000,0.051195,15.705302,11.590576,11.525885,1.990000,14640
3.153636,0.000000,0.025597,15.821209,11.590672,11.542081,1.990000,14650
3.153636,0.000000,0.012799,15.937115,11.590576,11.554205,1.990000,14660
3.153636,0.000000,0.006399,16.053020,11.590576,11.563297,1.990000,14670
3.153636,0.000000,0.003200,16.168928,11.590767,11.570165,1.990000,14680
3.153636,0.000000,0.001600,16.284834,11.590576,11.575268,1.990000,14690
3.153636,0.000000,0.000800,16.400740,11.590576,11.579095,1.990000,14700
3.153636,0.000000,0.000400,16.509403,10.866356,11.400910,1.990000,14710
3.153636,0.000000,0.000200,16.625309,11.590576,11.448327,1.990000,14720
3.153636,0.000000,0.000100,16.741215,11.590576,11.483890,0.000000,14730
3.153636,0.000000,0.000050,16.835388,9.417343,10.967253,0.000000,14740
3.152102,0.000000,-0.076674,16.907829,7.244110,10.036467,0.000000,14750
3.149035,-0.306797,-0.191736,16.951296,4.346657,8.614014,0.000000,14760
3.147501,0.000000,-0.172567,16.987516,3.622055,7.366024,0.000000,14770
3.144433,-0.306797,-0.239682,17.002005,1.448822,5.886724,0.000000,14780
3.141365,-0.306797,-0.273240,17.009249,0.724411,4.596146,0.000000,14790
3.138297,-0.306797,-0.290018,17.023737,1.448822,3.809315,0.000000,14800
3.133695,-0.460196,-0.375107,17.030981,0.724411,3.038089,0.000000,14810
3.130627,-0.306797,-0.340952,17.030981,0.000000,2.278567,0.000000,14820
3.127559,-0.306797,-0.323875,17.030981,0.000000,1.708925,0.000000,14830
3.124491,-0.306797,-0.315336,17.030981,0.000000,1.281694,0.000000,14840
3.119889,-0.460196,-0.387766,17.030981,0.000000,0.961270,0.000000,14850
3.116821,-0.306797,-0.347281,17.030981,0.000000,0.720953,0.000000,14860
3.113753,-0.306797,-0.327039,17.030981,0.000000,0.540715,0.000000,14870
3.110685,-0.306797,-0.316918,17.030981,0.000000,0.405536,0.000000,14880
3.107617,-0.306797,-0.311858,17.030981,0.000000,0.304152,0.000000,14890
3.104549,-0.306797,-0.309327,17.030981,0.000000,0.228114,0.000000,14900
3.101481,-0.306797,-0.308062,17.030981,0.000000,0.171085,0.000000,14910
3.098413,-0.306797,-0.307430,17.030981,0.000000,0.128314,0.000000,14920
3.095345,-0.306797,-0.307113,17.030981,0.000000,0.096236,0.000000,14930
3.092277,-0.306797,-0.306955,17.030981,0.000000,0.072177,0.000000,14940
3.090743,0.000000,-0.230177,17.030981,0.000000,0.054132,0.000000,14950
3.087675,-0.306797,-0.268487,17.030981,0.000000,0.040599,0.000000,14960
3.084607,-0.306797,-0.287642,17.030981,0.000000,0.030450,0.000000,14970
3.083073,0.000000,-0.220520,17.030981,0.000000,0.022837,0.000000,14980
3.081539,0.000000,-0.186959,17.030981,0.000000,0.017128,0.000000,14990
3.080005,0.000000,-0.170179,17.030981,0.000000,0.012846,0.000000,15000
3.078471,0.000000,-0.161789,17.030981,0.000000,0.009634,0.000000,15010
3.075403,-0.306797,-0.234293,17.030981,0.000000,0.007226,0.000000,15020
3.073869,0.000000,-0.193846,17.030981,0.000000,0.005419,0.000000,15030
3.073869,0.000000,-0.096923,17.030981,0.000000,0.004065,0.000000,15040
3.072335,0.000000,-0.125161,17.030981,0.000000,0.003048,0.000000,15050
3.072335,0.000000,-0.062580,17.030981,0.000000,0.002286,0.000000,15060
3.070801,0.000000,-0.107978,17.030981,0.000000,0.001715,0.000000,15070
3.070801,0.000000,-0.053989,17.030981,0.000000,0.001286,0.000000,15080
3.070801,0.000000,-0.026994,17.030981,0.000000,0.000965,0.000000,15090
3.070801,0.000000,-0.013497,17.030981,0.000000,0.000723,0.000000,15100
3.070801,0.000000,-0.006749,17.030981,0.000000,0.000543,0.000000,15110
3.070801,0.000000,-0.003374,17.030981,0.000000,0.000407,0.000000,15120
3.072335,0.000000,0.075000,17.030981,0.000000,0.000305,0.000000,15130
3.072335,0.000000,0.037500,17.030981,0.000000,0.000229,0.000000,15140
3.072335,0.000000,0.018750,17.030981,0.000000,0.000172,0.000000,15150
3.073869,0.000000,0.086074,17.030981,0.000000,0.000129,0.000000,15160
3.075403,0.000000,0.119736,17.030981,0.000000,0.000097,0.000000,15170
3.076937,0.000000,0.136567,17.030981,0.000000,0.000072,0.000000,15180
3.076937,0.000000,0.068284,17.030981,0.000000,0.000054,0.000000,15190
3.078471,0.000000,0.110841,17.030981,0.000000,0.000041,0.000000,15200
3.081539,0.306797,0.208819,17.030981,0.000000,0.000031,0.000000,15210
3.083073,0.000000,0.181109,17.030981,0.000000,0.000023,0.000000,15220
3.084607,0.000000,0.167254,17.030981,0.000000,0.000017,0.000000,15230
3.086141,0.000000,0.160326,17.030981,0.000000,0.000013,0.000000,15240
3.089209,0.306797,0.233562,17.030981,0.000000,0.000010,0.000000,15250
3.092277,0.306797,0.270179,17.030981,0.000000,0.000007,0.000000,15260
3.093811,0.000000,0.211789,17.030981,0.000000,0.000005,0.000000,15270
3.096879,0.306797,0.259293,17.030981,0.000000,0.000004,0.000000,15280
3.098413,0.000000,0.206346,17.030981,0.000000,0.000003,0.000000,15290
3.101481,0.306797,0.256571,17.030981,0.000000,0.000002,0.000000,15300
3.104549,0.306797,0.281684,17.030981,0.000000,0.000002,0.000000,15310
3.107617,0.306797,0.294241,17.030981,0.000000,0.000001,0.000000,15320
3.110685,0.306797,0.300519,17.030981,0.000000,0.000001,0.000000,15330
3.113753,0.306797,0.303658,17.030981,0.000000,0.000001,0.000000,15340
3.115287,0.000000,0.228528,17.030981,0.000000,0.000001,0.000000,15350
3.118355,0.306797,0.267663,17.030981,0.000000,0.000000,0.000000,15360
3.121423,0.306797,0.287230,17.030981,0.000000,0.000000,0.000000,15370
3.124491,0.306797,0.297013,17.030981,0.000000,0.000000,0.000000,15380
3.127559,0.306797,0.301905,17.030981,0.000000,0.000000,0.000000,15390
3.130627,0.306797,0.304351,17.030981,0.000000,0.000000,0.000000,15400
3.133695,0.306797,0.305574,17.030981,0.000000,0.000000,0.000000,15410
3.136763,0.306797,0.306186,17.030981,0.000000,0.000000,0.000000,15420
3.139831,0.306797,0.306491,17.030981,0.000000,0.000000,0.000000,15430
3.142899,0.306797,0.306644,17.030981,0.000000,0.000000,0.000000,15440
3.145967,0.306797,0.306721,17.030981,0.000000,0.000000,0.000000,15450
3.147501,0.000000,0.230060,17.030981,0.000000,0.000000,0.000000,15460
3.150568,0.306797,0.268428,17.030981,0.000000,0.000000,0.000000,15470
3.153636,0.306797,0.287613,17.030981,0.000000,0.000000,0.000000,15480
3.156704,0.306797,0.297205,17.030981,0.000000,0.000000,0.000000,15490
3.158238,0.000000,0.225302,17.030981,0.000000,0.000000,0.000000,15500
3.161306,0.306797,0.266049,17.030981,0.000000,0.000000,0.000000,15510
3.162840,0.000000,0.209712,17.030981,0.000000,0.000000,0.000000,15520
3.165908,0.306797,0.258255,17.030981,0.000000,0.000000,0.000000,15530
3.167442,0.000000,0.205827,17.030981,0.000000,0.000000,0.000000,15540
3.168976,0.000000,0.179613,17.030981,0.000000,0.000000,0.000000,15550
3.170510,0.000000,0.166506,17.030981,0.000000,0.000000,0.000000,15560
3.172044,0.000000,0.159952,17.030981,0.000000,0.000000,0.000000,15570
3.173578,0.000000,0.156675,17.030981,0.000000,0.000000,0.000000,15580
3.175112,0.000000,0.155037,17.030981,0.000000,0.000000,0.000000,15590
3.176646,0.000000,0.154218,17.030981,0.000000,0.000000,0.000000,15600
3.176646,0.000000,0.077109,17.030981,0.000000,0.000000,0.000000,15610
3.178180,0.000000,0.115254,17.030981,0.000000,0.000000,0.000000,15620
3.179714,0.000000,0.134326,17.030981,0.000000,0.000000,0.000000,15630
3.179714,0.000000,0.067163,17.030981,0.000000,0.000000,0.000000,15640
3.179714,0.000000,0.033582,17.030981,0.000000,0.000000,0.000000,15650
3.179714,0.000000,0.016791,17.030981,0.000000,0.000000,0.000000,15660
3.179714,0.000000,0.008395,17.030981,0.000000,0.000000,0.000000,15670
3.179714,0.000000,0.004198,17.030981,0.000000,0.000000,0.000000,15680
3.179714,0.000000,0.002099,17.030981,0.000000,0.000000,0.000000,15690
3.179714,0.000000,0.001049,17.030981,0.000000,0.000000,0.000000,15700
3.179714,0.000000,0.000525,17.030981,0.000000,0.000000,0.000000,15710
3.178180,0.000000,-0.076437,17.030981,0.000000,0.000000,0.000000,15720
3.178180,0.000000,-0.038218,17.030981,0.000000,0.000000,0.000000,15730
3.176646,0.000000,-0.095808,17.030981,0.000000,0.000000,0.000000,15740
3.175112,0.000000,-0.124603,17.030981,0.000000,0.000000,0.000000,15750
3.175112,0.000000,-0.062302,17.030981,0.000000,0.000000,0.000000,15760
3.173578,0.000000,-0.107850,17.030981,0.000000,0.000000,0.000000,15770
3.172044,0.000000,-0.130624,17.030981,0.000000,0.000000,0.000000,15780
3.170510,0.000000,-0.142011,17.030981,0.000000,0.000000,0.000000,15790
3.168976,0.000000,-0.147705,17.030981,0.000000,0.000000,0.000000,15800
3.167442,0.000000,-0.150552,17.030981,0.000000,0.000000,0.000000,15810
3.165908,0.000000,-0.151975,17.030981,0.000000,0.000000,0.000000,15820
3.162840,-0.306797,-0.229386,17.030981,0.000000,0.000000,0.000000,15830
3.161306,0.000000,-0.191380,17.030981,0.000000,0.000000,0.000000,15840
3.158238,-0.306797,-0.249089,17.030981,0.000000,0.000000,0.000000,15850
3.156704,0.000000,-0.201244,17.030981,0.000000,0.000000,0.000000,15860
3.155170,0.000000,-0.177321,17.030981,0.000000,0.000000,0.000000,15870
3.152102,-0.306797,-0.242059,17.030981,0.000000,0.000000,0.000000,15880
3.149035,-0.306797,-0.274428,17.030981,0.000000,0.000000,0.000000,15890
3.147501,0.000000,-0.213913,17.030981,0.000000,0.000000,0.000000,15900
3.144433,-0.306797,-0.260355,17.030981,0.000000,0.000000,0.000000,15910
3.142899,0.000000,-0.206877,17.030981,0.000000,0.000000,0.000000,15920
3.139831,-0.306797,-0.256837,17.030981,0.000000,0.000000,0.000000,15930
3.136763,-0.306797,-0.281817,17.030981,0.000000,0.000000,0.000000,15940
3.135229,0.000000,-0.217608,17.030981,0.000000,0.000000,0.000000,15950
3.132161,-0.306797,-0.262202,17.030981,0.000000,0.000000,0.000000,15960
3.129093,-0.306797,-0.284500,17.030981,0.000000,0.000000,0.000000,15970
3.126025,-0.306797,-0.295648,17.030981,0.000000,0.000000,0.000000,15980
3.124491,0.000000,-0.224523,17.030981,0.000000,0.000000,0.000000,15990
3.121423,-0.306797,-0.265660,17.030981,0.000000,0.000000,0.000000,16000
3.118355,-0.306797,-0.286229,17.030981,0.000000,0.000000,0.000000,16010
3.116821,0.000000,-0.219814,17.030981,0.000000,0.000000,0.000000,16020
3.113753,-0.306797,-0.263305,17.030981,0.000000,0.000000,0.000000,16030
3.112219,0.000000,-0.208352,17.030981,0.000000,0.000000,0.000000,16040
3.109151,-0.306797,-0.257574,17.030981,0.000000,0.000000,0.000000,16050
3.107617,0.000000,-0.205486,17.030981,0.000000,0.000000,0.000000,16060
3.104549,-0.306797,-0.256142,17.030981,0.000000,0.000000,0.000000,16070
3.103015,0.000000,-0.204770,17.030981,0.000000,0.000000,0.000000,16080
3.101481,0.000000,-0.179084,17.030981,0.000000,0.000000,0.000000,16090
3.099947,0.000000,-0.166241,17.030981,0.000000,0.000000,0.000000,16100
3.096879,-0.306797,-0.236519,17.030981,0.000000,0.000000,0.000000,16110
3.095345,0.000000,-0.194959,17.030981,0.000000,0.000000,0.000000,16120
3.093811,0.000000,-0.174179,17.030981,0.000000,0.000000,0.000000,16130
3.092277,0.000000,-0.163789,17.030981,0.000000,0.000000,0.000000,16140
3.092277,0.000000,-0.081894,17.030981,0.000000,0.000000,0.000000,16150
3.090743,0.000000,-0.117646,17.030981,0.000000,0.000000,0.000000,16160
3.089209,0.000000,-0.135522,17.030981,0.000000,0.000000,0.000000,16170
3.089209,0.000000,-0.067761,17.030981,0.000000,0.000000,0.000000,16180
3.087675,0.000000,-0.110580,17.030981,0.000000,0.000000,0.000000,16190
3.087675,0.000000,-0.055290,17.030981,0.000000,0.000000,0.000000,16200
3.086141,0.000000,-0.104344,17.030981,0.000000,0.000000,0.000000,16210
3.086141,0.000000,-0.052172,17.030981,0.000000,0.000000,0.000000,16220
3.086141,0.000000,-0.026086,17.030981,0.000000,0.000000,0.000000,16230
3.086141,0.000000,-0.013043,17.030981,0.000000,0.000000,0.000000,16240
3.086141,0.000000,-0.006522,17.030981,0.000000,0.000000,0.000000,16250
3.086141,0.000000,-0.003261,17.030981,0.000000,0.000000,0.000000,16260
3.086141,0.000000,-0.001630,17.030981,0.000000,0.000000,0.000000,16270
3.087675,0.000000,0.075884,17.030981,0.000000,0.000000,0.000000,16280
3.087675,0.000000,0.037942,17.030981,0.000000,0.000000,0.000000,16290
3.089209,0.000000,0.095670,17.030981,0.000000,0.000000,0.000000,16300
3.089209,0.000000,0.047835,17.030981,0.000000,0.000000,0.000000,16310
3.090743,0.000000,0.100617,17.030981,0.000000,0.000000,0.000000,16320
3.090743,0.000000,0.050308,17.030981,0.000000,0.000000,0.000000,16330
3.092277,0.000000,0.101853,17.030981,0.000000,0.000000,0.000000,16340
3.093811,0.000000,0.127626,17.030981,0.000000,0.000000,0.000000,16350
3.095345,0.000000,0.140512,17.030981,0.000000,0.000000,0.000000,16360
3.096879,0.000000,0.146955,17.030981,0.000000,0.000000,0.000000,16370
3.098413,0.000000,0.150177,17.030981,0.000000,0.000000,0.000000,16380
3.099947,0.000000,0.151788,17.030981,0.000000,0.000000,0.000000,16390
3.101481,0.000000,0.152593,17.030981,0.000000,0.000000,0.000000,16400
3.103015,0.000000,0.152996,17.030981,0.000000,0.000000,0.000000,16410
3.104549,0.000000,0.153197,17.030981,0.000000,0.000000,0.000000,16420
3.107617,0.306797,0.229997,17.030981,0.000000,0.000000,0.000000,16430
3.109151,0.000000,0.191698,17.030981,0.000000,0.000000,0.000000,16440
3.110685,0.000000,0.172548,17.030981,0.000000,0.000000,0.000000,16450
3.112219,0.000000,0.162973,17.030981,0.000000,0.000000,0.000000,16460
3.115287,0.306797,0.234885,17.030981,0.000000,0.000000,0.000000,16470
3.116821,0.000000,0.194142,17.030981,0.000000,0.000000,0.000000,16480
3.119889,0.306797,0.250469,17.030981,0.000000,0.000000,0.000000,16490
3.121423,0.000000,0.201934,17.030981,0.000000,0.000000,0.000000,16500
3.124491,0.306797,0.254366,17.030981,0.000000,0.000000,0.000000,16510
3.126025,0.000000,0.203882,17.030981,0.000000,0.000000,0.000000,16520
3.127559,0.000000,0.178640,17.030981,0.000000,0.000000,0.000000,16530
3.130627,0.306797,0.242719,17.030981,0.000000,0.000000,0.000000,16540
3.132161,0.000000,0.198059,17.030981,0.000000,0.000000,0.000000,16550
3.135229,0.306797,0.252428,17.030981,0.000000,0.000000,0.000000,16560
3.136763,0.000000,0.202913,17.030981,0.000000,0.000000,0.000000,16570
3.138297,0.000000,0.178156,17.030981,0.000000,0.000000,0.000000,16580
3.141365,0.306797,0.242476,17.030981,0.000000,0.000000,0.000000,16590
3.142899,0.000000,0.197937,17.030981,0.000000,0.000000,0.000000,16600
3.144433,0.000000,0.175668,17.030981,0.000000,0.000000,0.000000,16610
3.147501,0.306797,0.241233,17.030981,0.000000,0.000000,0.000000,16620
3.149035,0.000000,0.197316,17.030981,0.000000,0.000000,0.000000,16630
3.150568,0.000000,0.175357,17.030981,0.000000,0.000000,0.000000,16640
3.152102,0.000000,0.164378,17.030981,0.000000,0.000000,0.000000,16650
3.153636,0.000000,0.158888,17.030981,0.000000,0.000000,0.000000,16660
3.155170,0.000000,0.156143,17.030981,0.000000,0.000000,0.000000,16670
3.156704,0.000000,0.154771,17.030981,0.000000,0.000000,0.000000,16680
3.158238,0.000000,0.154085,17.030981,0.000000,0.000000,0.000000,16690
3.158238,0.000000,0.077042,17.030981,0.000000,0.000000,0.000000,16700
3.159772,0.000000,0.115220,17.030981,0.000000,0.000000,0.000000,16710
3.161306,0.000000,0.134309,17.030981,0.000000,0.000000,0.000000,16720
3.161306,0.000000,0.067155,17.030981,0.000000,0.000000,0.000000,16730
3.162840,0.000000,0.110265,17.030981,0.000000,0.000000,0.000000,16740
3.162840,0.000000,0.055132,17.030981,0.000000,0.000000,0.000000,16750
3.164374,0.000000,0.104265,17.030981,0.000000,0.000000,0.000000,16760
3.164374,0.000000,0.052133,17.030981,0.000000,0.000000,0.000000,16770
3.164374,0.000000,0.026066,17.030981,0.000000,0.000000,0.000000,16780
3.165908,0.000000,0.089732,17.030981,0.000000,0.000000,0.000000,16790
3.165908,0.000000,0.044866,17.030981,0.000000,0.000000,0.000000,16800
3.165908,0.000000,0.022433,17.030981,0.000000,0.000000,0.000000,16810
3.165908,0.000000,0.011217,17.030981,0.000000,0.000000,0.000000,16820
3.164374,0.000000,-0.071091,17.030981,0.000000,0.000000,0.000000,16830
3.164374,0.000000,-0.035545,17.030981,0.000000,0.000000,0.000000,16840
3.164374,0.000000,-0.017773,17.030981,0.000000,0.000000,0.000000,16850
3.162840,0.000000,-0.085586,17.030981,0.000000,0.000000,0.000000,16860
3.162840,0.000000,-0.042793,17.030981,0.000000,0.000000,0.000000,16870
3.162840,0.000000,-0.021396,17.030981,0.000000,0.000000,0.000000,16880
3.161306,0.000000,-0.087386,17.030981,0.000000,0.000000,0.000000,16890
3.161306,0.000000,-0.043693,17.030981,0.000000,0.000000,0.000000,16900
3.159772,0.000000,-0.098546,17.030981,0.000000,0.000000,0.000000,16910
3.158238,0.000000,-0.125972,17.030981,0.000000,0.000000,0.000000,16920
3.156704,0.000000,-0.139685,17.030981,0.000000,0.000000,0.000000,16930
3.156704,0.000000,-0.069843,17.030981,0.000000,0.000000,0.000000,16940
3.155170,0.000000,-0.111621,17.030981,0.000000,0.000000,0.000000,16950
3.153636,0.000000,-0.132510,17.030981,0.000000,0.000000,0.000000,16960
3.152102,0.000000,-0.142954,17.030981,0.000000,0.000000,0.000000,16970
3.150568,0.000000,-0.148176,17.030981,0.000000,0.000000,0.000000,16980
3.149035,0.000000,-0.150787,17.030981,0.000000,0.000000,0.000000,16990
3.147501,0.000000,-0.152093,17.030981,0.000000,0.000000,0.000000,17000
3.145967,0.000000,-0.152746,17.030981,0.000000,0.000000,0.000000,17010
3.144433,0.000000,-0.153072,17.030981,0.000000,0.000000,0.000000,17020
3.141365,-0.306797,-0.229935,17.030981,0.000000,0.000000,0.000000,17030
3.139831,0.000000,-0.191667,17.030981,0.000000,0.000000,0.000000,17040
3.138297,0.000000,-0.172533,17.030981,0.000000,0.000000,0.000000,17050
3.136763,0.000000,-0.162966,17.030981,0.000000,0.000000,0.000000,17060
3.135229,0.000000,-0.158182,17.030981,0.000000,0.000000,0.000000,17070
3.133695,0.000000,-0.155790,17.030981,0.000000,0.000000,0.000000,17080
3.130627,-0.306797,-0.231294,17.030981,0.000000,0.000000,0.000000,17090
3.129093,0.000000,-0.192346,17.030981,0.000000,0.000000,0.000000,17100
3.127559,0.000000,-0.172872,17.030981,0.000000,0.000000,0.000000,17110
3.126025,0.000000,-0.163135,17.030981,0.000000,0.000000,0.000000,17120
3.124491,0.000000,-0.158267,17.030981,0.000000,0.000000,0.000000,17130
3.122957,0.000000,-0.155833,17.030981,0.000000,0.000000,0.000000,17140
3.119889,-0.306797,-0.231315,17.030981,0.000000,0.000000,0.000000,17150
3.118355,0.000000,-0.192357,17.030981,0.000000,0.000000,0.000000,17160
3.116821,0.000000,-0.172878,17.030981,0.000000,0.000000,0.000000,17170
3.115287,0.000000,-0.163138,17.030981,0.000000,0.000000,0.000000,17180
3.113753,0.000000,-0.158268,17.030981,0.000000,0.000000,0.000000,17190
3.112219,0.000000,-0.155833,17.030981,0.000000,0.000000,0.000000,17200
3.110685,0.000000,-0.154616,17.030981,0.000000,0.000000,0.000000,17210
3.110685,0.000000,-0.077308,17.030981,0.000000,0.000000,0.000000,17220
3.109151,0.000000,-0.115353,17.030981,0.000000,0.000000,0.000000,17230
3.107617,0.000000,-0.134376,17.030981,0.000000,0.000000,0.000000,17240
3.106083,0.000000,-0.143887,17.030981,0.000000,0.000000,0.000000,17250
3.104549,0.000000,-0.148643,17.030981,0.000000,0.000000,0.000000,17260
3.104549,0.000000,-0.074321,17.030981,0.000000,0.000000,0.000000,17270
3.103015,0.000000,-0.113860,17.030981,0.000000,0.000000,0.000000,17280
3.103015,0.000000,-0.056930,17.030981,0.000000,0.000000,0.000000,17290
3.101481,0.000000,-0.105164,17.030981,0.000000,0.000000,0.000000,17300
3.101481,0.000000,-0.052582,17.030981,0.000000,0.000000,0.000000,17310
3.101481,0.000000,-0.026291,17.030981,0.000000,0.000000,0.000000,17320
3.099947,0.000000,-0.089845,17.030981,0.000000,0.000000,0.000000,17330
3.099947,0.000000,-0.044922,17.030981,0.000000,0.000000,0.000000,17340
3.099947,0.000000,-0.022461,17.030981,0.000000,0.000000,0.000000,17350
3.099947,0.000000,-0.011231,17.030981,0.000000,0.000000,0.000000,17360
3.099947,0.000000,-0.005615,17.030981,0.000000,0.000000,0.000000,17370
3.099947,0.000000,-0.002808,17.030981,0.000000,0.000000,0.000000,17380
3.099947,0.000000,-0.001404,17.030981,0.000000,0.000000,0.000000,17390
3.099947,0.000000,-0.000702,17.030981,0.000000,0.000000,0.000000,17400
3.101481,0.000000,0.076348,17.030981,0.000000,0.000000,0.000000,17410
3.101481,0.000000,0.038174,17.030981,0.000000,0.000000,0.000000,17420
3.101481,0.000000,0.019087,17.030981,0.000000,0.000000,0.000000,17430
3.103015,0.000000,0.086243,17.030981,0.000000,0.000000,0.000000,17440
3.103015,0.000000,0.043121,17.030981,0.000000,0.000000,0.000000,17450
3.103015,0.000000,0.021561,17.030981,0.000000,0.000000,0.000000,17460
3.104549,0.000000,0.087480,17.030981,0.000000,0.000000,0.000000,17470
3.104549,0.000000,0.043740,17.030981,0.000000,0.000000,0.000000,17480
3.106083,0.000000,0.098569,17.030981,0.000000,0.000000,0.000000,17490
3.107617,0.000000,0.125984,17.030981,0.000000,0.000000,0.000000,17500
3.107617,0.000000,0.062992,17.030981,0.000000,0.000000,0.000000,17510
3.109151,0.000000,0.108195,17.030981,0.000000,0.000000,0.000000,17520
3.110685,0.000000,0.130797,17.030981,0.000000,0.000000,0.000000,17530
3.112219,0.000000,0.142098,17.030981,0.000000,0.000000,0.000000,17540
3.113753,0.000000,0.147748,17.030981,0.000000,0.000000,0.000000,17550
3.113753,0.000000,0.073874,17.030981,0.000000,0.000000,0.000000,17560
3.115287,0.000000,0.113636,17.030981,0.000000,0.000000,0.000000,17570
3.116821,0.000000,0.133517,17.030981,0.000000,0.000000,0.000000,17580
3.118355,0.000000,0.143458,17.030981,0.000000,0.000000,0.000000,17590
3.119889,0.000000,0.148428,17.030981,0.000000,0.000000,0.000000,17600
3.121423,0.000000,0.150913,17.030981,0.000000,0.000000,0.000000,17610
3.122957,0.000000,0.152156,17.030981,0.000000,0.000000,0.000000,17620
3.124491,0.000000,0.152777,17.030981,0.000000,0.000000,0.000000,17630
3.126025,0.000000,0.153088,17.030981,0.000000,0.000000,0.000000,17640
3.127559,0.000000,0.153243,17.030981,0.000000,0.000000,0.000000,17650
3.129093,0.000000,0.153321,17.030981,0.000000,0.000000,0.000000,17660
3.130627,0.000000,0.153360,17.030981,0.000000,0.000000,0.000000,17670
3.132161,0.000000,0.153379,17.030981,0.000000,0.000000,0.000000,17680
3.133695,0.000000,0.153389,17.030981,0.000000,0.000000,0.000000,17690
3.133695,0.000000,0.076694,17.030981,0.000000,0.000000,0.000000,17700
3.135229,0.000000,0.115046,17.030981,0.000000,0.000000,0.000000,17710
3.136763,0.000000,0.134222,17.030981,0.000000,0.000000,0.000000,17720
3.138297,0.000000,0.143810,17.030981,0.000000,0.000000,0.000000,17730
3.139831,0.000000,0.148605,17.030981,0.000000,0.000000,0.000000,17740
3.139831,0.000000,0.074302,17.030981,0.000000,0.000000,0.000000,17750
3.141365,0.000000,0.113850,17.030981,0.000000,0.000000,0.000000,17760
3.142899,0.000000,0.133624,17.030981,0.000000,0.000000,0.000000,17770
3.144433,0.000000,0.143511,17.030981,0.000000,0.000000,0.000000,17780
3.144433,0.000000,0.071756,17.030981,0.000000,0.000000,0.000000,17790
3.145967,0.000000,0.112577,17.030981,0.000000,0.000000,0.000000,17800
3.147501,0.000000,0.132988,17.030981,0.000000,0.000000,0.000000,17810
3.147501,0.000000,0.066494,17.030981,0.000000,0.000000,0.000000,17820
3.149035,0.000000,0.109946,17.030981,0.000000,0.000000,0.000000,17830
3.149035,0.000000,0.054973,17.030981,0.000000,0.000000,0.000000,17840
3.149035,0.000000,0.027487,17.030981,0.000000,0.000000,0.000000,17850
3.150568,0.000000,0.090443,17.030981,0.000000,0.000000,0.000000,17860
3.150568,0.000000,0.045221,17.030981,0.000000,0.000000,0.000000,17870
3.150568,0.000000,0.022611,17.030981,0.000000,0.000000,0.000000,17880
3.152102,0.000000,0.088005,17.030981,0.000000,0.000000,0.000000,17890
3.152102,0.000000,0.044002,17.030981,0.000000,0.000000,0.000000,17900
3.152102,0.000000,0.022001,17.030981,0.000000,0.000000,0.000000,17910
3.152102,0.000000,0.011001,17.030981,0.000000,0.000000,0.000000,17920
3.152102,0.000000,0.005500,17.030981,0.000000,0.000000,0.000000,17930
3.152102,0.000000,0.002750,17.030981,0.000000,0.000000,0.000000,17940
3.152102,0.000000,0.001375,17.030981,0.000000,0.000000,0.000000,17950
3.152102,0.000000,0.000688,17.030981,0.000000,0.000000,0.000000,17960
3.150568,0.000000,-0.076355,17.030981,0.000000,0.000000,0.000000,17970
3.150568,0.000000,-0.038178,17.030981,0.000000,0.000000,0.000000,17980
3.150568,0.000000,-0.019089,17.030981,0.000000,0.000000,0.000000,17990
3.150568,0.000000,-0.009544,17.030981,0.000000,0.000000,0.000000,18000
3.149035,0.000000,-0.081471,17.030981,0.000000,0.000000,0.000000,18010
3.149035,0.000000,-0.040736,17.030981,0.000000,0.000000,0.000000,18020
3.147501,0.000000,-0.097067,17.030981,0.000000,0.000000,0.000000,18030
3.147501,0.000000,-0.048534,17.030981,0.000000,0.000000,0.000000,18040
3.147501,0.000000,-0.024267,17.030981,0.000000,0.000000,0.000000,18050
3.145967,0.000000,-0.088833,17.030981,0.000000,0.000000,0.000000,18060
3.145967,0.000000,-0.044416,17.030981,0.000000,0.000000,0.000000,18070
3.144433,0.000000,-0.098907,17.030981,0.000000,0.000000,0.000000,18080
3.144433,0.000000,-0.049454,17.030981,0.000000,0.000000,0.000000,18090
3.142899,0.000000,-0.101426,17.030981,0.000000,0.000000,0.000000,18100
3.141365,0.000000,-0.127412,17.030981,0.000000,0.000000,0.000000,18110
3.141365,0.000000,-0.063706,17.030981,0.000000,0.000000,0.000000,18120
3.139831,0.000000,-0.108552,17.030981,0.000000,0.000000,0.000000,18130
3.138297,0.000000,-0.130975,17.030981,0.000000,0.000000,0.000000,18140
3.138297,0.000000,-0.065488,17.030981,0.000000,0.000000,0.000000,18150
3.136763,0.000000,-0.109443,17.030981,0.000000,0.000000,0.000000,18160
3.135229,0.000000,-0.131421,17.030981,0.000000,0.000000,0.000000,18170
3.135229,0.000000,-0.065710,17.030981,0.000000,0.000000,0.000000,18180
3.133695,0.000000,-0.109554,17.030981,0.000000,0.000000,0.000000,18190
3.132161,0.000000,-0.131476,17.030981,0.000000,0.000000,0.000000,18200
3.130627,0.000000,-0.142438,17.030981,0.000000,0.000000,0.000000,18210
3.130627,0.000000,-0.071219,17.030981,0.000000,0.000000,0.000000,18220
3.129093,0.000000,-0.112309,17.030981,0.000000,0.000000,0.000000,18230
3.127559,0.000000,-0.132854,17.030981,0.000000,0.000000,0.000000,18240
3.127559,0.000000,-0.066427,17.030981,0.000000,0.000000,0.000000,18250
3.126025,0.000000,-0.109913,17.030981,0.000000,0.000000,0.000000,18260
3.124491,0.000000,-0.131656,17.030981,0.000000,0.000000,0.000000,18270
3.124491,0.000000,-0.065828,17.030981,0.000000,0.000000,0.000000,18280
3.122957,0.000000,-0.109613,17.030981,0.000000,0.000000,0.000000,18290
3.121423,0.000000,-0.131506,17.030981,0.000000,0.000000,0.000000,18300
3.121423,0.000000,-0.065753,17.030981,0.000000,0.000000,0.000000,18310
3.119889,0.000000,-0.109576,17.030981,0.000000,0.000000,0.000000,18320
3.118355,0.000000,-0.131487,17.030981,0.000000,0.000000,0.000000,18330
3.118355,0.000000,-0.065744,17.030981,0.000000,0.000000,0.000000,18340
3.116821,0.000000,-0.109571,17.030981,0.000000,0.000000,0.000000,18350
3.116821,0.000000,-0.054786,17.030981,0.000000,0.000000,0.000000,18360
3.115287,0.000000,-0.104092,17.030981,0.000000,0.000000,0.000000,18370
3.115287,0.000000,-0.052046,17.030981,0.000000,0.000000,0.000000,18380
3.115287,0.000000,-0.026023,17.030981,0.000000,0.000000,0.000000,18390
3.113753,0.000000,-0.089711,17.030981,0.000000,0.000000,0.000000,18400
3.113753,0.000000,-0.044855,17.030981,0.000000,0.000000,0.000000,18410
3.113753,0.000000,-0.022428,17.030981,0.000000,0.000000,0.000000,18420
3.113753,0.000000,-0.011214,17.030981,0.000000,0.000000,0.000000,18430
3.112219,0.000000,-0.082306,17.030981,0.000000,0.000000,0.000000,18440
3.112219,0.000000,-0.041153,17.030981,0.000000,0.000000,0.000000,18450
3.112219,0.000000,-0.020577,17.030981,0.000000,0.000000,0.000000,18460
3.112219,0.000000,-0.010288,17.030981,0.000000,0.000000,0.000000,18470
3.112219,0.000000,-0.005144,17.030981,0.000000,0.000000,0.000000,18480
3.112219,0.000000,-0.002572,17.030981,0.000000,0.000000,0.000000,18490
3.112219,0.000000,-0.001286,17.030981,0.000000,0.000000,0.000000,18500
3.112219,0.000000,-0.000643,17.030981,0.000000,0.000000,0.000000,18510
3.112219,0.000000,-0.000322,17.030981,0.000000,0.000000,0.000000,18520
3.112219,0.000000,-0.000161,17.030981,0.000000,0.000000,0.000000,18530
3.112219,0.000000,-0.000080,17.030981,0.000000,0.000000,0.000000,18540
3.113753,0.000000,0.076659,17.030981,0.000000,0.000000,0.000000,18550
3.113753,0.000000,0.038330,17.030981,0.000000,0.000000,0.000000,18560
3.113753,0.000000,0.019165,17.030981,0.000000,0.000000,0.000000,18570
3.113753,0.000000,0.009582,17.030981,0.000000,0.000000,0.000000,18580
3.113753,0.000000,0.004791,17.030981,0.000000,0.000000,0.000000,18590
3.115287,0.000000,0.079095,17.030981,0.000000,0.000000,0.000000,18600
3.115287,0.000000,0.039547,17.030981,0.000000,0.000000,0.000000,18610
3.115287,0.000000,0.019774,17.030981,0.000000,0.000000,0.000000,18620
3.116821,0.000000,0.086586,17.030981,0.000000,0.000000,0.000000,18630
3.116821,0.000000,0.043293,17.030981,0.000000,0.000000,0.000000,18640
3.118355,0.000000,0.098346,17.030981,0.000000,0.000000,0.000000,18650
3.118355,0.000000,0.049173,17.030981,0.000000,0.000000,0.000000,18660
3.119889,0.000000,0.101286,17.030981,0.000000,0.000000,0.000000,18670
3.119889,0.000000,0.050643,17.030981,0.000000,0.000000,0.000000,18680
3.121423,0.000000,0.102021,17.030981,0.000000,0.000000,0.000000,18690
3.121423,0.000000,0.051010,17.030981,0.000000,0.000000,0.000000,18700
3.122957,0.000000,0.102204,17.030981,0.000000,0.000000,0.000000,18710
3.122957,0.000000,0.051102,17.030981,0.000000,0.000000,0.000000,18720
3.124491,0.000000,0.102250,17.030981,0.000000,0.000000,0.000000,18730
3.124491,0.000000,0.051125,17.030981,0.000000,0.000000,0.000000,18740
3.126025,0.000000,0.102262,17.030981,0.000000,0.000000,0.000000,18750
3.126025,0.000000,0.051131,17.030981,0.000000,0.000000,0.000000,18760
3.127559,0.000000,0.102265,17.030981,0.000000,0.000000,0.000000,18770
3.127559,0.000000,0.051132,17.030981,0.000000,0.000000,0.000000,18780
3.129093,0.000000,0.102265,17.030981,0.000000,0.000000,0.000000,18790
3.129093,0.000000,0.051133,17.030981,0.000000,0.000000,0.000000,18800
3.130627,0.000000,0.102266,17.030981,0.000000,0.000000,0.000000,18810
3.130627,0.000000,0.051133,17.030981,0.000000,0.000000,0.000000,18820
3.132161,0.000000,0.102266,17.030981,0.000000,0.000000,0.000000,18830
3.132161,0.000000,0.051133,17.030981,0.000000,0.000000,0.000000,18840
3.133695,0.000000,0.102266,17.030981,0.000000,0.000000,0.000000,18850
3.133695,0.000000,0.051133,17.030981,0.000000,0.000000,0.000000,18860
3.135229,0.000000,0.102266,17.030981,0.000000,0.000000,0.000000,18870
3.135229,0.000000,0.051133,17.030981,0.000000,0.000000,0.000000,18880
3.136763,0.000000,0.102266,17.030981,0.000000,0.000000,0.000000,18890
3.136763,0.000000,0.051133,17.030981,0.000000,0.000000,0.000000,18900
3.136763,0.000000,0.025566,17.030981,0.000000,0.000000,0.000000,18910
3.136763,0.000000,0.012783,17.030981,0.000000,0.000000,0.000000,18920
3.136763,0.000000,0.006392,17.030981,0.000000,0.000000,0.000000,18930
3.138297,0.000000,0.079895,17.030981,0.000000,0.000000,0.000000,18940
3.138297,0.000000,0.039948,17.030981,0.000000,0.000000,0.000000,18950
3.138297,0.000000,0.019974,17.030981,0.000000,0.000000,0.000000,18960
3.138297,0.000000,0.009987,17.030981,0.000000,0.000000,0.000000,18970
3.139831,0.000000,0.081693,17.030981,0.000000,0.000000,0.000000,18980
3.139831,0.000000,0.040846,17.030981,0.000000,0.000000,0.000000,18990
3.139831,0.000000,0.020423,17.030981,0.000000,0.000000,0.000000,19000
3.139831,0.000000,0.010212,17.030981,0.000000,0.000000,0.000000,19010
3.139831,0.000000,0.005106,17.030981,0.000000,0.000000,0.000000,19020