3.133695,0.000000,0.037226,0.144883,0.000000,0.000000,0.000000,10830
3.133695,0.000000,0.018613,0.144883,0.000000,0.000000,0.000000,10840
3.133695,0.000000,0.009307,0.144883,0.000000,0.000000,0.000000,10850
3.132161,0.000000,-0.072046,0.144883,0.000000,0.000000,0.000000,10860
3.132161,0.000000,-0.036023,0.144883,0.000000,0.000000,0.000000,10870
3.132161,0.000000,-0.018011,0.144883,0.000000,0.000000,0.000000,10880
3.133695,0.000000,0.067694,0.144883,0.000000,0.000000,0.000000,10890
3.132161,0.000000,-0.042853,0.144883,0.000000,0.000000,0.000000,10900
3.132161,0.000000,-0.021426,0.144883,0.000000,0.000000,0.000000,10910
3.132161,0.000000,-0.010713,0.144883,0.000000,0.000000,0.000000,10920
3.132161,0.000000,-0.005357,0.144883,0.000000,0.000000,0.000000,10930
3.132161,0.000000,-0.002678,0.144883,0.000000,0.000000,0.000000,10940
3.132161,0.000000,-0.001339,0.144883,0.000000,0.000000,0.000000,10950
3.132161,0.000000,-0.000670,0.144883,0.000000,0.000000,0.000000,10960
3.133695,0.000000,0.076364,0.144883,0.000000,0.000000,0.000000,10970
3.132161,0.000000,-0.038517,0.144883,0.000000,0.000000,0.000000,10980
3.132161,0.000000,-0.019259,0.144883,0.000000,0.000000,0.000000,10990
3.132161,0.000000,-0.009629,0.144883,0.000000,0.000000,0.000000,11000
3.132161,0.000000,-0.004815,0.144883,0.000000,0.000000,0.000000,11010
3.132161,0.000000,-0.002407,0.144883,0.000000,0.000000,0.000000,11020
3.132161,0.000000,-0.001204,0.144883,0.000000,0.000000,0.000000,11030
3.132161,0.000000,-0.000602,0.144883,0.000000,0.000000,0.000000,11040
3.132161,0.000000,-0.000301,0.144883,0.000000,0.000000,0.000000,11050
3.132161,0.000000,-0.000150,0.144883,0.000000,0.000000,0.000000,11060
3.133695,0.000000,0.076624,0.144883,0.000000,0.000000,0.000000,11070
3.132161,0.000000,-0.038387,0.144883,0.000000,0.000000,0.000000,11080
3.133695,0.000000,0.057506,0.144883,0.000000,0.000000,0.000000,11090
3.132161,0.000000,-0.047946,0.144883,0.000000,0.000000,0.000000,11100
3.133695,0.000000,0.052726,0.144883,0.000000,0.000000,0.000000,11110
3.132161,0.000000,-0.050336,0.144883,0.000000,0.000000,0.000000,11120
3.132161,0.000000,-0.025168,0.144883,0.000000,0.000000,0.000000,11130
3.132161,0.000000,-0.012584,0.144883,0.000000,0.000000,0.000000,11140
3.132161,0.000000,-0.006292,0.144883,0.000000,0.000000,0.000000,11150
3.133695,0.000000,0.073553,0.144883,0.000000,0.000000,0.000000,11160
3.133695,0.000000,0.036777,0.144883,0.000000,0.000000,0.000000,11170
3.133695,0.000000,0.018388,0.144883,0.000000,0.000000,0.000000,11180
3.132161,0.000000,-0.067505,0.144883,0.000000,0.000000,0.000000,11190
3.132161,0.000000,-0.033753,0.144883,0.000000,0.000000,0.000000,11200
3.132161,0.000000,-0.016876,0.144883,0.000000,0.000000,0.000000,11210
3.132161,0.000000,-0.008438,0.144883,0.000000,0.000000,0.000000,11220
3.132161,0.000000,-0.004219,0.144883,0.000000,0.000000,0.000000,11230
3.132161,0.000000,-0.002110,0.144883,0.000000,0.000000,0.000000,11240
3.133695,0.000000,0.075644,0.144883,0.000000,0.000000,0.000000,11250
3.132161,0.000000,-0.038877,0.144883,0.000000,0.000000,0.000000,11260
3.132161,0.000000,-0.019439,0.144883,0.000000,0.000000,0.000000,11270
3.132161,0.000000,-0.009719,0.144883,0.000000,0.000000,0.000000,11280
3.132161,0.000000,-0.004860,0.144883,0.000000,0.000000,0.000000,11290
3.132161,0.000000,-0.002430,0.144883,0.000000,0.000000,0.000000,11300
3.132161,0.000000,-0.001215,0.144883,0.000000,0.000000,0.000000,11310
3.132161,0.000000,-0.000607,0.144883,0.000000,0.000000,0.000000,11320
3.133695,0.000000,0.076396,0.144883,0.000000,0.000000,0.000000,11330
3.132161,0.000000,-0.038501,0.144883,0.000000,0.000000,0.000000,11340
3.132161,0.000000,-0.019251,0.144883,0.000000,0.000000,0.000000,11350
3.133695,0.000000,0.067074,0.144883,0.000000,0.000000,0.000000,11360
3.132161,0.000000,-0.043162,0.144883,0.000000,0.000000,0.000000,11370
3.132161,0.000000,-0.021581,0.144883,0.000000,0.000000,0.000000,11380
3.132161,0.000000,-0.010791,0.144883,0.000000,0.000000,0.000000,11390
3.133695,0.000000,0.071304,0.144883,0.000000,0.000000,0.000000,11400
3.132161,0.000000,-0.041047,0.144883,0.000000,0.000000,0.000000,11410
3.133695,0.000000,0.056176,0.144883,0.000000,0.000000,0.000000,11420
3.133695,0.000000,0.028088,0.144883,0.000000,0.000000,0.000000,11430
3.132161,0.000000,-0.062655,0.144883,0.000000,0.000000,0.000000,11440
3.132161,0.000000,-0.031328,0.144883,0.000000,0.000000,0.000000,11450
3.132161,0.000000,-0.015664,0.144883,0.000000,0.000000,0.000000,11460
3.133695,0.000000,0.068867,0.144883,0.000000,0.000000,0.000000,11470
3.132161,0.000000,-0.042266,0.144883,0.000000,0.000000,0.000000,11480
3.133695,0.000000,0.055566,0.144883,0.000000,0.000000,0.000000,11490
3.132161,0.000000,-0.048916,0.144883,0.000000,0.000000,0.000000,11500
3.133695,0.000000,0.052241,0.144883,0.000000,0.000000,0.000000,11510
3.132161,0.000000,-0.050579,0.144883,0.000000,0.000000,0.000000,11520
3.132161,0.000000,-0.025289,0.144883,0.000000,0.000000,0.000000,11530
3.132161,0.000000,-0.012645,0.144883,0.000000,0.000000,0.000000,11540
3.133695,0.000000,0.070377,0.144883,0.000000,0.000000,0.000000,11550
3.133695,0.000000,0.035188,0.144883,0.000000,0.000000,0.000000,11560
3.133695,0.000000,0.017594,0.144883,0.000000,0.000000,0.000000,11570
3.132161,0.000000,-0.067902,0.144883,0.000000,0.000000,0.000000,11580
3.132161,0.000000,-0.033951,0.144883,0.000000,0.000000,0.000000,11590
3.132161,0.000000,-0.016976,0.144883,0.000000,0.000000,0.000000,11600
3.132161,0.000000,-0.008488,0.144883,0.000000,0.000000,0.000000,11610
3.133695,0.000000,0.072455,0.144883,0.000000,0.000000,0.000000,11620
3.132161,0.000000,-0.040472,0.144883,0.000000,0.000000,0.000000,11630
3.133695,0.000000,0.056463,0.144883,0.000000,0.000000,0.000000,11640
3.132161,0.000000,-0.048468,0.144883,0.000000,0.000000,0.000000,11650
3.132161,0.000000,-0.024234,0.144883,0.000000,0.000000,0.000000,11660
3.132161,0.000000,-0.012117,0.144883,0.000000,0.000000,0.000000,11670
3.133695,0.000000,0.070641,0.144883,0.000000,0.000000,0.000000,11680
3.132161,0.000000,-0.041379,0.144883,0.000000,0.000000,0.000000,11690
3.133695,0.000000,0.056010,0.144883,0.000000,0.000000,0.000000,11700
3.132161,0.000000,-0.048694,0.144883,0.000000,0.000000,0.000000,11710
3.132161,0.000000,-0.024347,0.144883,0.000000,0.000000,0.000000,11720
3.133695,0.000000,0.064526,0.144883,0.000000,0.000000,0.000000,11730
3.132161,0.000000,-0.044436,0.144883,0.000000,0.000000,0.000000,11740
3.132161,0.000000,-0.022218,0.144883,0.000000,0.000000,0.000000,11750
3.133695,0.000000,0.065590,0.144883,0.000000,0.000000,0.000000,11760
3.132161,0.000000,-0.043904,0.144883,0.000000,0.000000,0.000000,11770
3.132161,0.000000,-0.021952,0.144883,0.000000,0.000000,0.000000,11780
3.133695,0.000000,0.065723,0.144883,0.000000,0.000000,0.000000,11790
3.133695,0.000000,0.032862,0.144883,0.000000,0.000000,0.000000,11800
3.132161,0.000000,-0.060268,0.144883,0.000000,0.000000,0.000000,11810
3.132161,0.000000,-0.030134,0.144883,0.000000,0.000000,0.000000,11820
3.132161,0.000000,-0.015067,0.144883,0.000000,0.000000,0.000000,11830
3.132161,0.000000,-0.007534,0.144883,0.000000,0.000000,0.000000,11840
3.132161,0.000000,-0.003767,0.144883,0.000000,0.000000,0.000000,11850
3.132161,0.000000,-0.001883,0.144883,0.000000,0.000000,0.000000,11860
3.133695,0.000000,0.075758,0.144883,0.000000,0.000000,0.000000,11870
3.132161,0.000000,-0.038820,0.144883,0.000000,0.000000,0.000000,11880
3.133695,0.000000,0.057289,0.144883,0.000000,0.000000,0.000000,11890
3.133695,0.000000,0.028645,0.144883,0.000000,0.000000,0.000000,11900
3.132161,0.000000,-0.062377,0.144883,0.000000,0.000000,0.000000,11910
3.132161,0.000000,-0.031189,0.144883,0.000000,0.000000,0.000000,11920
3.132161,0.000000,-0.015594,0.144883,0.000000,0.000000,0.000000,11930
3.132161,0.000000,-0.007797,0.144883,0.000000,0.000000,0.000000,11940
3.132161,0.000000,-0.003899,0.144883,0.000000,0.000000,0.000000,11950
3.132161,0.000000,-0.001949,0.144883,0.000000,0.000000,0.000000,11960
3.132161,0.000000,-0.000975,0.144883,0.000000,0.000000,0.000000,11970
3.132161,0.000000,-0.000487,0.144883,0.000000,0.000000,0.000000,11980
3.133695,0.000000,0.076456,0.144883,0.000000,0.000000,0.000000,11990
3.132161,0.000000,-0.038471,0.144883,0.000000,0.000000,0.000000,12000
3.132161,0.000000,-0.019236,0.144883,0.000000,0.000000,0.000000,12010
3.132161,0.000000,-0.009618,0.144883,0.000000,0.000000,0.000000,12020
3.132161,0.000000,-0.004809,0.144883,0.000000,0.000000,0.000000,12030
3.132161,0.000000,-0.002404,0.144883,0.000000,0.000000,0.000000,12040
3.132161,0.000000,-0.001202,0.144883,0.000000,0.000000,0.000000,12050
3.132161,0.000000,-0.000601,0.144883,0.000000,0.000000,0.000000,12060
3.133695,0.000000,0.076399,0.144883,0.000000,0.000000,0.000000,12070
3.133695,0.000000,0.038199,0.144883,0.000000,0.000000,0.000000,12080
3.132161,0.000000,-0.057600,0.144883,0.000000,0.000000,0.000000,12090
3.132161,0.000000,-0.028800,0.144883,0.000000,0.000000,0.000000,12100
3.132161,0.000000,-0.014400,0.144883,0.000000,0.000000,0.000000,12110
3.132161,0.000000,-0.007200,0.144883,0.000000,0.000000,0.000000,12120
3.132161,0.000000,-0.003600,0.144883,0.000000,0.000000,0.000000,12130
3.132161,0.000000,-0.001800,0.144883,0.000000,0.000000,0.000000,12140
3.132161,0.000000,-0.000900,0.144883,0.000000,0.000000,0.000000,12150
3.132161,0.000000,-0.000450,0.144883,0.000000,0.000000,0.000000,12160
3.133695,0.000000,0.076474,0.144883,0.000000,0.000000,0.000000,12170
3.132161,0.000000,-0.038462,0.144883,0.000000,0.000000,0.000000,12180
3.133695,0.000000,0.057468,0.144883,0.000000,0.000000,0.000000,12190
3.132161,0.000000,-0.047965,0.144883,0.000000,0.000000,0.000000,12200
3.133695,0.000000,0.052717,0.144883,0.000000,0.000000,0.000000,12210
3.133695,0.000000,0.026358,0.144883,0.000000,0.000000,0.000000,12220
3.133695,0.000000,0.013179,0.144883,0.000000,0.000000,0.000000,12230
3.132161,0.000000,-0.070110,0.144883,0.000000,0.000000,0.000000,12240
3.132161,0.000000,-0.035055,0.144883,0.000000,0.000000,0.000000,12250
3.132161,0.000000,-0.017527,0.144883,0.000000,0.000000,0.000000,12260
3.132161,0.000000,-0.008764,0.144883,0.000000,0.000000,0.000000,12270
3.132161,0.000000,-0.004382,0.144883,0.000000,0.000000,0.000000,12280
3.132161,0.000000,-0.002191,0.144883,0.000000,0.000000,0.000000,12290
3.132161,0.000000,-0.001095,0.144883,0.000000,0.000000,0.000000,12300
3.132161,0.000000,-0.000548,0.144883,0.000000,0.000000,0.000000,12310
3.132161,0.000000,-0.000274,0.144883,0.000000,0.000000,0.000000,12320
3.132161,0.000000,-0.000137,0.144883,0.000000,0.000000,0.000000,12330
3.132161,0.000000,-0.000068,0.144883,0.000000,0.000000,0.000000,12340
3.133695,0.000000,0.076665,0.144883,0.000000,0.000000,0.000000,12350
3.132161,0.000000,-0.038367,0.144883,0.000000,0.000000,0.000000,12360
3.132161,0.000000,-0.019183,0.144883,0.000000,0.000000,0.000000,12370
3.132161,0.000000,-0.009592,0.144883,0.000000,0.000000,0.000000,12380
3.132161,0.000000,-0.004796,0.144883,0.000000,0.000000,0.000000,12390
3.132161,0.000000,-0.002398,0.144883,0.000000,0.000000,0.000000,12400
3.132161,0.000000,-0.001199,0.144883,0.000000,0.000000,0.000000,12410
3.132161,0.000000,-0.000599,0.144883,0.000000,0.000000,0.000000,12420
3.132161,0.000000,-0.000300,0.144883,0.000000,0.000000,0.000000,12430
3.132161,0.000000,-0.000150,0.144883,0.000000,0.000000,0.000000,12440
3.133695,0.000000,0.076624,0.144883,0.000000,0.000000,0.000000,12450
3.132161,0.000000,-0.038387,0.144883,0.000000,0.000000,0.000000,12460
3.132161,0.000000,-0.019194,0.144883,0.000000,0.000000,0.000000,12470
3.132161,0.000000,-0.009597,0.144883,0.000000,0.000000,0.000000,12480
3.132161,0.000000,-0.004798,0.144883,0.000000,0.000000,0.000000,12490
3.132161,0.000000,-0.002399,0.144883,0.000000,0.000000,0.000000,12500
3.132161,0.000000,-0.001200,0.144883,0.000000,0.000000,0.000000,12510
3.132161,0.000000,-0.000600,0.144883,0.000000,0.000000,0.000000,12520
3.133695,0.000000,0.076399,0.144883,0.000000,0.000000,0.000000,12530
3.133695,0.000000,0.038200,0.144883,0.000000,0.000000,0.000000,12540
3.132161,0.000000,-0.057599,0.144883,0.000000,0.000000,0.000000,12550
3.132161,0.000000,-0.028800,0.144883,0.000000,0.000000,0.000000,12560
3.132161,0.000000,-0.014400,0.144883,0.000000,0.000000,0.000000,12570
3.132161,0.000000,-0.007200,0.144883,0.000000,0.000000,0.000000,12580
3.133695,0.000000,0.073099,0.144883,0.000000,0.000000,0.000000,12590
3.132161,0.000000,-0.040150,0.144883,0.000000,0.000000,0.000000,12600
3.132161,0.000000,-0.020075,0.144883,0.000000,0.000000,0.000000,12610
3.132161,0.000000,-0.010037,0.144883,0.000000,0.000000,0.000000,12620
3.132161,0.000000,-0.005019,0.144883,0.000000,0.000000,0.000000,12630
3.132161,0.000000,-0.002509,0.144883,0.000000,0.000000,0.000000,12640
3.132161,0.000000,-0.001255,0.144883,0.000000,0.000000,0.000000,12650
3.132161,0.000000,-0.000627,0.144883,0.000000,0.000000,0.000000,12660
3.132161,0.000000,-0.000314,0.144883,0.000000,0.000000,0.000000,12670
3.132161,0.000000,-0.000157,0.144883,0.000000,0.000000,0.000000,12680
3.132161,0.000000,-0.000078,0.144883,0.000000,0.000000,0.000000,12690
3.132161,0.000000,-0.000039,0.144883,0.000000,0.000000,0.000000,12700
3.132161,0.000000,-0.000020,0.144883,0.000000,0.000000,0.000000,12710
3.132161,0.000000,-0.000010,0.144883,0.000000,0.000000,0.000000,12720
3.132161,0.000000,-0.000005,0.144883,0.000000,0.000000,0.000000,12730
3.132161,0.000000,-0.000002,0.144883,0.000000,0.000000,0.000000,12740
3.132161,0.000000,-0.000001,0.144883,0.000000,0.000000,0.000000,12750
3.132161,0.000000,-0.000001,0.144883,0.000000,0.000000,0.000000,12760
3.132161,0.000000,-0.000000,0.144883,0.000000,0.000000,0.000000,12770
3.132161,0.000000,-0.000000,0.144883,0.000000,0.000000,0.000000,12780
3.132161,0.000000,-0.000000,0.144883,0.000000,0.000000,0.000000,12790
3.133695,0.000000,0.076699,0.144883,0.000000,0.000000,0.000000,12800
3.132161,0.000000,-0.038350,0.144883,0.000000,0.000000,0.000000,12810
3.132161,0.000000,-0.019175,0.144883,0.000000,0.000000,0.000000,12820
3.132161,0.000000,-0.009587,0.144883,0.000000,0.000000,0.000000,12830
3.132161,0.000000,-0.004794,0.144883,0.000000,0.000000,0.000000,12840
3.132161,0.000000,-0.002397,0.144883,0.000000,0.000000,0.000000,12850
3.132161,0.000000,-0.001198,0.144883,0.000000,0.000000,0.000000,12860
3.132161,0.000000,-0.000599,0.144883,0.000000,0.000000,0.000000,12870
3.132161,0.000000,-0.000300,0.144883,0.000000,0.000000,0.000000,12880
3.133695,0.000000,0.076549,0.144883,0.000000,0.000000,0.000000,12890
3.133695,0.000000,0.038275,0.144883,0.000000,0.000000,0.000000,12900
3.132161,0.000000,-0.057562,0.144883,0.000000,0.000000,0.000000,12910
3.132161,0.000000,-0.028781,0.144883,0.000000,0.000000,0.000000,12920
3.132161,0.000000,-0.014390,0.144883,0.000000,0.000000,0.000000,12930
3.132161,0.000000,-0.007195,0.144883,0.000000,0.000000,0.000000,12940
3.132161,0.000000,-0.003598,0.144883,0.000000,0.000000,0.000000,12950
3.132161,0.000000,-0.001799,0.144883,0.000000,0.000000,0.000000,12960
3.132161,0.000000,-0.000899,0.144883,0.000000,0.000000,0.000000,12970
3.132161,0.000000,-0.000450,0.144883,0.000000,0.000000,0.000000,12980
3.132161,0.000000,-0.000225,0.144883,0.000000,0.000000,0.000000,12990
3.132161,0.000000,-0.000112,0.144883,0.000000,0.000000,0.000000,13000
3.132161,0.000000,-0.000056,0.144883,0.000000,0.000000,0.000000,13010
3.132161,0.000000,-0.000028,0.144883,0.000000,0.000000,0.000000,13020
3.132161,0.000000,-0.000014,0.144883,0.000000,0.000000,0.000000,13030
3.132161,0.000000,-0.000007,0.144883,0.000000,0.000000,0.000000,13040
3.132161,0.000000,-0.000004,0.144883,0.000000,0.000000,0.000000,13050
3.132161,0.000000,-0.000002,0.144883,0.000000,0.000000,0.000000,13060
3.132161,0.000000,-0.000001,0.144883,0.000000,0.000000,0.000000,13070
3.132161,0.000000,-0.000000,0.144883,0.000000,0.000000,0.000000,13080
3.132161,0.000000,-0.000000,0.144883,0.000000,0.000000,0.000000,13090
3.132161,0.000000,-0.000000,0.144883,0.000000,0.000000,0.000000,13100
3.133695,0.000000,0.076699,0.144883,0.000000,0.000000,0.000000,13110
3.132161,0.000000,-0.038350,0.144883,0.000000,0.000000,0.000000,13120
3.132161,0.000000,-0.019175,0.144883,0.000000,0.000000,0.000000,13130
3.133695,0.000000,0.067112,0.144883,0.000000,0.000000,0.000000,13140
3.132161,0.000000,-0.043143,0.144883,0.000000,0.000000,0.000000,13150
3.132161,0.000000,-0.021572,0.144883,0.000000,0.000000,0.000000,13160
3.132161,0.000000,-0.010786,0.144883,0.000000,0.000000,0.000000,13170
3.132161,0.000000,-0.005393,0.144883,0.000000,0.000000,0.000000,13180
3.132161,0.000000,-0.002696,0.144883,0.000000,0.000000,0.000000,13190
3.132161,0.000000,-0.001348,0.144883,0.000000,0.000000,0.000000,13200
3.132161,0.000000,-0.000674,0.144883,0.000000,0.000000,0.000000,13210
3.132161,0.000000,-0.000337,0.144883,0.000000,0.000000,0.000000,13220
3.132161,0.000000,-0.000169,0.144883,0.000000,0.000000,0.000000,13230
3.132161,0.000000,-0.000084,0.144883,0.000000,0.000000,0.000000,13240
3.132161,0.000000,-0.000042,0.144883,0.000000,0.000000,0.000000,13250
3.132161,0.000000,-0.000021,0.144883,0.000000,0.000000,0.000000,13260
3.132161,0.000000,-0.000011,0.144883,0.000000,0.000000,0.000000,13270
3.132161,0.000000,-0.000005,0.144883,0.000000,0.000000,0.000000,13280
3.132161,0.000000,-0.000003,0.144883,0.000000,0.000000,0.000000,13290
3.132161,0.000000,-0.000001,0.144883,0.000000,0.000000,0.000000,13300
3.132161,0.000000,-0.000001,0.144883,0.000000,0.000000,0.000000,13310
3.132161,0.000000,-0.000000,0.144883,0.000000,0.000000,0.000000,13320
3.132161,0.000000,-0.000000,0.144883,0.000000,0.000000,0.000000,13330
3.132161,0.000000,-0.000000,0.144883,0.000000,0.000000,0.000000,13340
3.132161,0.000000,-0.000000,0.144883,0.000000,0.000000,0.000000,13350
3.132161,0.000000,-0.000000,0.144883,0.000000,0.000000,0.000000,13360
3.132161,0.000000,-0.000000,0.144883,0.000000,0.000000,0.000000,13370
3.132161,0.000000,-0.000000,0.144883,0.000000,0.000000,0.000000,13380
3.132161,0.000000,-0.000000,0.144883,0.000000,0.000000,0.000000,13390
3.132161,0.000000,-0.000000,0.144883,0.000000,0.000000,0.000000,13400
3.132161,0.000000,-0.000000,0.144883,0.000000,0.000000,0.000000,13410
3.132161,0.000000,-0.000000,0.144883,0.000000,0.000000,0.000000,13420
3.132161,0.000000,-0.000000,0.144883,0.000000,0.000000,0.000000,13430
3.132161,0.000000,-0.000000,0.144883,0.000000,0.000000,0.000000,13440
3.132161,0.000000,-0.000000,0.144883,0.000000,0.000000,0.000000,13450
3.132161,0.000000,-0.000000,0.144883,0.000000,0.000000,0.000000,13460
3.132161,0.000000,-0.000000,0.144883,0.000000,0.000000,0.000000,13470
3.132161,0.000000,-0.000000,0.144883,0.000000,0.000000,0.000000,13480
3.132161,0.000000,-0.000000,0.144883,0.000000,0.000000,0.000000,13490
3.132161,0.000000,-0.000000,0.144883,0.000000,0.000000,0.000000,13500
3.132161,0.000000,-0.000000,0.144883,0.000000,0.000000,0.000000,13510
3.132161,0.000000,-0.000000,0.144883,0.000000,0.000000,0.000000,13520
3.132161,0.000000,-0.000000,0.144883,0.000000,0.000000,0.000000,13530
3.132161,0.000000,-0.000000,0.144883,0.000000,0.000000,0.000000,13540
3.132161,0.000000,-0.000000,0.144883,0.000000,0.000000,0.000000,13550
3.132161,0.000000,-0.000000,0.144883,0.000000,0.000000,0.000000,13560
3.132161,0.000000,-0.000000,0.144883,0.000000,0.000000,0.000000,13570
3.132161,0.000000,-0.000000,0.144883,0.000000,0.000000,0.000000,13580
3.132161,0.000000,-0.000000,0.144883,0.000000,0.000000,0.000000,13590
3.132161,0.000000,-0.000000,0.144883,0.000000,0.000000,0.000000,13600
3.132161,0.000000,-0.000000,0.144883,0.000000,0.000000,0.000000,13610
3.132161,0.000000,-0.000000,0.144883,0.000000,0.000000,0.000000,13620
3.132161,0.000000,-0.000000,0.144883,0.000000,0.000000,0.000000,13630
3.132161,0.000000,-0.000000,0.144883,0.000000,0.000000,0.000000,13640
3.132161,0.000000,-0.000000,0.144883,0.000000,0.000000,0.000000,13650
3.132161,0.000000,-0.000000,0.144883,0.000000,0.000000,0.000000,13660
3.133695,0.000000,0.076699,0.144883,0.000000,0.000000,0.000000,13670
3.132161,0.000000,-0.038350,0.144883,0.000000,0.000000,0.000000,13680
3.132161,0.000000,-0.019175,0.144883,0.000000,0.000000,0.000000,13690
3.132161,0.000000,-0.009587,0.144883,0.000000,0.000000,0.000000,13700
3.132161,0.000000,-0.004794,0.144883,0.000000,0.000000,0.000000,13710
3.132161,0.000000,-0.002397,0.144883,0.000000,0.000000,0.000000,13720
3.132161,0.000000,-0.001198,0.144883,0.000000,0.000000,0.000000,13730
3.132161,0.000000,-0.000599,0.144883,0.000000,0.000000,0.000000,13740
3.132161,0.000000,-0.000300,0.144883,0.000000,0.000000,0.000000,13750
3.132161,0.000000,-0.000150,0.144883,0.000000,0.000000,0.000000,13760
3.132161,0.000000,-0.000075,0.144883,0.000000,0.000000,0.000000,13770
3.132161,0.000000,-0.000037,0.144883,0.000000,0.000000,0.000000,13780
3.132161,0.000000,-0.000019,0.144883,0.000000,0.000000,0.000000,13790
3.132161,0.000000,-0.000009,0.144883,0.000000,0.000000,0.000000,13800
3.132161,0.000000,-0.000005,0.144883,0.000000,0.000000,0.000000,13810
3.132161,0.000000,-0.000002,0.144883,0.000000,0.000000,0.000000,13820
3.132161,0.000000,-0.000001,0.144883,0.000000,0.000000,0.000000,13830
3.132161,0.000000,-0.000001,0.144883,0.000000,0.000000,0.000000,13840
3.133695,0.000000,0.076699,0.144883,0.000000,0.000000,0.000000,13850
3.132161,0.000000,-0.038350,0.144883,0.000000,0.000000,0.000000,13860
3.132161,0.000000,-0.019175,0.144883,0.000000,0.000000,0.000000,13870
3.132161,0.000000,-0.009587,0.144883,0.000000,0.000000,0.000000,13880
3.132161,0.000000,-0.004794,0.144883,0.000000,0.000000,0.000000,13890
3.132161,0.000000,-0.002397,0.144883,0.000000,0.000000,0.000000,13900
3.132161,0.000000,-0.001198,0.144883,0.000000,0.000000,0.000000,13910
3.132161,0.000000,-0.000599,0.144883,0.000000,0.000000,0.000000,13920
3.132161,0.000000,-0.000300,0.144883,0.000000,0.000000,0.000000,13930
3.132161,0.000000,-0.000150,0.144883,0.000000,0.000000,0.000000,13940
3.132161,0.000000,-0.000075,0.144883,0.000000,0.000000,0.000000,13950
3.132161,0.000000,-0.000037,0.144883,0.000000,0.000000,0.000000,13960
3.132161,0.000000,-0.000019,0.144883,0.000000,0.000000,0.000000,13970
3.132161,0.000000,-0.000009,0.144883,0.000000,0.000000,0.000000,13980
3.132161,0.000000,-0.000005,0.144883,0.000000,0.000000,0.000000,13990
3.132161,0.000000,-0.000002,0.144883,0.000000,0.000000,0.000000,14000
3.132161,0.000000,-0.000001,0.144883,0.000000,0.000000,0.000000,14010
3.132161,0.000000,-0.000001,0.144883,0.000000,0.000000,0.000000,14020
3.132161,0.000000,-0.000000,0.144883,0.000000,0.000000,0.000000,14030
3.132161,0.000000,-0.000000,0.144883,0.000000,0.000000,0.000000,14040
3.132161,0.000000,-0.000000,0.144883,0.000000,0.000000,0.000000,14050
3.132161,0.000000,-0.000000,0.144883,0.000000,0.000000,0.000000,14060
3.132161,0.000000,-0.000000,0.144883,0.000000,0.000000,0.000000,14070
3.132161,0.000000,-0.000000,0.144883,0.000000,0.000000,0.000000,14080
3.132161,0.000000,-0.000000,0.144883,0.000000,0.000000,0.000000,14090
3.132161,0.000000,-0.000000,0.144883,0.000000,0.000000,0.000000,14100
3.132161,0.000000,-0.000000,0.144883,0.000000,0.000000,0.000000,14110
3.132161,0.000000,-0.000000,0.144883,0.000000,0.000000,0.000000,14120
3.132161,0.000000,-0.000000,0.144883,0.000000,0.000000,0.000000,14130
3.132161,0.000000,-0.000000,0.144883,0.000000,0.000000,0.000000,14140
3.132161,0.000000,-0.000000,0.144883,0.000000,0.000000,0.000000,14150
3.132161,0.000000,-0.000000,0.144883,0.000000,0.000000,0.000000,14160
3.132161,0.000000,-0.000000,0.144883,0.000000,0.000000,0.000000,14170
3.132161,0.000000,-0.000000,0.144883,0.000000,0.000000,0.000000,14180
3.132161,0.000000,-0.000000,0.144883,0.000000,0.000000,0.000000,14190
3.132161,0.000000,-0.000000,0.144883,0.000000,0.000000,0.000000,14200
3.132161,0.000000,-0.000000,0.144883,0.000000,0.000000,0.000000,14210
3.132161,0.000000,-0.000000,0.144883,0.000000,0.000000,0.000000,14220
3.132161,0.000000,-0.000000,0.144883,0.000000,0.000000,0.000000,14230
3.132161,0.000000,-0.000000,0.144883,0.000000,0.000000,0.000000,14240
3.132161,0.000000,-0.000000,0.144883,0.000000,0.000000,0.000000,14250
3.132161,0.000000,-0.000000,0.144883,0.000000,0.000000,0.000000,14260
3.132161,0.000000,-0.000000,0.144883,0.000000,0.000000,0.000000,14270
3.132161,0.000000,-0.000000,0.144883,0.000000,0.000000,0.000000,14280
3.132161,0.000000,-0.000000,0.144883,0.000000,0.000000,0.000000,14290
3.132161,0.000000,-0.000000,0.144883,0.000000,0.000000,0.000000,14300
3.132161,0.000000,-0.000000,0.144883,0.000000,0.000000,0.000000,14310
3.132161,0.000000,-0.000000,0.144883,0.000000,0.000000,0.000000,14320
3.132161,0.000000,-0.000000,0.144883,0.000000,0.000000,0.000000,14330
3.132161,0.000000,-0.000000,0.144883,0.000000,0.000000,0.000000,14340
3.132161,0.000000,-0.000000,0.144883,0.000000,0.000000,0.000000,14350
3.132161,0.000000,-0.000000,0.144883,0.000000,0.000000,0.000000,14360
3.132161,0.000000,-0.000000,0.144883,0.000000,0.000000,0.000000,14370
3.132161,0.000000,-0.000000,0.144883,0.000000,0.000000,0.000000,14380
3.132161,0.000000,-0.000000,0.144883,0.000000,0.000000,0.000000,14390
3.132161,0.000000,-0.000000,0.144883,0.000000,0.000000,0.000000,14400
3.132161,0.000000,-0.000000,0.144883,0.000000,0.000000,0.000000,14410
3.132161,0.000000,-0.000000,0.144883,0.000000,0.000000,0.000000,14420
3.132161,0.000000,-0.000000,0.144883,0.000000,0.000000,0.000000,14430
3.132161,0.000000,-0.000000,0.144883,0.000000,0.000000,0.000000,14440
3.132161,0.000000,-0.000000,0.144883,0.000000,0.000000,0.000000,14450
3.132161,0.000000,-0.000000,0.144883,0.000000,0.000000,0.000000,14460
3.132161,0.000000,-0.000000,0.144883,0.000000,0.000000,0.000000,14470
3.132161,0.000000,-0.000000,0.144883,0.000000,0.000000,0.000000,14480
3.132161,0.000000,-0.000000,0.144883,0.000000,0.000000,0.000000,14490
3.132161,0.000000,-0.000000,0.144883,0.000000,0.000000,0.000000,14500
3.132161,0.000000,-0.000000,0.144883,0.000000,0.000000,0.000000,14510
3.132161,0.000000,-0.000000,0.144883,0.000000,0.000000,0.000000,14520
3.132161,0.000000,-0.000000,0.144883,0.000000,0.000000,0.000000,14530
3.132161,0.000000,-0.000000,0.144883,0.000000,0.000000,0.000000,14540
3.132161,0.000000,-0.000000,0.144883,0.000000,0.000000,0.000000,14550
3.132161,0.000000,-0.000000,0.144883,0.000000,0.000000,0.000000,14560
3.132161,0.000000,-0.000000,0.144883,0.000000,0.000000,0.000000,14570
3.132161,0.000000,-0.000000,0.144883,0.000000,0.000000,0.000000,14580
3.132161,0.000000,-0.000000,0.144883,0.000000,0.000000,0.000000,14590
3.132161,0.000000,-0.000000,0.144883,0.000000,0.000000,0.000000,14600
3.132161,0.000000,-0.000000,0.144883,0.000000,0.000000,0.000000,14610
3.132161,0.000000,-0.000000,0.144883,0.000000,0.000000,0.000000,14620
3.133695,0.000000,0.076699,0.144883,0.000000,0.000000,0.000000,14630
3.132161,0.000000,-0.038350,0.144883,0.000000,0.000000,10.000000,14640
3.135229,0.306797,0.134224,0.275277,13.039457,3.259864,10.000000,14650
3.145967,1.073790,0.604007,0.536067,26.078915,8.964626,10.000000,14660
3.165908,1.994157,1.299082,0.891030,35.496300,15.597545,10.000000,14670
3.187384,2.147579,1.723330,1.318434,42.740440,22.383268,10.000000,14680
3.210394,2.300978,2.012154,1.803792,48.535763,28.921391,10.000000,14690
3.234937,2.454376,2.233265,2.325370,52.157845,34.730507,10.000000,14700
3.264083,2.914548,2.573906,2.875925,55.055473,39.811749,10.000000,14710
3.290161,2.607775,2.590841,3.455456,57.953144,44.347095,10.000000,14720
3.316238,2.607775,2.599308,4.049476,59.401989,48.110821,10.000000,14730
3.340782,2.454352,2.526830,4.665228,61.575222,51.476921,10.000000,14740
3.363792,2.300978,2.413904,5.288225,62.299633,54.182598,10.000000,14750
3.388335,2.454376,2.434140,5.918465,63.024044,56.392960,10.000000,14760
3.409811,2.147579,2.290860,6.563194,64.472870,58.412937,10.000000,14770
3.431287,2.147555,2.219208,7.215167,65.197281,60.109024,10.000000,14780
3.449695,1.840782,2.029995,7.874383,65.921692,61.562191,10.000000,14790
3.466568,1.687384,1.858689,8.533601,65.921738,62.652077,10.000000,14800
3.480374,1.380587,1.619638,9.200062,66.646103,63.650585,10.000000,14810
3.491112,1.073790,1.346714,9.866523,66.646103,64.399460,10.000000,14820
3.501850,1.073790,1.210252,10.540228,67.370514,65.142227,10.000000,14830
3.509520,0.766969,0.988610,11.213934,67.370605,65.699326,10.000000,14840
3.515656,0.613594,0.801102,11.887639,67.370514,66.117126,10.000000,14850
3.518724,0.306797,0.553950,12.561344,67.370514,66.430473,10.000000,14860
3.518724,0.000000,0.276975,13.242293,68.094925,66.846588,10.000000,14870
3.515656,-0.306797,-0.014911,13.923244,68.095016,67.158691,10.000000,14880
3.511054,-0.460196,-0.237553,14.604193,68.094925,67.392746,10.000000,14890
3.504918,-0.613594,-0.425574,15.285142,68.094925,67.568291,10.000000,14900
3.495714,-0.920367,-0.672970,15.966091,68.094925,67.699951,10.000000,14910
3.484976,-1.073790,-0.873380,16.647041,68.095016,67.798721,10.000000,14920
3.472704,-1.227188,-1.050284,17.335234,68.819237,68.053848,10.000000,14930
3.457365,-1.533985,-1.292135,17.994452,65.921783,67.520828,0.000000,14940
3.435889,-2.147579,-1.719857,18.545006,55.055428,64.404480,0.000000,14950
3.403675,-3.221345,-2.470601,18.986898,44.189262,59.350677,0.000000,14960
3.368394,-3.528166,-2.999383,19.334618,34.771919,53.205986,0.000000,14970
3.326976,-4.141736,-3.570560,19.595407,26.078987,46.424232,0.000000,14980
3.279423,-4.755354,-4.162957,19.798243,20.283508,39.889053,0.000000,14990
3.228801,-5.062127,-4.612542,19.950371,15.212822,33.719994,0.000000,15000
3.176646,-5.215549,-4.914046,20.066277,11.590576,28.187639,0.000000,15010
3.124491,-5.215526,-5.064786,20.145962,7.968521,23.132860,0.000000,15020
3.069268,-5.522323,-5.293554,20.196671,5.070877,18.617365,0.000000,15030
3.014044,-5.522346,-5.407950,20.240135,4.346466,15.049641,0.000000,15040
2.958821,-5.522323,-5.465137,20.261868,2.173233,11.830539,0.000000,15050
2.903597,-5.522346,-5.493742,20.276358,1.449013,9.235157,0.000000,15060
2.849908,-5.368924,-5.431333,20.283602,0.724411,7.107471,0.000000,15070
2.799287,-5.062127,-5.246730,20.290846,0.724411,5.511705,0.000000,15080
2.750199,-4.908752,-5.077741,20.290846,0.000000,4.133779,0.000000,15090
2.702646,-4.755330,-4.916535,20.290846,0.000000,3.100334,0.000000,15100
2.658161,-4.448533,-4.682534,20.290846,0.000000,2.325251,0.000000,15110
2.616743,-4.141760,-4.412147,20.290846,0.000000,1.743938,0.000000,15120
2.579927,-3.681564,-4.046856,20.290846,0.000000,1.307953,0.000000,15130
2.544646,-3.528142,-3.787499,20.290846,0.000000,0.980965,0.000000,15140
2.512432,-3.221369,-3.504434,20.290846,0.000000,0.735724,0.000000,15150
2.486355,-2.607751,-3.056092,20.290846,0.000000,0.551793,0.000000,15160
2.461811,-2.454376,-2.755234,20.290846,0.000000,0.413845,0.000000,15170
2.443403,-1.840782,-2.298008,20.290846,0.000000,0.310383,0.000000,15180
2.429597,-1.380587,-1.839297,20.290846,0.000000,0.232788,0.000000,15190
2.418859,-1.073790,-1.456543,20.290846,0.000000,0.174591,0.000000,15200
2.412724,-0.613594,-1.035069,20.290846,0.000000,0.130943,0.000000,15210
2.412724,0.000000,-0.517534,20.290846,0.000000,0.098207,0.000000,15220
2.415792,0.306797,-0.105369,20.290846,0.000000,0.073655,0.000000,15230
2.423461,0.766993,0.330812,20.290846,0.000000,0.055242,0.000000,15240
2.435733,1.227188,0.779000,20.290846,0.000000,0.041431,0.000000,15250
2.452607,1.687384,1.233192,20.290846,0.000000,0.031073,0.000000,15260
2.472549,1.994181,1.613686,20.290846,0.000000,0.023305,0.000000,15270
2.495559,2.300954,1.957320,20.290846,0.000000,0.017479,0.000000,15280
2.523170,2.761173,2.359247,20.290846,0.000000,0.013109,0.000000,15290
2.553850,3.067970,2.713609,20.290846,0.000000,0.009832,0.000000,15300
2.587597,3.374743,3.044176,20.290846,0.000000,0.007374,0.000000,15310
2.624413,3.681564,3.362870,20.290846,0.000000,0.005530,0.000000,15320
2.664296,3.988338,3.675604,20.290846,0.000000,0.004148,0.000000,15330
2.705714,4.141760,3.908682,20.290846,0.000000,0.003111,0.000000,15340
2.748665,4.295135,4.101908,20.290846,0.000000,0.002333,0.000000,15350
2.796219,4.755354,4.428631,20.290846,0.000000,0.001750,0.000000,15360
2.842238,4.601932,4.515281,20.290846,0.000000,0.001312,0.000000,15370
2.891326,4.908752,4.712017,20.290846,0.000000,0.000984,0.000000,15380
2.940413,4.908729,4.810373,20.290846,0.000000,0.000738,0.000000,15390
2.992568,5.215549,5.012961,20.290846,0.000000,0.000554,0.000000,15400
3.043190,5.062127,5.037544,20.290846,0.000000,0.000415,0.000000,15410
3.093811,5.062127,5.049836,20.290846,0.000000,0.000311,0.000000,15420
3.144433,5.062151,5.055993,20.290846,0.000000,0.000234,0.000000,15430
3.195054,5.062127,5.059060,20.290846,0.000000,0.000175,0.000000,15440
3.245675,5.062127,5.060594,20.290846,0.000000,0.000131,0.000000,15450
3.294763,4.908752,4.984673,20.290846,0.000000,0.000099,0.000000,15460
3.343850,4.908729,4.946701,20.290846,0.000000,0.000074,0.000000,15470
3.389869,4.601955,4.774328,20.290846,0.000000,0.000055,0.000000,15480
3.434355,4.448533,4.611431,20.290846,0.000000,0.000042,0.000000,15490
3.475772,4.141760,4.376595,20.290846,0.000000,0.000031,0.000000,15500
3.515656,3.988338,4.182467,20.290846,0.000000,0.000023,0.000000,15510
3.552471,3.681564,3.932015,20.290846,0.000000,0.000018,0.000000,15520
3.587753,3.528142,3.730079,20.290846,0.000000,0.000013,0.000000,15530
3.619967,3.221369,3.475724,20.290846,0.000000,0.000010,0.000000,15540
3.647578,2.761173,3.118448,20.290846,0.000000,0.000007,0.000000,15550
3.672122,2.454376,2.786412,20.290846,0.000000,0.000006,0.000000,15560
3.693598,2.147555,2.466984,20.290846,0.000000,0.000004,0.000000,15570
3.712005,1.840782,2.153883,20.290846,0.000000,0.000003,0.000000,15580
3.725811,1.380587,1.767235,20.290846,0.000000,0.000002,0.000000,15590
3.736549,1.073790,1.420512,20.290846,0.000000,0.000002,0.000000,15600
3.744219,0.766993,1.093752,20.290846,0.000000,0.000001,0.000000,15610
3.745753,0.000000,0.623575,20.290846,0.000000,0.000001,0.000000,15620
3.745753,0.000000,0.311788,20.290846,0.000000,0.000001,0.000000,15630
3.741151,-0.460196,-0.074204,20.290846,0.000000,0.000001,0.000000,15640
3.733481,-0.766993,-0.420598,20.290846,0.000000,0.000000,0.000000,15650
3.721209,-1.227188,-0.823893,20.290846,0.000000,0.000000,0.000000,15660
3.705869,-1.533985,-1.178939,20.290846,0.000000,0.000000,0.000000,15670
3.687462,-1.840782,-1.509861,20.290846,0.000000,0.000000,0.000000,15680
3.667520,-1.994157,-1.752009,20.290846,0.000000,0.000000,0.000000,15690
3.642976,-2.454376,-2.103192,20.290846,0.000000,0.000000,0.000000,15700
3.615365,-2.761173,-2.432183,20.290846,0.000000,0.000000,0.000000,15710
3.584685,-3.067970,-2.750077,20.290846,0.000000,0.000000,0.000000,15720
3.552471,-3.221345,-2.985711,20.290846,0.000000,0.000000,0.000000,15730
3.517190,-3.528166,-3.256938,20.290846,0.000000,0.000000,0.000000,15740
3.480374,-3.681540,-3.469239,20.290846,0.000000,0.000000,0.000000,15750
3.440491,-3.988361,-3.728800,20.290846,0.000000,0.000000,0.000000,15760
3.400607,-3.988338,-3.858569,20.290846,0.000000,0.000000,0.000000,15770
3.357656,-4.295158,-4.076864,20.290846,0.000000,0.000000,0.000000,15780
3.314704,-4.295135,-4.185999,20.290846,0.000000,0.000000,0.000000,15790
3.270219,-4.448557,-4.317278,20.290846,0.000000,0.000000,0.000000,15800
3.224200,-4.601932,-4.459605,20.290846,0.000000,0.000000,0.000000,15810
3.179714,-4.448557,-4.454081,20.290846,0.000000,0.000000,0.000000,15820
3.133695,-4.601932,-4.528006,20.290846,0.000000,0.000000,0.000000,15830
3.089209,-4.448557,-4.488281,20.290846,0.000000,0.000000,0.000000,15840
3.044724,-4.448533,-4.468407,20.290846,0.000000,0.000000,0.000000,15850
3.000238,-4.448557,-4.458482,20.290846,0.000000,0.000000,0.000000,15860
2.957287,-4.295135,-4.376808,20.290846,0.000000,0.000000,0.000000,15870
2.915869,-4.141760,-4.259284,20.290846,0.000000,0.000000,0.000000,15880
2.875986,-3.988338,-4.123811,20.290846,0.000000,0.000000,0.000000,15890
2.836102,-3.988361,-4.056086,20.290846,0.000000,0.000000,0.000000,15900
2.800821,-3.528142,-3.792114,20.290846,0.000000,0.000000,0.000000,15910
2.765539,-3.528166,-3.660140,20.290846,0.000000,0.000000,0.000000,15920
2.734859,-3.067970,-3.364055,20.290846,0.000000,0.000000,0.000000,15930
2.705714,-2.914548,-3.139302,20.290846,0.000000,0.000000,0.000000,15940
2.679636,-2.607775,-2.873538,20.290846,0.000000,0.000000,0.000000,15950
2.655093,-2.454352,-2.663945,20.290846,0.000000,0.000000,0.000000,15960
2.635151,-1.994181,-2.329063,20.290846,0.000000,0.000000,0.000000,15970
2.618277,-1.687384,-2.008223,20.290846,0.000000,0.000000,0.000000,15980
2.604471,-1.380587,-1.694405,20.290846,0.000000,0.000000,0.000000,15990
2.593733,-1.073790,-1.384097,20.290846,0.000000,0.000000,0.000000,16000
2.586063,-0.766993,-1.075545,20.290846,0.000000,0.000000,0.000000,16010
2.582995,-0.306797,-0.691171,20.290846,0.000000,0.000000,0.000000,16020
2.582995,0.000000,-0.345585,20.290846,0.000000,0.000000,0.000000,16030
2.586063,0.306797,-0.019394,20.290846,0.000000,0.000000,0.000000,16040
2.593733,0.766993,0.373799,20.290846,0.000000,0.000000,0.000000,16050
2.604471,1.073790,0.723794,20.290846,0.000000,0.000000,0.000000,16060
2.616743,1.227188,0.975491,20.290846,0.000000,0.000000,0.000000,16070
2.633617,1.687384,1.331437,20.290846,0.000000,0.000000,0.000000,16080
2.652025,1.840782,1.586110,20.290846,0.000000,0.000000,0.000000,16090
2.675034,2.300954,1.943532,20.290846,0.000000,0.000000,0.000000,16100
2.699578,2.454376,2.198954,20.290846,0.000000,0.000000,0.000000,16110
2.725656,2.607751,2.403352,20.290846,0.000000,0.000000,0.000000,16120
2.754801,2.914572,2.658962,20.290846,0.000000,0.000000,0.000000,16130
2.787015,3.221369,2.940166,20.290846,0.000000,0.000000,0.000000,16140
2.819229,3.221369,3.080767,20.290846,0.000000,0.000000,0.000000,16150
2.854510,3.528142,3.304455,20.290846,0.000000,0.000000,0.000000,16160
2.889792,3.528166,3.416310,20.290846,0.000000,0.000000,0.000000,16170
2.926607,3.681540,3.548925,20.290846,0.000000,0.000000,0.000000,16180
2.964957,3.834963,3.691944,20.290846,0.000000,0.000000,0.000000,16190
3.003306,3.834939,3.763442,20.290846,0.000000,0.000000,0.000000,16200
3.043190,3.988361,3.875901,20.290846,0.000000,0.000000,0.000000,16210
3.083073,3.988338,3.932119,20.290846,0.000000,0.000000,0.000000,16220
3.122957,3.988361,3.960240,20.290846,0.000000,0.000000,0.000000,16230
3.162840,3.988338,3.974289,20.290846,0.000000,0.000000,0.000000,16240
3.201190,3.834963,3.904626,20.290846,0.000000,0.000000,0.000000,16250
3.241073,3.988361,3.946494,20.290846,0.000000,0.000000,0.000000,16260
3.277889,3.681540,3.814017,20.290846,0.000000,0.000000,0.000000,16270
3.314704,3.681564,3.747791,20.290846,0.000000,0.000000,0.000000,16280
3.349986,3.528142,3.637966,20.290846,0.000000,0.000000,0.000000,16290
3.383734,3.374767,3.506367,20.290846,0.000000,0.000000,0.000000,16300
3.414413,3.067946,3.287157,20.290846,0.000000,0.000000,0.000000,16310
3.443559,2.914572,3.100864,20.290846,0.000000,0.000000,0.000000,16320
3.471170,2.761173,2.931019,20.290846,0.000000,0.000000,0.000000,16330
3.497248,2.607775,2.769397,20.290846,0.000000,0.000000,0.000000,16340
3.518724,2.147555,2.458476,20.290846,0.000000,0.000000,0.000000,16350
3.540200,2.147579,2.303028,20.290846,0.000000,0.000000,0.000000,16360
3.557073,1.687384,1.995206,20.290846,0.000000,0.000000,0.000000,16370
3.570879,1.380587,1.687896,20.290846,0.000000,0.000000,0.000000,16380
3.583151,1.227164,1.457530,20.290846,0.000000,0.000000,0.000000,16390
3.590821,0.766993,1.112261,20.290846,0.000000,0.000000,0.000000,16400
3.596957,0.613594,0.862928,20.290846,0.000000,0.000000,0.000000,16410
3.600025,0.306797,0.584862,20.290846,0.000000,0.000000,0.000000,16420
3.600025,0.000000,0.292431,20.290846,0.000000,0.000000,0.000000,16430
3.595423,-0.460196,-0.083882,20.290846,0.000000,0.000000,0.000000,16440
3.590821,-0.460196,-0.272039,20.290846,0.000000,0.000000,0.000000,16450
3.581617,-0.920391,-0.596215,20.290846,0.000000,0.000000,0.000000,16460
3.570879,-1.073766,-0.834990,20.290846,0.000000,0.000000,0.000000,16470
3.555539,-1.533985,-1.184488,20.290846,0.000000,0.000000,0.000000,16480
3.540200,-1.533985,-1.359236,20.290846,0.000000,0.000000,0.000000,16490
3.520258,-1.994181,-1.676709,20.290846,0.000000,0.000000,0.000000,16500
3.498782,-2.147555,-1.912132,20.290846,0.000000,0.000000,0.000000,16510
3.477306,-2.147579,-2.029856,20.290846,0.000000,0.000000,0.000000,16520
3.451229,-2.607775,-2.318815,20.290846,0.000000,0.000000,0.000000,16530
3.423617,-2.761173,-2.539994,20.290846,0.000000,0.000000,0.000000,16540
3.396005,-2.761149,-2.650572,20.290846,0.000000,0.000000,0.000000,16550
3.365326,-3.067970,-2.859271,20.290846,0.000000,0.000000,0.000000,16560
3.333112,-3.221369,-3.040320,20.290846,0.000000,0.000000,0.000000,16570
3.300899,-3.221345,-3.130832,20.290846,0.000000,0.000000,0.000000,16580
3.267151,-3.374767,-3.252800,20.290846,0.000000,0.000000,0.000000,16590
3.233403,-3.374743,-3.313772,20.290846,0.000000,0.000000,0.000000,16600
3.198122,-3.528166,-3.420969,20.290846,0.000000,0.000000,0.000000,16610
3.164374,-3.374767,-3.397868,20.290846,0.000000,0.000000,0.000000,16620
3.129093,-3.528142,-3.463005,20.290846,0.000000,0.000000,0.000000,16630
3.093811,-3.528166,-3.495585,20.290846,0.000000,0.000000,0.000000,16640
3.061598,-3.221345,-3.358465,20.290846,0.000000,0.000000,0.000000,16650
3.026316,-3.528166,-3.443316,20.290846,0.000000,0.000000,0.000000,16660
2.994102,-3.221345,-3.332330,20.290846,0.000000,0.000000,0.000000,16670
2.963423,-3.067970,-3.200150,20.290846,0.000000,0.000000,0.000000,16680
2.932743,-3.067970,-3.134060,20.290846,0.000000,0.000000,0.000000,16690
2.905131,-2.761173,-2.947617,20.290846,0.000000,0.000000,0.000000,16700
2.877520,-2.761149,-2.854383,20.290846,0.000000,0.000000,0.000000,16710
2.851442,-2.607775,-2.731079,20.290846,0.000000,0.000000,0.000000,16720
2.828432,-2.300978,-2.516028,20.290846,0.000000,0.000000,0.000000,16730
2.806957,-2.147555,-2.331792,20.290846,0.000000,0.000000,0.000000,16740
2.788549,-1.840782,-2.086287,20.290846,0.000000,0.000000,0.000000,16750
2.771675,-1.687384,-1.886835,20.290846,0.000000,0.000000,0.000000,16760
2.756335,-1.533985,-1.710410,20.290846,0.000000,0.000000,0.000000,16770
2.744063,-1.227188,-1.468799,20.290846,0.000000,0.000000,0.000000,16780
2.734859,-0.920391,-1.194595,20.290846,0.000000,0.000000,0.000000,16790
2.728724,-0.613594,-0.904095,20.290846,0.000000,0.000000,0.000000,16800
2.724122,-0.460172,-0.682133,20.290846,0.000000,0.000000,0.000000,16810
2.722588,0.000000,-0.417766,20.290846,0.000000,0.000000,0.000000,16820
2.724122,0.000000,-0.132184,20.290846,0.000000,0.000000,0.000000,16830
2.727190,0.306773,0.087295,20.290846,0.000000,0.000000,0.000000,16840
2.734859,0.766993,0.427144,20.290846,0.000000,0.000000,0.000000,16850
2.742529,0.766993,0.597068,20.290846,0.000000,0.000000,0.000000,16860
2.753267,1.073790,0.835429,20.290846,0.000000,0.000000,0.000000,16870
2.765539,1.227188,1.031308,20.290846,0.000000,0.000000,0.000000,16880
2.780879,1.533985,1.282647,20.290846,0.000000,0.000000,0.000000,16890
2.799287,1.840782,1.561714,20.290846,0.000000,0.000000,0.000000,16900
2.817695,1.840782,1.701248,20.290846,0.000000,0.000000,0.000000,16910
2.837636,1.994157,1.847703,20.290846,0.000000,0.000000,0.000000,16920
2.860646,2.300978,2.074340,20.290846,0.000000,0.000000,0.000000,16930
2.885190,2.454376,2.264358,20.290846,0.000000,0.000000,0.000000,16940
2.909733,2.454352,2.359355,20.290846,0.000000,0.000000,0.000000,16950
2.935811,2.607775,2.483565,20.290846,0.000000,0.000000,0.000000,16960
2.963423,2.761173,2.622369,20.290846,0.000000,0.000000,0.000000,16970
2.991035,2.761173,2.691771,20.290846,0.000000,0.000000,0.000000,16980
3.018646,2.761149,2.726460,20.290846,0.000000,0.000000,0.000000,16990
3.049326,3.067970,2.897215,20.290846,0.000000,0.000000,0.000000,17000
3.078471,2.914548,2.905882,20.290846,0.000000,0.000000,0.000000,17010
3.109151,3.067970,2.986926,20.290846,0.000000,0.000000,0.000000,17020
3.138297,2.914572,2.950749,20.290846,0.000000,0.000000,0.000000,17030
3.167442,2.914548,2.932648,20.290846,0.000000,0.000000,0.000000,17040
3.196588,2.914572,2.923610,20.290846,0.000000,0.000000,0.000000,17050
3.224200,2.761173,2.842392,20.290846,0.000000,0.000000,0.000000,17060
3.251811,2.761149,2.801771,20.290846,0.000000,0.000000,0.000000,17070
3.277889,2.607775,2.704773,20.290846,0.000000,0.000000,0.000000,17080
3.303967,2.607775,2.656274,20.290846,0.000000,0.000000,0.000000,17090
3.328510,2.454376,2.555325,20.290846,0.000000,0.000000,0.000000,17100
3.349986,2.147555,2.351440,20.290846,0.000000,0.000000,0.000000,17110
3.371462,2.147579,2.249510,20.290846,0.000000,0.000000,0.000000,17120
3.391403,1.994181,2.121845,20.290846,0.000000,0.000000,0.000000,17130
3.408277,1.687384,1.904614,20.290846,0.000000,0.000000,0.000000,17140
3.425151,1.687360,1.795987,20.290846,0.000000,0.000000,0.000000,17150
3.438957,1.380587,1.588287,20.290846,0.000000,0.000000,0.000000,17160
3.449695,1.073790,1.331038,20.290846,0.000000,0.000000,0.000000,17170
3.458899,0.920391,1.125715,20.290846,0.000000,0.000000,0.000000,17180
3.466568,0.766993,0.946354,20.290846,0.000000,0.000000,0.000000,17190
3.471170,0.460196,0.703275,20.290846,0.000000,0.000000,0.000000,17200
3.474238,0.306797,0.505036,20.290846,0.000000,0.000000,0.000000,17210
3.474238,0.000000,0.252518,20.290846,0.000000,0.000000,0.000000,17220
3.472704,0.000000,0.049560,20.290846,0.000000,0.000000,0.000000,17230
3.468102,-0.460196,-0.205318,20.290846,0.000000,0.000000,0.000000,17240
3.463500,-0.460196,-0.332757,20.290846,0.000000,0.000000,0.000000,17250
3.454297,-0.920391,-0.626574,20.290846,0.000000,0.000000,0.000000,17260
3.445093,-0.920391,-0.773483,20.290846,0.000000,0.000000,0.000000,17270
3.432821,-1.227188,-1.000335,20.290846,0.000000,0.000000,0.000000,17280
3.420549,-1.227188,-1.113762,20.290846,0.000000,0.000000,0.000000,17290
3.403675,-1.687360,-1.400561,20.290846,0.000000,0.000000,0.000000,17300
3.386801,-1.687384,-1.543972,20.290846,0.000000,0.000000,0.000000,17310
3.369928,-1.687384,-1.615678,20.290846,0.000000,0.000000,0.000000,17320
3.349986,-1.994181,-1.804929,20.290846,0.000000,0.000000,0.000000,17330
3.328510,-2.147555,-1.976242,20.290846,0.000000,0.000000,0.000000,17340
3.307034,-2.147579,-2.061911,20.290846,0.000000,0.000000,0.000000,17350
3.284025,-2.300978,-2.181444,20.290846,0.000000,0.000000,0.000000,17360
3.261015,-2.300978,-2.241211,20.290846,0.000000,0.000000,0.000000,17370
3.236471,-2.454352,-2.347782,20.290846,0.000000,0.000000,0.000000,17380
3.211928,-2.454376,-2.401079,20.290846,0.000000,0.000000,0.000000,17390
3.185850,-2.607775,-2.504427,20.290846,0.000000,0.000000,0.000000,17400
3.161306,-2.454352,-2.479390,20.290846,0.000000,0.000000,0.000000,17410
3.136763,-2.454376,-2.466883,20.290846,0.000000,0.000000,0.000000,17420
3.110685,-2.607775,-2.537329,20.290846,0.000000,0.000000,0.000000,17430
3.086141,-2.454376,-2.495852,20.290846,0.000000,0.000000,0.000000,17440
3.061598,-2.454352,-2.475102,20.290846,0.000000,0.000000,0.000000,17450
3.038588,-2.300978,-2.388040,20.290846,0.000000,0.000000,0.000000,17460
3.015578,-2.300978,-2.344509,20.290846,0.000000,0.000000,0.000000,17470
2.994102,-2.147555,-2.246032,20.290846,0.000000,0.000000,0.000000,17480
2.972627,-2.147579,-2.196806,20.290846,0.000000,0.000000,0.000000,17490
2.952685,-1.994181,-2.095493,20.290846,0.000000,0.000000,0.000000,17500
2.935811,-1.687384,-1.891438,20.290846,0.000000,0.000000,0.000000,17510
2.918937,-1.687384,-1.789411,20.290846,0.000000,0.000000,0.000000,17520
2.903597,-1.533985,-1.661698,20.290846,0.000000,0.000000,0.000000,17530
2.888258,-1.533961,-1.597830,20.290846,0.000000,0.000000,0.000000,17540
2.877520,-1.073790,-1.335810,20.290846,0.000000,0.000000,0.000000,17550
2.866782,-1.073790,-1.204800,20.290846,0.000000,0.000000,0.000000,17560
2.859112,-0.766993,-0.985896,20.290846,0.000000,0.000000,0.000000,17570
2.851442,-0.766993,-0.876444,20.290846,0.000000,0.000000,0.000000,17580
2.846840,-0.460196,-0.668320,20.290846,0.000000,0.000000,0.000000,17590
2.843772,-0.306797,-0.487558,20.290846,0.000000,0.000000,0.000000,17600
2.843772,0.000000,-0.243779,20.290846,0.000000,0.000000,0.000000,17610
2.843772,0.000000,-0.121890,20.290846,0.000000,0.000000,0.000000,17620
2.846840,0.306797,0.092454,20.290846,0.000000,0.000000,0.000000,17630
2.851442,0.460196,0.276325,20.290846,0.000000,0.000000,0.000000,17640
2.857578,0.613594,0.444959,20.290846,0.000000,0.000000,0.000000,17650
2.865248,0.766993,0.605976,20.290846,0.000000,0.000000,0.000000,17660
2.874452,0.920391,0.763184,20.290846,0.000000,0.000000,0.000000,17670
2.885190,1.073790,0.918487,20.290846,0.000000,0.000000,0.000000,17680
2.897462,1.227188,1.072837,20.290846,0.000000,0.000000,0.000000,17690
2.909733,1.227164,1.150001,20.290846,0.000000,0.000000,0.000000,17700
2.925073,1.533985,1.341993,20.290846,0.000000,0.000000,0.000000,17710
2.940413,1.533985,1.437989,20.290846,0.000000,0.000000,0.000000,17720
2.957287,1.687384,1.562686,20.290846,0.000000,0.000000,0.000000,17730
2.975695,1.840782,1.701734,20.290846,0.000000,0.000000,0.000000,17740
2.994102,1.840782,1.771258,20.290846,0.000000,0.000000,0.000000,17750
3.012510,1.840758,1.806008,20.290846,0.000000,0.000000,0.000000,17760
3.032452,1.994181,1.900095,20.290846,0.000000,0.000000,0.000000,17770
3.052394,1.994181,1.947138,20.290846,0.000000,0.000000,0.000000,17780
3.072335,1.994157,1.970647,20.290846,0.000000,0.000000,0.000000,17790
3.093811,2.147579,2.059113,20.290846,0.000000,0.000000,0.000000,17800
3.113753,1.994181,2.026647,20.290846,0.000000,0.000000,0.000000,17810
3.135229,2.147579,2.087113,20.290846,0.000000,0.000000,0.000000,17820
3.155170,1.994181,2.040647,20.290846,0.000000,0.000000,0.000000,17830
3.175112,1.994157,2.017402,20.290846,0.000000,0.000000,0.000000,17840
3.195054,1.994181,2.005791,20.290846,0.000000,0.000000,0.000000,17850
3.214996,1.994181,1.999986,20.290846,0.000000,0.000000,0.000000,17860
3.233403,1.840782,1.920384,20.290846,0.000000,0.000000,0.000000,17870
3.250277,1.687360,1.803872,20.290846,0.000000,0.000000,0.000000,17880
3.267151,1.687384,1.745628,20.290846,0.000000,0.000000,0.000000,17890
3.282491,1.533985,1.639807,20.290846,0.000000,0.000000,0.000000,17900
3.297831,1.533985,1.586896,20.290846,0.000000,0.000000,0.000000,17910
3.310102,1.227188,1.407042,20.290846,0.000000,0.000000,0.000000,17920
3.322374,1.227188,1.317115,20.290846,0.000000,0.000000,0.000000,17930
3.333112,1.073766,1.195440,20.290846,0.000000,0.000000,0.000000,17940
3.342316,0.920391,1.057916,20.290846,0.000000,0.000000,0.000000,17950
3.349986,0.766993,0.912454,20.290846,0.000000,0.000000,0.000000,17960
3.356122,0.613594,0.763024,20.290846,0.000000,0.000000,0.000000,17970
3.360724,0.460196,0.611610,20.290846,0.000000,0.000000,0.000000,17980
3.363792,0.306797,0.459203,20.290846,0.000000,0.000000,0.000000,17990
3.365326,0.000000,0.306301,20.290846,0.000000,0.000000,0.000000,18000
3.365326,0.000000,0.153150,20.290846,0.000000,0.000000,0.000000,18010
3.363792,0.000000,-0.000124,20.290846,0.000000,0.000000,0.000000,18020
3.360724,-0.306797,-0.153461,20.290846,0.000000,0.000000,0.000000,18030
3.356122,-0.460196,-0.306828,20.290846,0.000000,0.000000,0.000000,18040
3.349986,-0.613594,-0.460211,20.290846,0.000000,0.000000,0.000000,18050
3.343850,-0.613594,-0.536903,20.290846,0.000000,0.000000,0.000000,18060
3.334646,-0.920391,-0.728647,20.290846,0.000000,0.000000,0.000000,18070
3.325442,-0.920367,-0.824507,20.290846,0.000000,0.000000,0.000000,18080
3.314704,-1.073790,-0.949148,20.290846,0.000000,0.000000,0.000000,18090
3.302433,-1.227188,-1.088168,20.290846,0.000000,0.000000,0.000000,18100
3.291695,-1.073790,-1.080979,20.290846,0.000000,0.000000,0.000000,18110
3.276355,-1.533985,-1.307482,20.290846,0.000000,0.000000,0.000000,18120
3.262549,-1.380587,-1.344034,20.290846,0.000000,0.000000,0.000000,18130
3.248743,-1.380587,-1.362310,20.290846,0.000000,0.000000,0.000000,18140
3.233403,-1.533961,-1.448136,20.290846,0.000000,0.000000,0.000000,18150
3.216530,-1.687384,-1.567760,20.290846,0.000000,0.000000,0.000000,18160
3.201190,-1.533985,-1.550872,20.290846,0.000000,0.000000,0.000000,18170
3.184316,-1.687384,-1.619128,20.290846,0.000000,0.000000,0.000000,18180
3.167442,-1.687384,-1.653256,20.290846,0.000000,0.000000,0.000000,18190
3.150568,-1.687360,-1.670308,20.290846,0.000000,0.000000,0.000000,18200
3.133695,-1.687384,-1.678846,20.290846,0.000000,0.000000,0.000000,18210
3.116821,-1.687384,-1.683115,20.290846,0.000000,0.000000,0.000000,18220
3.099947,-1.687384,-1.685249,20.290846,0.000000,0.000000,0.000000,18230
3.084607,-1.533985,-1.609617,20.290846,0.000000,0.000000,0.000000,18240
3.069268,-1.533961,-1.571789,20.290846,0.000000,0.000000,0.000000,18250
3.053928,-1.533985,-1.552887,20.290846,0.000000,0.000000,0.000000,18260
3.040122,-1.380587,-1.466737,20.290846,0.000000,0.000000,0.000000,18270
3.026316,-1.380587,-1.423662,20.290846,0.000000,0.000000,0.000000,18280
3.014044,-1.227188,-1.325425,20.290846,0.000000,0.000000,0.000000,18290
3.001772,-1.227188,-1.276307,20.290846,0.000000,0.000000,0.000000,18300
2.991035,-1.073766,-1.175036,20.290846,0.000000,0.000000,0.000000,18310
2.981831,-0.920391,-1.047714,20.290846,0.000000,0.000000,0.000000,18320
2.972627,-0.920391,-0.984052,20.290846,0.000000,0.000000,0.000000,18330
2.964957,-0.766993,-0.875522,20.290846,0.000000,0.000000,0.000000,18340
2.958821,-0.613594,-0.744558,20.290846,0.000000,0.000000,0.000000,18350
2.954219,-0.460196,-0.602377,20.290846,0.000000,0.000000,0.000000,18360
2.951151,-0.306797,-0.454587,20.290846,0.000000,0.000000,0.000000,18370
2.948083,-0.306797,-0.380692,20.290846,0.000000,0.000000,0.000000,18380
2.946549,0.000000,-0.267045,20.290846,0.000000,0.000000,0.000000,18390
2.946549,0.000000,-0.133523,20.290846,0.000000,0.000000,0.000000,18400
2.948083,0.000000,0.009938,20.290846,0.000000,0.000000,0.000000,18410
2.951151,0.306797,0.158367,20.290846,0.000000,0.000000,0.000000,18420
2.954219,0.306797,0.232582,20.290846,0.000000,0.000000,0.000000,18430
2.958821,0.460196,0.346389,20.290846,0.000000,0.000000,0.000000,18440
2.963423,0.460196,0.403292,20.290846,0.000000,0.000000,0.000000,18450
2.971093,0.766993,0.585142,20.290846,0.000000,0.000000,0.000000,18460
2.978763,0.766993,0.676067,20.290846,0.000000,0.000000,0.000000,18470
2.986433,0.766993,0.721530,20.290846,0.000000,0.000000,0.000000,18480
2.995636,0.920367,0.820949,20.290846,0.000000,0.000000,0.000000,18490
3.004840,0.920391,0.870670,20.290846,0.000000,0.000000,0.000000,18500
3.015578,1.073790,0.972230,20.290846,0.000000,0.000000,0.000000,18510
3.026316,1.073790,1.023010,20.290846,0.000000,0.000000,0.000000,18520
3.037054,1.073790,1.048400,20.290846,0.000000,0.000000,0.000000,18530
3.049326,1.227188,1.137794,20.290846,0.000000,0.000000,0.000000,18540
3.061598,1.227188,1.182491,20.290846,0.000000,0.000000,0.000000,18550
3.073869,1.227164,1.204828,20.290846,0.000000,0.000000,0.000000,18560
3.086141,1.227188,1.216008,20.290846,0.000000,0.000000,0.000000,18570
3.099947,1.380587,1.298297,20.290846,0.000000,0.000000,0.000000,18580
3.112219,1.227188,1.262743,20.290846,0.000000,0.000000,0.000000,18590
3.126025,1.380587,1.321665,20.290846,0.000000,0.000000,0.000000,18600
3.138297,1.227188,1.274426,20.290846,0.000000,0.000000,0.000000,18610
3.150568,1.227188,1.250807,20.290846,0.000000,0.000000,0.000000,18620
3.162840,1.227164,1.238986,20.290846,0.000000,0.000000,0.000000,18630
3.175112,1.227188,1.233087,20.290846,0.000000,0.000000,0.000000,18640
3.187384,1.227188,1.230138,20.290846,0.000000,0.000000,0.000000,18650
3.198122,1.073790,1.151964,20.290846,0.000000,0.000000,0.000000,18660
3.208860,1.073790,1.112877,20.290846,0.000000,0.000000,0.000000,18670
3.218064,0.920391,1.016634,20.290846,0.000000,0.000000,0.000000,18680
3.227268,0.920391,0.968512,20.290846,0.000000,0.000000,0.000000,18690
3.236471,0.920391,0.944452,20.290846,0.000000,0.000000,0.000000,18700
3.244141,0.766969,0.855710,20.290846,0.000000,0.000000,0.000000,18710
3.250277,0.613594,0.734652,20.290846,0.000000,0.000000,0.000000,18720
3.256413,0.613594,0.674123,20.290846,0.000000,0.000000,0.000000,18730
3.261015,0.460196,0.567159,20.290846,0.000000,0.000000,0.000000,18740
3.265617,0.460196,0.513677,20.290846,0.000000,0.000000,0.000000,18750
3.268685,0.306797,0.410237,20.290846,0.000000,0.000000,0.000000,18760
3.270219,0.000000,0.281818,20.290846,0.000000,0.000000,0.000000,18770
3.271753,0.000000,0.217608,20.290846,0.000000,0.000000,0.000000,18780
3.271753,0.000000,0.108804,20.290846,0.000000,0.000000,0.000000,18790
3.270219,0.000000,-0.022297,20.290846,0.000000,0.000000,0.000000,18800
3.268685,0.000000,-0.087848,20.290846,0.000000,0.000000,0.000000,18810
3.265617,-0.306797,-0.197322,20.290846,0.000000,0.000000,0.000000,18820
3.264083,0.000000,-0.175360,20.290846,0.000000,0.000000,0.000000,18830
3.259481,-0.460196,-0.317778,20.290846,0.000000,0.000000,0.000000,18840
3.254879,-0.460196,-0.388987,20.290846,0.000000,0.000000,0.000000,18850
3.248743,-0.613594,-0.501290,20.290846,0.000000,0.000000,0.000000,18860
3.242607,-0.613570,-0.557430,20.290846,0.000000,0.000000,0.000000,18870
3.236471,-0.613594,-0.585512,20.290846,0.000000,0.000000,0.000000,18880
3.228801,-0.766993,-0.676252,20.290846,0.000000,0.000000,0.000000,18890
3.221132,-0.766993,-0.721622,20.290846,0.000000,0.000000,0.000000,18900
3.213462,-0.766993,-0.744308,20.290846,0.000000,0.000000,0.000000,18910
3.204258,-0.920391,-0.832349,20.290846,0.000000,0.000000,0.000000,18920
3.195054,-0.920391,-0.876370,20.290846,0.000000,0.000000,0.000000,18930
3.187384,-0.766993,-0.821681,20.290846,0.000000,0.000000,0.000000,18940
3.178180,-0.920391,-0.871036,20.290846,0.000000,0.000000,0.000000,18950
3.168976,-0.920391,-0.895714,20.290846,0.000000,0.000000,0.000000,18960
3.158238,-1.073766,-0.984740,20.290846,0.000000,0.000000,0.000000,18970
3.149035,-0.920391,-0.952565,20.290846,0.000000,0.000000,0.000000,18980
3.138297,-1.073790,-1.013178,20.290846,0.000000,0.000000,0.000000,18990
3.129093,-0.920391,-0.966784,20.290846,0.000000,0.000000,0.000000,19000
3.119889,-0.920391,-0.943588,20.290846,0.000000,0.000000,0.000000,19010
3.110685,-0.920391,-0.931989,20.290846,0.000000,0.000000,0.000000,19020
3.101481,-0.920391,-0.926190,20.290846,0.000000,0.000000,0.000000,19030
3.093811,-0.766993,-0.846591,20.290846,0.000000,0.000000,0.000000,19040
3.084607,-0.920391,-0.883491,20.290846,0.000000,0.000000,0.000000,19050
3.076937,-0.766993,-0.825242,20.290846,0.000000,0.000000,0.000000,19060
3.069268,-0.766969,-0.796105,20.290846,0.000000,0.000000,0.000000,19070
3.063132,-0.613594,-0.704850,20.290846,0.000000,0.000000,0.000000,19080
3.056996,-0.613594,-0.659222,20.290846,0.000000,0.000000,0.000000,19090
3.052394,-0.460196,-0.559709,20.290846,0.000000,0.000000,0.000000,19100
3.047792,-0.460196,-0.509952,20.290846,0.000000,0.000000,0.000000,19110
3.043190,-0.460196,-0.485074,20.290846,0.000000,0.000000,0.000000,19120
3.040122,-0.306797,-0.395935,20.290846,0.000000,0.000000,0.000000,19130
3.037054,-0.306797,-0.351366,20.290846,0.000000,0.000000,0.000000,19140
3.035520,0.000000,-0.252382,20.290846,0.000000,0.000000,0.000000,19150
3.033986,0.000000,-0.202890,20.290846,0.000000,0.000000,0.000000,19160
3.033986,0.000000,-0.101445,20.290846,0.000000,0.000000,0.000000,19170
3.033986,0.000000,-0.050723,20.290846,0.000000,0.000000,0.000000,19180
3.033986,0.000000,-0.025361,20.290846,0.000000,0.000000,0.000000,19190
3.035520,0.000000,0.064019,20.290846,0.000000,0.000000,0.000000,19200
3.038588,0.306797,0.185408,20.290846,0.000000,0.000000,0.000000,19210
3.040122,0.000000,0.169403,20.290846,0.000000,0.000000,0.000000,19220
3.043190,0.306797,0.238100,20.290846,0.000000,0.000000,0.000000,19230
3.046258,0.306797,0.272449,20.290846,0.000000,0.000000,0.000000,19240
3.050860,0.460196,0.366322,20.290846,0.000000,0.000000,0.000000,19250
3.055462,0.460196,0.413259,20.290846,0.000000,0.000000,0.000000,19260
3.060064,0.460196,0.436727,20.290846,0.000000,0.000000,0.000000,19270
3.064666,0.460196,0.448461,20.290846,0.000000,0.000000,0.000000,19280
3.070801,0.613594,0.531028,20.290846,0.000000,0.000000,0.000000,19290
3.075403,0.460172,0.495600,20.290846,0.000000,0.000000,0.000000,19300
3.081539,0.613594,0.554597,20.290846,0.000000,0.000000,0.000000,19310
3.087675,0.613594,0.584095,20.290846,0.000000,0.000000,0.000000,19320
3.093811,0.613594,0.598845,20.290846,0.000000,0.000000,0.000000,19330
3.101481,0.766993,0.682919,20.290846,0.000000,0.000000,0.000000,19340
3.107617,0.613594,0.648256,20.290846,0.000000,0.000000,0.000000,19350
3.113753,0.613594,0.630925,20.290846,0.000000,0.000000,0.000000,19360
3.119889,0.613594,0.622260,20.290846,0.000000,0.000000,0.000000,19370
3.126025,0.613594,0.617927,20.290846,0.000000,0.000000,0.000000,19380
3.133695,0.766993,0.692460,20.290846,0.000000,0.000000,0.000000,19390
3.139831,0.613594,0.653027,20.290846,0.000000,0.000000,0.000000,19400
3.145967,0.613594,0.633310,20.290846,0.000000,0.000000,0.000000,19410
3.150568,0.460196,0.546753,20.290846,0.000000,0.000000,0.000000,19420
3.156704,0.613594,0.580173,20.290846,0.000000,0.000000,0.000000,19430
3.161306,0.460196,0.520185,20.290846,0.000000,0.000000,0.000000,19440
3.167442,0.613570,0.566877,20.290846,0.000000,0.000000,0.000000,19450
3.172044,0.460196,0.513536,20.290846,0.000000,0.000000,0.000000,19460
3.176646,0.460196,0.486866,20.290846,0.000000,0.000000,0.000000,19470
3.179714,0.306797,0.396832,20.290846,0.000000,0.000000,0.000000,19480
3.182782,0.306797,0.351814,20.290846,0.000000,0.000000,0.000000,19490
3.185850,0.306797,0.329306,20.290846,0.000000,0.000000,0.000000,19500
3.188918,0.306797,0.318051,20.290846,0.000000,0.000000,0.000000,19510
3.190452,0.000000,0.235725,20.290846,0.000000,0.000000,0.000000,19520
3.191986,0.000000,0.194562,20.290846,0.000000,0.000000,0.000000,19530
3.193520,0.000000,0.173980,20.290846,0.000000,0.000000,0.000000,19540
3.193520,0.000000,0.086990,20.290846,0.000000,0.000000,0.000000,19550
3.195054,0.000000,0.120194,20.290846,0.000000,0.000000,0.000000,19560
3.193520,0.000000,-0.016602,20.290846,0.000000,0.000000,0.000000,19570
3.193520,0.000000,-0.008301,20.290846,0.000000,0.000000,0.000000,19580
3.191986,0.000000,-0.080850,20.290846,0.000000,0.000000,0.000000,19590
3.190452,0.000000,-0.117124,20.290846,0.000000,0.000000,0.000000,19600
3.190452,0.000000,-0.058562,20.290846,0.000000,0.000000,0.000000,19610
3.187384,-0.306797,-0.182680,20.290846,0.000000,0.000000,0.000000,19620
3.184316,-0.306797,-0.244738,20.290846,0.000000,0.000000,0.000000,19630
3.182782,0.000000,-0.199068,20.290846,0.000000,0.000000,0.000000,19640
3.179714,-0.306797,-0.252933,20.290846,0.000000,0.000000,0.000000,19650
3.178180,0.000000,-0.203166,20.290846,0.000000,0.000000,0.000000,19660
3.175112,-0.306797,-0.254981,20.290846,0.000000,0.000000,0.000000,19670
3.170510,-0.460196,-0.357588,20.290846,0.000000,0.000000,0.000000,19680
3.167442,-0.306797,-0.332193,20.290846,0.000000,0.000000,0.000000,19690
3.164374,-0.306797,-0.319495,20.290846,0.000000,0.000000,0.000000,19700
3.159772,-0.460172,-0.389833,20.290846,0.000000,0.000000,0.000000,19710
3.156704,-0.306797,-0.348315,20.290846,0.000000,0.000000,0.000000,19720
3.152102,-0.460196,-0.404255,20.290846,0.000000,0.000000,0.000000,19730
3.149035,-0.306797,-0.355526,20.290846,0.000000,0.000000,0.000000,19740
3.144433,-0.460196,-0.407861,20.290846,0.000000,0.000000,0.000000,19750
3.141365,-0.306797,-0.357329,20.290846,0.000000,0.000000,0.000000,19760
3.136763,-0.460196,-0.408762,20.290846,0.000000,0.000000,0.000000,19770
3.133695,-0.306797,-0.357780,20.290846,0.000000,0.000000,0.000000,19780
3.130627,-0.306797,-0.332288,20.290846,0.000000,0.000000,0.000000,19790
3.126025,-0.460196,-0.396242,20.290846,0.000000,0.000000,0.000000,19800
3.122957,-0.306797,-0.351519,20.290846,0.000000,0.000000,0.000000,19810
3.119889,-0.306797,-0.329158,20.290846,0.000000,0.000000,0.000000,19820
3.116821,-0.306797,-0.317978,20.290846,0.000000,0.000000,0.000000,19830
3.113753,-0.306797,-0.312387,20.290846,0.000000,0.000000,0.000000,19840
3.112219,0.000000,-0.232893,20.290846,0.000000,0.000000,0.000000,19850
3.109151,-0.306797,-0.269845,20.290846,0.000000,0.000000,0.000000,19860
3.107617,0.000000,-0.211622,20.290846,0.000000,0.000000,0.000000,19870
3.104549,-0.306797,-0.259209,20.290846,0.000000,0.000000,0.000000,19880
3.103015,0.000000,-0.206304,20.290846,0.000000,0.000000,0.000000,19890
3.103015,0.000000,-0.103152,20.290846,0.000000,0.000000,0.000000,19900
3.101481,0.000000,-0.128275,20.290846,0.000000,0.000000,0.000000,19910
3.099947,0.000000,-0.140837,20.290846,0.000000,0.000000,0.000000,19920
3.099947,0.000000,-0.070418,20.290846,0.000000,0.000000,0.000000,19930
3.099947,0.000000,-0.035209,20.290846,0.000000,0.000000,0.000000,19940
3.099947,0.000000,-0.017605,20.290846,0.000000,0.000000,0.000000,19950
3.099947,0.000000,-0.008802,20.290846,0.000000,0.000000,0.000000,19960
3.099947,0.000000,-0.004401,20.290846,0.000000,0.000000,0.000000,19970
3.101481,0.000000,0.074499,20.290846,0.000000,0.000000,0.000000,19980
3.101481,0.000000,0.037249,20.290846,0.000000,0.000000,0.000000,19990
3.103015,0.000000,0.095324,20.290846,0.000000,0.000000,0.000000,20000
3.103015,0.000000,0.047662,20.290846,0.000000,0.000000,0.000000,20010
3.104549,0.000000,0.100530,20.290846,0.000000,0.000000,0.000000,20020
3.106083,0.000000,0.126964,20.290846,0.000000,0.000000,0.000000,20030
3.107617,0.000000,0.140181,20.290846,0.000000,0.000000,0.000000,20040
3.107617,0.000000,0.070091,20.290846,0.000000,0.000000,0.000000,20050
3.109151,0.000000,0.111745,20.290846,0.000000,0.000000,0.000000,20060
3.110685,0.000000,0.132572,20.290846,0.000000,0.000000,0.000000,20070
3.112219,0.000000,0.142985,20.290846,0.000000,0.000000,0.000000,20080
3.113753,0.000000,0.148192,20.290846,0.000000,0.000000,0.000000,20090
3.115287,0.000000,0.150795,20.290846,0.000000,0.000000,0.000000,20100
3.116821,0.000000,0.152097,20.290846,0.000000,0.000000,0.000000,20110
3.118355,0.000000,0.152748,20.290846,0.000000,0.000000,0.000000,20120
3.119889,0.000000,0.153073,20.290846,0.000000,0.000000,0.000000,20130
3.121423,0.000000,0.153236,20.290846,0.000000,0.000000,0.000000,20140
3.121423,0.000000,0.076618,20.290846,0.000000,0.000000,0.000000,20150
3.122957,0.000000,0.115008,20.290846,0.000000,0.000000,0.000000,20160
3.124491,0.000000,0.134203,20.290846,0.000000,0.000000,0.000000,20170
3.126025,0.000000,0.143801,20.290846,0.000000,0.000000,0.000000,20180
3.126025,0.000000,0.071900,20.290846,0.000000,0.000000,0.000000,20190
3.127559,0.000000,0.112649,20.290846,0.000000,0.000000,0.000000,20200
3.129093,0.000000,0.133024,20.290846,0.000000,0.000000,0.000000,20210
3.130627,0.000000,0.143211,20.290846,0.000000,0.000000,0.000000,20220
3.130627,0.000000,0.071606,20.290846,0.000000,0.000000,0.000000,20230
3.132161,0.000000,0.112502,20.290846,0.000000,0.000000,0.000000,20240
3.132161,0.000000,0.056251,20.290846,0.000000,0.000000,0.000000,20250
3.133695,0.000000,0.104825,20.290846,0.000000,0.000000,0.000000,20260
3.133695,0.000000,0.052412,20.290846,0.000000,0.000000,0.000000,20270
3.135229,0.000000,0.102905,20.290846,0.000000,0.000000,0.000000,20280
3.135229,0.000000,0.051453,20.290846,0.000000,0.000000,0.000000,20290
3.135229,0.000000,0.025726,20.290846,0.000000,0.000000,0.000000,20300
3.135229,0.000000,0.012863,20.290846,0.000000,0.000000,0.000000,20310
3.136763,0.000000,0.083131,20.290846,0.000000,0.000000,0.000000,20320
3.136763,0.000000,0.041565,20.290846,0.000000,0.000000,0.000000,20330
3.135229,0.000000,-0.055917,20.290846,0.000000,0.000000,0.000000,20340
3.135229,0.000000,-0.027958,20.290846,0.000000,0.000000,0.000000,20350
3.135229,0.000000,-0.013979,20.290846,0.000000,0.000000,0.000000,20360
3.135229,0.000000,-0.006990,20.290846,0.000000,0.000000,0.000000,20370
3.135229,0.000000,-0.003495,20.290846,0.000000,0.000000,0.000000,20380
3.135229,0.000000,-0.001747,20.290846,0.000000,0.000000,0.000000,20390
3.135229,0.000000,-0.000874,20.290846,0.000000,0.000000,0.000000,20400
3.135229,0.000000,-0.000437,20.290846,0.000000,0.000000,0.000000,20410
3.135229,0.000000,-0.000218,20.290846,0.000000,0.000000,0.000000,20420
3.135229,0.000000,-0.000109,20.290846,0.000000,0.000000,0.000000,20430
3.135229,0.000000,-0.000055,20.290846,0.000000,0.000000,0.000000,20440
3.135229,0.000000,-0.000027,20.290846,0.000000,0.000000,0.000000,20450
3.135229,0.000000,-0.000014,20.290846,0.000000,0.000000,0.000000,20460
3.133695,0.000000,-0.076706,20.290846,0.000000,0.000000,0.000000,20470
3.135229,0.000000,0.038346,20.290846,0.000000,0.000000,0.000000,20480
3.135229,0.000000,0.019173,20.290846,0.000000,0.000000,0.000000,20490
3.133695,0.000000,-0.067113,20.290846,0.000000,0.000000,0.000000,20500
3.135229,0.000000,0.043143,20.290846,0.000000,0.000000,0.000000,20510
3.135229,0.000000,0.021571,20.290846,0.000000,0.000000,0.000000,20520
3.135229,0.000000,0.010786,20.290846,0.000000,0.000000,0.000000,20530
3.133695,0.000000,-0.071306,20.290846,0.000000,0.000000,0.000000,20540
3.133695,0.000000,-0.035653,20.290846,0.000000,0.000000,0.000000,20550
3.133695,0.000000,-0.017827,20.290846,0.000000,0.000000,0.000000,20560
3.135229,0.000000,0.067786,20.290846,0.000000,0.000000,0.000000,20570
3.133695,0.000000,-0.042806,20.290846,0.000000,0.000000,0.000000,20580
3.135229,0.000000,0.055296,20.290846,0.000000,0.000000,0.000000,20590
3.135229,0.000000,0.027648,20.290846,0.000000,0.000000,0.000000,20600
3.135229,0.000000,0.013824,20.290846,0.000000,0.000000,0.000000,20610
3.135229,0.000000,0.006912,20.290846,0.000000,0.000000,0.000000,20620
3.135229,0.000000,0.003456,20.290846,0.000000,0.000000,0.000000,20630
3.133695,0.000000,-0.074971,20.290846,0.000000,0.000000,0.000000,20640
3.135229,0.000000,0.039214,20.290846,0.000000,0.000000,0.000000,20650
3.135229,0.000000,0.019607,20.290846,0.000000,0.000000,0.000000,20660
3.135229,0.000000,0.009803,20.290846,0.000000,0.000000,0.000000,20670
3.133695,0.000000,-0.071798,20.290846,0.000000,0.000000,0.000000,20680
3.133695,0.000000,-0.035899,20.290846,0.000000,0.000000,0.000000,20690
3.133695,0.000000,-0.017949,20.290846,0.000000,0.000000,0.000000,20700
3.133695,0.000000,-0.008975,20.290846,0.000000,0.000000,0.000000,20710
3.135229,0.000000,0.072212,20.290846,0.000000,0.000000,0.000000,20720
3.135229,0.000000,0.036106,20.290846,0.000000,0.000000,0.000000,20730
3.135229,0.000000,0.018053,20.290846,0.000000,0.000000,0.000000,20740
3.135229,0.000000,0.009026,20.290846,0.000000,0.000000,0.000000,20750
3.135229,0.000000,0.004513,20.290846,0.000000,0.000000,0.000000,20760
3.135229,0.000000,0.002257,20.290846,0.000000,0.000000,0.000000,20770
3.133695,0.000000,-0.075571,20.290846,0.000000,0.000000,0.000000,20780
3.135229,0.000000,0.038914,20.290846,0.000000,0.000000,0.000000,20790
3.133695,0.000000,-0.057242,20.290846,0.000000,0.000000,0.000000,20800
3.133695,0.000000,-0.028621,20.290846,0.000000,0.000000,0.000000,20810
3.135229,0.000000,0.062389,20.290846,0.000000,0.000000,0.000000,20820
3.133695,0.000000,-0.045505,20.290846,0.000000,0.000000,0.000000,20830
3.133695,0.000000,-0.022752,20.290846,0.000000,0.000000,0.000000,20840
3.135229,0.000000,0.065323,20.290846,0.000000,0.000000,0.000000,20850
3.135229,0.000000,0.032662,20.290846,0.000000,0.000000,0.000000,20860
3.135229,0.000000,0.016331,20.290846,0.000000,0.000000,0.000000,20870
3.135229,0.000000,0.008165,20.290846,0.000000,0.000000,0.000000,20880
3.135229,0.000000,0.004083,20.290846,0.000000,0.000000,0.000000,20890
3.135229,0.000000,0.002041,20.290846,0.000000,0.000000,0.000000,20900
3.135229,0.000000,0.001021,20.290846,0.000000,0.000000,0.000000,20910
3.135229,0.000000,0.000510,20.290846,0.000000,0.000000,0.000000,20920
3.133695,0.000000,-0.076444,20.290846,0.000000,0.000000,0.000000,20930
3.133695,0.000000,-0.038222,20.290846,0.000000,0.000000,0.000000,20940
3.135229,0.000000,0.057588,20.290846,0.000000,0.000000,0.000000,20950
3.135229,0.000000,0.028794,20.290846,0.000000,0.000000,0.000000,20960
3.133695,0.000000,-0.062302,20.290846,0.000000,0.000000,0.000000,20970
3.135229,0.000000,0.045548,20.290846,0.000000,0.000000,0.000000,20980
3.135229,0.000000,0.022774,20.290846,0.000000,0.000000,0.000000,20990
3.133695,0.000000,-0.065312,20.290846,0.000000,0.000000,0.000000,21000
3.135229,0.000000,0.044043,20.290846,0.000000,0.000000,0.000000,21010
3.135229,0.000000,0.022022,20.290846,0.000000,0.000000,0.000000,21020
3.135229,0.000000,0.011011,20.290846,0.000000,0.000000,0.000000,21030
3.135229,0.000000,0.005505,20.290846,0.000000,0.000000,0.000000,21040
3.133695,0.000000,-0.073947,20.290846,0.000000,0.000000,0.000000,21050
3.135229,0.000000,0.039726,20.290846,0.000000,0.000000,0.000000,21060
3.133695,0.000000,-0.056836,20.290846,0.000000,0.000000,0.000000,21070
3.135229,0.000000,0.048281,20.290846,0.000000,0.000000,0.000000,21080
3.133695,0.000000,-0.052559,20.290846,0.000000,0.000000,0.000000,21090
3.135229,0.000000,0.050420,20.290846,0.000000,0.000000,0.000000,21100
3.135229,0.000000,0.025210,20.290846,0.000000,0.000000,0.000000,21110
3.135229,0.000000,0.012605,20.290846,0.000000,0.000000,0.000000,21120
3.135229,0.000000,0.006302,20.290846,0.000000,0.000000,0.000000,21130
3.135229,0.000000,0.003151,20.290846,0.000000,0.000000,0.000000,21140
3.133695,0.000000,-0.075124,20.290846,0.000000,0.000000,0.000000,21150
3.135229,0.000000,0.039137,20.290846,0.000000,0.000000,0.000000,21160
3.133695,0.000000,-0.057131,20.290846,0.000000,0.000000,0.000000,21170
3.135229,0.000000,0.048134,20.290846,0.000000,0.000000,0.000000,21180
3.135229,0.000000,0.024067,20.290846,0.000000,0.000000,0.000000,21190
3.133695,0.000000,-0.064666,20.290846,0.000000,0.000000,0.000000,21200
3.133695,0.000000,-0.032333,20.290846,0.000000,0.000000,0.000000,21210
3.133695,0.000000,-0.016166,20.290846,0.000000,0.000000,0.000000,21220
3.135229,0.000000,0.068616,20.290846,0.000000,0.000000,0.000000,21230
3.135229,0.000000,0.034308,20.290846,0.000000,0.000000,0.000000,21240
3.135229,0.000000,0.017154,20.290846,0.000000,0.000000,0.000000,21250
3.133695,0.000000,-0.068122,20.290846,0.000000,0.000000,0.000000,21260
3.133695,0.000000,-0.034061,20.290846,0.000000,0.000000,0.000000,21270
3.133695,0.000000,-0.017031,20.290846,0.000000,0.000000,0.000000,21280
3.135229,0.000000,0.068184,20.290846,0.000000,0.000000,0.000000,21290
3.133695,0.000000,-0.042607,20.290846,0.000000,0.000000,0.000000,21300
3.133695,0.000000,-0.021304,20.290846,0.000000,0.000000,0.000000,21310
3.135229,0.000000,0.066047,20.290846,0.000000,0.000000,0.000000,21320
3.135229,0.000000,0.033024,20.290846,0.000000,0.000000,0.000000,21330
3.135229,0.000000,0.016512,20.290846,0.000000,0.000000,0.000000,21340
3.135229,0.000000,0.008256,20.290846,0.000000,0.000000,0.000000,21350
3.133695,0.000000,-0.072571,20.290846,0.000000,0.000000,0.000000,21360
3.135229,0.000000,0.040414,20.290846,0.000000,0.000000,0.000000,21370
3.135229,0.000000,0.020207,20.290846,0.000000,0.000000,0.000000,21380
3.135229,0.000000,0.010103,20.290846,0.000000,0.000000,0.000000,21390
3.135229,0.000000,0.005052,20.290846,0.000000,0.000000,0.000000,21400
3.133695,0.000000,-0.074173,20.290846,0.000000,0.000000,0.000000,21410
3.135229,0.000000,0.039613,20.290846,0.000000,0.000000,0.000000,21420
3.133695,0.000000,-0.056893,20.290846,0.000000,0.000000,0.000000,21430
3.135229,0.000000,0.048253,20.290846,0.000000,0.000000,0.000000,21440
3.135229,0.000000,0.024126,20.290846,0.000000,0.000000,0.000000,21450
3.135229,0.000000,0.012063,20.290846,0.000000,0.000000,0.000000,21460
3.135229,0.000000,0.006032,20.290846,0.000000,0.000000,0.000000,21470
3.135229,0.000000,0.003016,20.290846,0.000000,0.000000,0.000000,21480
3.135229,0.000000,0.001508,20.290846,0.000000,0.000000,0.000000,21490
3.135229,0.000000,0.000754,20.290846,0.000000,0.000000,0.000000,21500
3.135229,0.000000,0.000377,20.290846,0.000000,0.000000,0.000000,21510
3.135229,0.000000,0.000188,20.290846,0.000000,0.000000,0.000000,21520
3.133695,0.000000,-0.076605,20.290846,0.000000,0.000000,0.000000,21530
3.135229,0.000000,0.038397,20.290846,0.000000,0.000000,0.000000,21540
3.135229,0.000000,0.019198,20.290846,0.000000,0.000000,0.000000,21550
3.135229,0.000000,0.009599,20.290846,0.000000,0.000000,0.000000,21560
3.135229,0.000000,0.004800,20.290846,0.000000,0.000000,0.000000,21570
3.135229,0.000000,0.002400,20.290846,0.000000,0.000000,0.000000,21580
3.133695,0.000000,-0.075499,20.290846,0.000000,0.000000,0.000000,21590
3.133695,0.000000,-0.037750,20.290846,0.000000,0.000000,0.000000,21600
3.135229,0.000000,0.057824,20.290846,0.000000,0.000000,0.000000,21610
3.133695,0.000000,-0.047787,20.290846,0.000000,0.000000,0.000000,21620
3.135229,0.000000,0.052806,20.290846,0.000000,0.000000,0.000000,21630
3.135229,0.000000,0.026403,20.290846,0.000000,0.000000,0.000000,21640
3.133695,0.000000,-0.063498,20.290846,0.000000,0.000000,0.000000,21650
3.135229,0.000000,0.044950,20.290846,0.000000,0.000000,0.000000,21660
3.135229,0.000000,0.022475,20.290846,0.000000,0.000000,0.000000,21670
3.135229,0.000000,0.011238,20.290846,0.000000,0.000000,0.000000,21680
3.135229,0.000000,0.005619,20.290846,0.000000,0.000000,0.000000,21690
3.135229,0.000000,0.002809,20.290846,0.000000,0.000000,0.000000,21700
3.133695,0.000000,-0.075295,20.290846,0.000000,0.000000,0.000000,21710
3.133695,0.000000,-0.037647,20.290846,0.000000,0.000000,0.000000,21720
3.133695,0.000000,-0.018824,20.290846,0.000000,0.000000,0.000000,21730
3.133695,0.000000,-0.009412,20.290846,0.000000,0.000000,0.000000,21740
3.133695,0.000000,-0.004706,20.290846,0.000000,0.000000,0.000000,21750
3.135229,0.000000,0.074346,20.290846,0.000000,0.000000,0.000000,21760