3.129093,0.000000,0.002998,0.130395,0.000000,0.000000,0.000000,10080
3.129093,0.000000,0.001499,0.130395,0.000000,0.000000,0.000000,10090
3.129093,0.000000,0.000750,0.130395,0.000000,0.000000,0.000000,10100
3.129093,0.000000,0.000375,0.130395,0.000000,0.000000,0.000000,10110
3.129093,0.000000,0.000187,0.130395,0.000000,0.000000,0.000000,10120
3.129093,0.000000,0.000094,0.130395,0.000000,0.000000,0.000000,10130
3.129093,0.000000,0.000047,0.130395,0.000000,0.000000,0.000000,10140
3.129093,0.000000,0.000023,0.130395,0.000000,0.000000,0.000000,10150
3.129093,0.000000,0.000012,0.130395,0.000000,0.000000,0.000000,10160
3.129093,0.000000,0.000006,0.130395,0.000000,0.000000,0.000000,10170
3.129093,0.000000,0.000003,0.130395,0.000000,0.000000,0.000000,10180
3.129093,0.000000,0.000001,0.130395,0.000000,0.000000,0.000000,10190
3.129093,0.000000,0.000001,0.130395,0.000000,0.000000,0.000000,10200
3.129093,0.000000,0.000000,0.130395,0.000000,0.000000,0.000000,10210
3.129093,0.000000,0.000000,0.130395,0.000000,0.000000,0.000000,10220
3.129093,0.000000,0.000000,0.130395,0.000000,0.000000,0.000000,10230
3.129093,0.000000,0.000000,0.130395,0.000000,0.000000,0.000000,10240
3.129093,0.000000,0.000000,0.130395,0.000000,0.000000,0.000000,10250
3.129093,0.000000,0.000000,0.130395,0.000000,0.000000,0.000000,10260
3.127559,0.000000,-0.076699,0.130395,0.000000,0.000000,0.000000,10270
3.129093,0.000000,0.038350,0.130395,0.000000,0.000000,0.000000,10280
3.129093,0.000000,0.019175,0.130395,0.000000,0.000000,0.000000,10290
3.129093,0.000000,0.009587,0.130395,0.000000,0.000000,0.000000,10300
3.129093,0.000000,0.004794,0.130395,0.000000,0.000000,0.000000,10310
3.129093,0.000000,0.002397,0.130395,0.000000,0.000000,0.000000,10320
3.129093,0.000000,0.001198,0.130395,0.000000,0.000000,0.000000,10330
3.129093,0.000000,0.000599,0.130395,0.000000,0.000000,0.000000,10340
3.129093,0.000000,0.000300,0.130395,0.000000,0.000000,0.000000,10350
3.129093,0.000000,0.000150,0.130395,0.000000,0.000000,0.000000,10360
3.129093,0.000000,0.000075,0.130395,0.000000,0.000000,0.000000,10370
3.129093,0.000000,0.000037,0.130395,0.000000,0.000000,0.000000,10380
3.127559,0.000000,-0.076681,0.130395,0.000000,0.000000,0.000000,10390
3.129093,0.000000,0.038359,0.130395,0.000000,0.000000,0.000000,10400
3.129093,0.000000,0.019179,0.130395,0.000000,0.000000,0.000000,10410
3.129093,0.000000,0.009590,0.130395,0.000000,0.000000,0.000000,10420
3.129093,0.000000,0.004795,0.130395,0.000000,0.000000,0.000000,10430
3.129093,0.000000,0.002397,0.130395,0.000000,0.000000,0.000000,10440
3.129093,0.000000,0.001199,0.130395,0.000000,0.000000,0.000000,10450
3.129093,0.000000,0.000599,0.130395,0.000000,0.000000,0.000000,10460
3.129093,0.000000,0.000300,0.130395,0.000000,0.000000,0.000000,10470
3.129093,0.000000,0.000150,0.130395,0.000000,0.000000,0.000000,10480
3.129093,0.000000,0.000075,0.130395,0.000000,0.000000,0.000000,10490
3.127559,0.000000,-0.076662,0.130395,0.000000,0.000000,0.000000,10500
3.129093,0.000000,0.038368,0.130395,0.000000,0.000000,0.000000,10510
3.129093,0.000000,0.019184,0.130395,0.000000,0.000000,0.000000,10520
3.127559,0.000000,-0.067107,0.130395,0.000000,0.000000,0.000000,10530
3.129093,0.000000,0.043146,0.130395,0.000000,0.000000,0.000000,10540
3.127559,0.000000,-0.055126,0.130395,0.000000,0.000000,0.000000,10550
3.129093,0.000000,0.049136,0.130395,0.000000,0.000000,0.000000,10560
3.129093,0.000000,0.024568,0.130395,0.000000,0.000000,0.000000,10570
3.129093,0.000000,0.012284,0.130395,0.000000,0.000000,0.000000,10580
3.129093,0.000000,0.006142,0.130395,0.000000,0.000000,0.000000,10590
3.129093,0.000000,0.003071,0.130395,0.000000,0.000000,0.000000,10600
3.129093,0.000000,0.001536,0.130395,0.000000,0.000000,0.000000,10610
3.127559,0.000000,-0.075932,0.130395,0.000000,0.000000,0.000000,10620
3.129093,0.000000,0.038734,0.130395,0.000000,0.000000,0.000000,10630
3.129093,0.000000,0.019367,0.130395,0.000000,0.000000,0.000000,10640
3.129093,0.000000,0.009683,0.130395,0.000000,0.000000,0.000000,10650
3.129093,0.000000,0.004842,0.130395,0.000000,0.000000,0.000000,10660
3.129093,0.000000,0.002421,0.130395,0.000000,0.000000,0.000000,10670
3.129093,0.000000,0.001210,0.130395,0.000000,0.000000,0.000000,10680
3.129093,0.000000,0.000605,0.130395,0.000000,0.000000,0.000000,10690
3.129093,0.000000,0.000303,0.130395,0.000000,0.000000,0.000000,10700
3.127559,0.000000,-0.076548,0.130395,0.000000,0.000000,0.000000,10710
3.129093,0.000000,0.038425,0.130395,0.000000,0.000000,0.000000,10720
3.129093,0.000000,0.019213,0.130395,0.000000,0.000000,0.000000,10730
3.127559,0.000000,-0.067093,0.130395,0.000000,0.000000,0.000000,10740
3.129093,0.000000,0.043153,0.130395,0.000000,0.000000,0.000000,10750
3.129093,0.000000,0.021576,0.130395,0.000000,0.000000,0.000000,10760
3.129093,0.000000,0.010788,0.130395,0.000000,0.000000,0.000000,10770
3.129093,0.000000,0.005394,0.130395,0.000000,0.000000,0.000000,10780
3.129093,0.000000,0.002697,0.130395,0.000000,0.000000,0.000000,10790
3.127559,0.000000,-0.075351,0.130395,0.000000,0.000000,0.000000,10800
3.129093,0.000000,0.039024,0.130395,0.000000,0.000000,0.000000,10810
3.129093,0.000000,0.019512,0.130395,0.000000,0.000000,0.000000,10820
3.129093,0.000000,0.009756,0.130395,0.000000,0.000000,0.000000,10830
3.129093,0.000000,0.004878,0.130395,0.000000,0.000000,0.000000,10840
3.129093,0.000000,0.002439,0.130395,0.000000,0.000000,0.000000,10850
3.129093,0.000000,0.001219,0.130395,0.000000,0.000000,0.000000,10860
3.127559,0.000000,-0.076090,0.130395,0.000000,0.000000,0.000000,10870
3.129093,0.000000,0.038655,0.130395,0.000000,0.000000,0.000000,10880
3.129093,0.000000,0.019327,0.130395,0.000000,0.000000,0.000000,10890
3.129093,0.000000,0.009664,0.130395,0.000000,0.000000,0.000000,10900
3.127559,0.000000,-0.071867,0.130395,0.000000,0.000000,0.000000,10910
3.129093,0.000000,0.040766,0.130395,0.000000,0.000000,0.000000,10920
3.127559,0.000000,-0.056316,0.130395,0.000000,0.000000,0.000000,10930
3.129093,0.000000,0.048541,0.130395,0.000000,0.000000,0.000000,10940
3.129093,0.000000,0.024271,0.130395,0.000000,0.000000,0.000000,10950
3.129093,0.000000,0.012135,0.130395,0.000000,0.000000,0.000000,10960
3.129093,0.000000,0.006068,0.130395,0.000000,0.000000,0.000000,10970
3.129093,0.000000,0.003034,0.130395,0.000000,0.000000,0.000000,10980
3.129093,0.000000,0.001517,0.130395,0.000000,0.000000,0.000000,10990
3.129093,0.000000,0.000758,0.130395,0.000000,0.000000,0.000000,11000
3.127559,0.000000,-0.076320,0.130395,0.000000,0.000000,0.000000,11010
3.129093,0.000000,0.038539,0.130395,0.000000,0.000000,0.000000,11020
3.127559,0.000000,-0.057430,0.130395,0.000000,0.000000,0.000000,11030
3.129093,0.000000,0.047984,0.130395,0.000000,0.000000,0.000000,11040
3.129093,0.000000,0.023992,0.130395,0.000000,0.000000,0.000000,11050
3.129093,0.000000,0.011996,0.130395,0.000000,0.000000,0.000000,11060
3.129093,0.000000,0.005998,0.130395,0.000000,0.000000,0.000000,11070
3.129093,0.000000,0.002999,0.130395,0.000000,0.000000,0.000000,11080
3.129093,0.000000,0.001500,0.130395,0.000000,0.000000,0.000000,11090
3.129093,0.000000,0.000750,0.130395,0.000000,0.000000,0.000000,11100
3.129093,0.000000,0.000375,0.130395,0.000000,0.000000,0.000000,11110
3.129093,0.000000,0.000187,0.130395,0.000000,0.000000,0.000000,11120
3.129093,0.000000,0.000094,0.130395,0.000000,0.000000,0.000000,11130
3.129093,0.000000,0.000047,0.130395,0.000000,0.000000,0.000000,11140
3.129093,0.000000,0.000023,0.130395,0.000000,0.000000,0.000000,11150
3.129093,0.000000,0.000012,0.130395,0.000000,0.000000,0.000000,11160
3.127559,0.000000,-0.076693,0.130395,0.000000,0.000000,0.000000,11170
3.129093,0.000000,0.038353,0.130395,0.000000,0.000000,0.000000,11180
3.129093,0.000000,0.019176,0.130395,0.000000,0.000000,0.000000,11190
3.129093,0.000000,0.009588,0.130395,0.000000,0.000000,0.000000,11200
3.129093,0.000000,0.004794,0.130395,0.000000,0.000000,0.000000,11210
3.127559,0.000000,-0.074302,0.130395,0.000000,0.000000,0.000000,11220
3.129093,0.000000,0.039548,0.130395,0.000000,0.000000,0.000000,11230
3.129093,0.000000,0.019774,0.130395,0.000000,0.000000,0.000000,11240
3.129093,0.000000,0.009887,0.130395,0.000000,0.000000,0.000000,11250
3.129093,0.000000,0.004944,0.130395,0.000000,0.000000,0.000000,11260
3.129093,0.000000,0.002472,0.130395,0.000000,0.000000,0.000000,11270
3.127559,0.000000,-0.075463,0.130395,0.000000,0.000000,0.000000,11280
3.129093,0.000000,0.038968,0.130395,0.000000,0.000000,0.000000,11290
3.129093,0.000000,0.019484,0.130395,0.000000,0.000000,0.000000,11300
3.129093,0.000000,0.009742,0.130395,0.000000,0.000000,0.000000,11310
3.129093,0.000000,0.004871,0.130395,0.000000,0.000000,0.000000,11320
3.129093,0.000000,0.002435,0.130395,0.000000,0.000000,0.000000,11330
3.129093,0.000000,0.001218,0.130395,0.000000,0.000000,0.000000,11340
3.129093,0.000000,0.000609,0.130395,0.000000,0.000000,0.000000,11350
3.129093,0.000000,0.000304,0.130395,0.000000,0.000000,0.000000,11360
3.129093,0.000000,0.000152,0.130395,0.000000,0.000000,0.000000,11370
3.127559,0.000000,-0.076623,0.130395,0.000000,0.000000,0.000000,11380
3.129093,0.000000,0.038388,0.130395,0.000000,0.000000,0.000000,11390
3.129093,0.000000,0.019194,0.130395,0.000000,0.000000,0.000000,11400
3.129093,0.000000,0.009597,0.130395,0.000000,0.000000,0.000000,11410
3.127559,0.000000,-0.071901,0.130395,0.000000,0.000000,0.000000,11420
3.129093,0.000000,0.040749,0.130395,0.000000,0.000000,0.000000,11430
3.129093,0.000000,0.020374,0.130395,0.000000,0.000000,0.000000,11440
3.129093,0.000000,0.010187,0.130395,0.000000,0.000000,0.000000,11450
3.129093,0.000000,0.005094,0.130395,0.000000,0.000000,0.000000,11460
3.129093,0.000000,0.002547,0.130395,0.000000,0.000000,0.000000,11470
3.129093,0.000000,0.001273,0.130395,0.000000,0.000000,0.000000,11480
3.129093,0.000000,0.000637,0.130395,0.000000,0.000000,0.000000,11490
3.129093,0.000000,0.000318,0.130395,0.000000,0.000000,0.000000,11500
3.129093,0.000000,0.000159,0.130395,0.000000,0.000000,0.000000,11510
3.129093,0.000000,0.000080,0.130395,0.000000,0.000000,0.000000,11520
3.129093,0.000000,0.000040,0.130395,0.000000,0.000000,0.000000,11530
3.129093,0.000000,0.000020,0.130395,0.000000,0.000000,0.000000,11540
3.129093,0.000000,0.000010,0.130395,0.000000,0.000000,0.000000,11550
3.129093,0.000000,0.000005,0.130395,0.000000,0.000000,0.000000,11560
3.129093,0.000000,0.000002,0.130395,0.000000,0.000000,0.000000,11570
3.129093,0.000000,0.000001,0.130395,0.000000,0.000000,0.000000,11580
3.129093,0.000000,0.000001,0.130395,0.000000,0.000000,0.000000,11590
3.127559,0.000000,-0.076699,0.130395,0.000000,0.000000,0.000000,11600
3.127559,0.000000,-0.038349,0.130395,0.000000,0.000000,0.000000,11610
3.127559,0.000000,-0.019175,0.130395,0.000000,0.000000,0.000000,11620
3.129093,0.000000,0.067112,0.130395,0.000000,0.000000,0.000000,11630
3.127559,0.000000,-0.043143,0.130395,0.000000,0.000000,0.000000,11640
3.129093,0.000000,0.055128,0.130395,0.000000,0.000000,0.000000,11650
3.129093,0.000000,0.027564,0.130395,0.000000,0.000000,0.000000,11660
3.129093,0.000000,0.013782,0.130395,0.000000,0.000000,0.000000,11670
3.129093,0.000000,0.006891,0.130395,0.000000,0.000000,0.000000,11680
3.129093,0.000000,0.003445,0.130395,0.000000,0.000000,0.000000,11690
3.129093,0.000000,0.001723,0.130395,0.000000,0.000000,0.000000,11700
3.127559,0.000000,-0.075838,0.130395,0.000000,0.000000,0.000000,11710
3.129093,0.000000,0.038780,0.130395,0.000000,0.000000,0.000000,11720
3.129093,0.000000,0.019390,0.130395,0.000000,0.000000,0.000000,11730
3.129093,0.000000,0.009695,0.130395,0.000000,0.000000,0.000000,11740
3.129093,0.000000,0.004848,0.130395,0.000000,0.000000,0.000000,11750
3.127559,0.000000,-0.074275,0.130395,0.000000,0.000000,0.000000,11760
3.129093,0.000000,0.039562,0.130395,0.000000,0.000000,0.000000,11770
3.129093,0.000000,0.019781,0.130395,0.000000,0.000000,0.000000,11780
3.129093,0.000000,0.009890,0.130395,0.000000,0.000000,0.000000,11790
3.129093,0.000000,0.004945,0.130395,0.000000,0.000000,0.000000,11800
3.129093,0.000000,0.002473,0.130395,0.000000,0.000000,0.000000,11810
3.129093,0.000000,0.001236,0.130395,0.000000,0.000000,0.000000,11820
3.129093,0.000000,0.000618,0.130395,0.000000,0.000000,0.000000,11830
3.127559,0.000000,-0.076390,0.130395,0.000000,0.000000,0.000000,11840
3.129093,0.000000,0.038504,0.130395,0.000000,0.000000,0.000000,11850
3.129093,0.000000,0.019252,0.130395,0.000000,0.000000,0.000000,11860
3.127559,0.000000,-0.067073,0.130395,0.000000,0.000000,0.000000,11870
3.129093,0.000000,0.043163,0.130395,0.000000,0.000000,0.000000,11880
3.129093,0.000000,0.021581,0.130395,0.000000,0.000000,0.000000,11890
3.127559,0.000000,-0.065909,0.130395,0.000000,0.000000,0.000000,11900
3.129093,0.000000,0.043745,0.130395,0.000000,0.000000,0.000000,11910
3.129093,0.000000,0.021872,0.130395,0.000000,0.000000,0.000000,11920
3.129093,0.000000,0.010936,0.130395,0.000000,0.000000,0.000000,11930
3.129093,0.000000,0.005468,0.130395,0.000000,0.000000,0.000000,11940
3.129093,0.000000,0.002734,0.130395,0.000000,0.000000,0.000000,11950
3.129093,0.000000,0.001367,0.130395,0.000000,0.000000,0.000000,11960
3.129093,0.000000,0.000684,0.130395,0.000000,0.000000,0.000000,11970
3.129093,0.000000,0.000342,0.130395,0.000000,0.000000,0.000000,11980
3.129093,0.000000,0.000171,0.130395,0.000000,0.000000,0.000000,11990
3.129093,0.000000,0.000085,0.130395,0.000000,0.000000,0.000000,12000
3.129093,0.000000,0.000043,0.130395,0.000000,0.000000,0.000000,12010
3.129093,0.000000,0.000021,0.130395,0.000000,0.000000,0.000000,12020
3.129093,0.000000,0.000011,0.130395,0.000000,0.000000,0.000000,12030
3.129093,0.000000,0.000005,0.130395,0.000000,0.000000,0.000000,12040
3.129093,0.000000,0.000003,0.130395,0.000000,0.000000,0.000000,12050
3.129093,0.000000,0.000001,0.130395,0.000000,0.000000,0.000000,12060
3.129093,0.000000,0.000001,0.130395,0.000000,0.000000,0.000000,12070
3.129093,0.000000,0.000000,0.130395,0.000000,0.000000,0.000000,12080
3.127559,0.000000,-0.076699,0.130395,0.000000,0.000000,0.000000,12090
3.129093,0.000000,0.038350,0.130395,0.000000,0.000000,0.000000,12100
3.129093,0.000000,0.019175,0.130395,0.000000,0.000000,0.000000,12110
3.129093,0.000000,0.009587,0.130395,0.000000,0.000000,0.000000,12120
3.129093,0.000000,0.004794,0.130395,0.000000,0.000000,0.000000,12130
3.129093,0.000000,0.002397,0.130395,0.000000,0.000000,0.000000,12140
3.129093,0.000000,0.001198,0.130395,0.000000,0.000000,0.000000,12150
3.129093,0.000000,0.000599,0.130395,0.000000,0.000000,0.000000,12160
3.129093,0.000000,0.000300,0.130395,0.000000,0.000000,0.000000,12170
3.129093,0.000000,0.000150,0.130395,0.000000,0.000000,0.000000,12180
3.129093,0.000000,0.000075,0.130395,0.000000,0.000000,0.000000,12190
3.129093,0.000000,0.000037,0.130395,0.000000,0.000000,0.000000,12200
3.129093,0.000000,0.000019,0.130395,0.000000,0.000000,0.000000,12210
3.129093,0.000000,0.000009,0.130395,0.000000,0.000000,0.000000,12220
3.129093,0.000000,0.000005,0.130395,0.000000,0.000000,0.000000,12230
3.129093,0.000000,0.000002,0.130395,0.000000,0.000000,0.000000,12240
3.129093,0.000000,0.000001,0.130395,0.000000,0.000000,0.000000,12250
3.129093,0.000000,0.000001,0.130395,0.000000,0.000000,0.000000,12260
3.129093,0.000000,0.000000,0.130395,0.000000,0.000000,0.000000,12270
3.129093,0.000000,0.000000,0.130395,0.000000,0.000000,0.000000,12280
3.129093,0.000000,0.000000,0.130395,0.000000,0.000000,0.000000,12290
3.129093,0.000000,0.000000,0.130395,0.000000,0.000000,0.000000,12300
3.129093,0.000000,0.000000,0.130395,0.000000,0.000000,0.000000,12310
3.129093,0.000000,0.000000,0.130395,0.000000,0.000000,0.000000,12320
3.129093,0.000000,0.000000,0.130395,0.000000,0.000000,0.000000,12330
3.129093,0.000000,0.000000,0.130395,0.000000,0.000000,0.000000,12340
3.129093,0.000000,0.000000,0.130395,0.000000,0.000000,0.000000,12350
3.127559,0.000000,-0.076699,0.130395,0.000000,0.000000,0.000000,12360
3.129093,0.000000,0.038350,0.130395,0.000000,0.000000,0.000000,12370
3.129093,0.000000,0.019175,0.130395,0.000000,0.000000,0.000000,12380
3.127559,0.000000,-0.067112,0.130395,0.000000,0.000000,0.000000,12390
3.129093,0.000000,0.043143,0.130395,0.000000,0.000000,0.000000,12400
3.129093,0.000000,0.021572,0.130395,0.000000,0.000000,0.000000,12410
3.127559,0.000000,-0.065913,0.130395,0.000000,0.000000,0.000000,12420
3.129093,0.000000,0.043743,0.130395,0.000000,0.000000,0.000000,12430
3.129093,0.000000,0.021871,0.130395,0.000000,0.000000,0.000000,12440
3.129093,0.000000,0.010936,0.130395,0.000000,0.000000,0.000000,12450
3.127559,0.000000,-0.071231,0.130395,0.000000,0.000000,0.000000,12460
3.129093,0.000000,0.041084,0.130395,0.000000,0.000000,0.000000,12470
3.129093,0.000000,0.020542,0.130395,0.000000,0.000000,0.000000,12480
3.129093,0.000000,0.010271,0.130395,0.000000,0.000000,0.000000,12490
3.129093,0.000000,0.005135,0.130395,0.000000,0.000000,0.000000,12500
3.129093,0.000000,0.002568,0.130395,0.000000,0.000000,0.000000,12510
3.129093,0.000000,0.001284,0.130395,0.000000,0.000000,0.000000,12520
3.129093,0.000000,0.000642,0.130395,0.000000,0.000000,0.000000,12530
3.129093,0.000000,0.000321,0.130395,0.000000,0.000000,0.000000,12540
3.129093,0.000000,0.000160,0.130395,0.000000,0.000000,0.000000,12550
3.129093,0.000000,0.000080,0.130395,0.000000,0.000000,0.000000,12560
3.129093,0.000000,0.000040,0.130395,0.000000,0.000000,0.000000,12570
3.129093,0.000000,0.000020,0.130395,0.000000,0.000000,0.000000,12580
3.129093,0.000000,0.000010,0.130395,0.000000,0.000000,0.000000,12590
3.129093,0.000000,0.000005,0.130395,0.000000,0.000000,0.000000,12600
3.129093,0.000000,0.000003,0.130395,0.000000,0.000000,0.000000,12610
3.129093,0.000000,0.000001,0.130395,0.000000,0.000000,0.000000,12620
3.129093,0.000000,0.000001,0.130395,0.000000,0.000000,0.000000,12630
3.129093,0.000000,0.000000,0.130395,0.000000,0.000000,0.000000,12640
3.127559,0.000000,-0.076699,0.130395,0.000000,0.000000,0.000000,12650
3.129093,0.000000,0.038350,0.130395,0.000000,0.000000,0.000000,12660
3.129093,0.000000,0.019175,0.130395,0.000000,0.000000,0.000000,12670
3.129093,0.000000,0.009587,0.130395,0.000000,0.000000,0.000000,12680
3.129093,0.000000,0.004794,0.130395,0.000000,0.000000,0.000000,12690
3.129093,0.000000,0.002397,0.130395,0.000000,0.000000,0.000000,12700
3.129093,0.000000,0.001198,0.130395,0.000000,0.000000,0.000000,12710
3.129093,0.000000,0.000599,0.130395,0.000000,0.000000,0.000000,12720
3.127559,0.000000,-0.076400,0.130395,0.000000,0.000000,0.000000,12730
3.129093,0.000000,0.038499,0.130395,0.000000,0.000000,0.000000,12740
3.129093,0.000000,0.019250,0.130395,0.000000,0.000000,0.000000,12750
3.129093,0.000000,0.009625,0.130395,0.000000,0.000000,0.000000,12760
3.127559,0.000000,-0.071887,0.130395,0.000000,0.000000,0.000000,12770
3.129093,0.000000,0.040756,0.130395,0.000000,0.000000,0.000000,12780
3.129093,0.000000,0.020378,0.130395,0.000000,0.000000,0.000000,12790
3.129093,0.000000,0.010189,0.130395,0.000000,0.000000,0.000000,12800
3.127559,0.000000,-0.071605,0.130395,0.000000,0.000000,0.000000,12810
3.129093,0.000000,0.040897,0.130395,0.000000,0.000000,0.000000,12820
3.129093,0.000000,0.020448,0.130395,0.000000,0.000000,0.000000,12830
3.129093,0.000000,0.010224,0.130395,0.000000,0.000000,0.000000,12840
3.127559,0.000000,-0.071587,0.130395,0.000000,0.000000,0.000000,12850
3.129093,0.000000,0.040906,0.130395,0.000000,0.000000,0.000000,12860
3.129093,0.000000,0.020453,0.130395,0.000000,0.000000,0.000000,12870
3.129093,0.000000,0.010226,0.130395,0.000000,0.000000,0.000000,12880
3.129093,0.000000,0.005113,0.130395,0.000000,0.000000,0.000000,12890
3.129093,0.000000,0.002557,0.130395,0.000000,0.000000,0.000000,12900
3.127559,0.000000,-0.075421,0.130395,0.000000,0.000000,0.000000,12910
3.129093,0.000000,0.038989,0.130395,0.000000,0.000000,0.000000,12920
3.129093,0.000000,0.019494,0.130395,0.000000,0.000000,0.000000,12930
3.129093,0.000000,0.009747,0.130395,0.000000,0.000000,0.000000,12940
3.129093,0.000000,0.004874,0.130395,0.000000,0.000000,0.000000,12950
3.129093,0.000000,0.002437,0.130395,0.000000,0.000000,0.000000,12960
3.129093,0.000000,0.001218,0.130395,0.000000,0.000000,0.000000,12970
3.129093,0.000000,0.000609,0.130395,0.000000,0.000000,0.000000,12980
3.129093,0.000000,0.000305,0.130395,0.000000,0.000000,0.000000,12990
3.129093,0.000000,0.000152,0.130395,0.000000,0.000000,0.000000,13000
3.129093,0.000000,0.000076,0.130395,0.000000,0.000000,0.000000,13010
3.129093,0.000000,0.000038,0.130395,0.000000,0.000000,0.000000,13020
3.129093,0.000000,0.000019,0.130395,0.000000,0.000000,0.000000,13030
3.129093,0.000000,0.000010,0.130395,0.000000,0.000000,0.000000,13040
3.129093,0.000000,0.000005,0.130395,0.000000,0.000000,0.000000,13050
3.129093,0.000000,0.000002,0.130395,0.000000,0.000000,0.000000,13060
3.129093,0.000000,0.000001,0.130395,0.000000,0.000000,0.000000,13070
3.129093,0.000000,0.000001,0.130395,0.000000,0.000000,0.000000,13080
3.129093,0.000000,0.000000,0.130395,0.000000,0.000000,0.000000,13090
3.129093,0.000000,0.000000,0.130395,0.000000,0.000000,0.000000,13100
3.129093,0.000000,0.000000,0.130395,0.000000,0.000000,0.000000,13110
3.129093,0.000000,0.000000,0.130395,0.000000,0.000000,0.000000,13120
3.127559,0.000000,-0.076699,0.130395,0.000000,0.000000,0.000000,13130
3.129093,0.000000,0.038350,0.130395,0.000000,0.000000,0.000000,13140
3.129093,0.000000,0.019175,0.130395,0.000000,0.000000,0.000000,13150
3.129093,0.000000,0.009587,0.130395,0.000000,0.000000,0.000000,13160
3.129093,0.000000,0.004794,0.130395,0.000000,0.000000,0.000000,13170
3.129093,0.000000,0.002397,0.130395,0.000000,0.000000,0.000000,13180
3.127559,0.000000,-0.075501,0.130395,0.000000,0.000000,0.000000,13190
3.129093,0.000000,0.038949,0.130395,0.000000,0.000000,0.000000,13200
3.129093,0.000000,0.019474,0.130395,0.000000,0.000000,0.000000,13210
3.129093,0.000000,0.009737,0.130395,0.000000,0.000000,0.000000,13220
3.129093,0.000000,0.004869,0.130395,0.000000,0.000000,0.000000,13230
3.127559,0.000000,-0.074265,0.130395,0.000000,0.000000,0.000000,13240
3.129093,0.000000,0.039567,0.130395,0.000000,0.000000,0.000000,13250
3.129093,0.000000,0.019783,0.130395,0.000000,0.000000,0.000000,13260
3.129093,0.000000,0.009892,0.130395,0.000000,0.000000,0.000000,13270
3.129093,0.000000,0.004946,0.130395,0.000000,0.000000,0.000000,13280
3.129093,0.000000,0.002473,0.130395,0.000000,0.000000,0.000000,13290
3.129093,0.000000,0.001236,0.130395,0.000000,0.000000,0.000000,13300
3.129093,0.000000,0.000618,0.130395,0.000000,0.000000,0.000000,13310
3.129093,0.000000,0.000309,0.130395,0.000000,0.000000,0.000000,13320
3.129093,0.000000,0.000155,0.130395,0.000000,0.000000,0.000000,13330
3.127559,0.000000,-0.076622,0.130395,0.000000,0.000000,0.000000,13340
3.129093,0.000000,0.038388,0.130395,0.000000,0.000000,0.000000,13350
3.129093,0.000000,0.019194,0.130395,0.000000,0.000000,0.000000,13360
3.129093,0.000000,0.009597,0.130395,0.000000,0.000000,0.000000,13370
3.129093,0.000000,0.004799,0.130395,0.000000,0.000000,0.000000,13380
3.129093,0.000000,0.002399,0.130395,0.000000,0.000000,0.000000,13390
3.129093,0.000000,0.001200,0.130395,0.000000,0.000000,0.000000,13400
3.129093,0.000000,0.000600,0.130395,0.000000,0.000000,0.000000,13410
3.129093,0.000000,0.000300,0.130395,0.000000,0.000000,0.000000,13420
3.129093,0.000000,0.000150,0.130395,0.000000,0.000000,0.000000,13430
3.129093,0.000000,0.000075,0.130395,0.000000,0.000000,0.000000,13440
3.129093,0.000000,0.000037,0.130395,0.000000,0.000000,0.000000,13450
3.129093,0.000000,0.000019,0.130395,0.000000,0.000000,0.000000,13460
3.129093,0.000000,0.000009,0.130395,0.000000,0.000000,0.000000,13470
3.129093,0.000000,0.000005,0.130395,0.000000,0.000000,0.000000,13480
3.129093,0.000000,0.000002,0.130395,0.000000,0.000000,0.000000,13490
3.127559,0.000000,-0.076698,0.130395,0.000000,0.000000,0.000000,13500
3.129093,0.000000,0.038350,0.130395,0.000000,0.000000,0.000000,13510
3.129093,0.000000,0.019175,0.130395,0.000000,0.000000,0.000000,13520
3.127559,0.000000,-0.067112,0.130395,0.000000,0.000000,0.000000,13530
3.129093,0.000000,0.043143,0.130395,0.000000,0.000000,0.000000,13540
3.129093,0.000000,0.021572,0.130395,0.000000,0.000000,0.000000,13550
3.129093,0.000000,0.010786,0.130395,0.000000,0.000000,0.000000,13560
3.129093,0.000000,0.005393,0.130395,0.000000,0.000000,0.000000,13570
3.129093,0.000000,0.002696,0.130395,0.000000,0.000000,0.000000,13580
3.129093,0.000000,0.001348,0.130395,0.000000,0.000000,0.000000,13590
3.129093,0.000000,0.000674,0.130395,0.000000,0.000000,0.000000,13600
3.129093,0.000000,0.000337,0.130395,0.000000,0.000000,0.000000,13610
3.129093,0.000000,0.000169,0.130395,0.000000,0.000000,0.000000,13620
3.129093,0.000000,0.000084,0.130395,0.000000,0.000000,0.000000,13630
3.129093,0.000000,0.000042,0.130395,0.000000,0.000000,0.000000,13640
3.129093,0.000000,0.000021,0.130395,0.000000,0.000000,0.000000,13650
3.129093,0.000000,0.000011,0.130395,0.000000,0.000000,0.000000,13660
3.129093,0.000000,0.000005,0.130395,0.000000,0.000000,0.000000,13670
3.129093,0.000000,0.000003,0.130395,0.000000,0.000000,0.000000,13680
3.129093,0.000000,0.000001,0.130395,0.000000,0.000000,0.000000,13690
3.127559,0.000000,-0.076699,0.130395,0.000000,0.000000,0.000000,13700
3.129093,0.000000,0.038350,0.130395,0.000000,0.000000,0.000000,13710
3.129093,0.000000,0.019175,0.130395,0.000000,0.000000,0.000000,13720
3.129093,0.000000,0.009587,0.130395,0.000000,0.000000,0.000000,13730
3.129093,0.000000,0.004794,0.130395,0.000000,0.000000,0.000000,13740
3.129093,0.000000,0.002397,0.130395,0.000000,0.000000,0.000000,13750
3.129093,0.000000,0.001198,0.130395,0.000000,0.000000,0.000000,13760
3.129093,0.000000,0.000599,0.130395,0.000000,0.000000,0.000000,13770
3.129093,0.000000,0.000300,0.130395,0.000000,0.000000,0.000000,13780
3.127559,0.000000,-0.076549,0.130395,0.000000,0.000000,0.000000,13790
3.129093,0.000000,0.038425,0.130395,0.000000,0.000000,0.000000,13800
3.129093,0.000000,0.019212,0.130395,0.000000,0.000000,0.000000,13810
3.129093,0.000000,0.009606,0.130395,0.000000,0.000000,0.000000,13820
3.129093,0.000000,0.004803,0.130395,0.000000,0.000000,0.000000,13830
3.129093,0.000000,0.002402,0.130395,0.000000,0.000000,0.000000,13840
3.129093,0.000000,0.001201,0.130395,0.000000,0.000000,0.000000,13850
3.129093,0.000000,0.000600,0.130395,0.000000,0.000000,0.000000,13860
3.129093,0.000000,0.000300,0.130395,0.000000,0.000000,0.000000,13870
3.127559,0.000000,-0.076549,0.130395,0.000000,0.000000,0.000000,13880
3.127559,0.000000,-0.038275,0.130395,0.000000,0.000000,0.000000,13890
3.129093,0.000000,0.057562,0.130395,0.000000,0.000000,0.000000,13900
3.129093,0.000000,0.028781,0.130395,0.000000,0.000000,0.000000,13910
3.129093,0.000000,0.014390,0.130395,0.000000,0.000000,0.000000,13920
3.129093,0.000000,0.007195,0.130395,0.000000,0.000000,0.000000,13930
3.129093,0.000000,0.003598,0.130395,0.000000,0.000000,0.000000,13940
3.127559,0.000000,-0.074900,0.130395,0.000000,0.000000,0.000000,13950
3.129093,0.000000,0.039249,0.130395,0.000000,0.000000,0.000000,13960
3.129093,0.000000,0.019625,0.130395,0.000000,0.000000,0.000000,13970
3.129093,0.000000,0.009812,0.130395,0.000000,0.000000,0.000000,13980
3.129093,0.000000,0.004906,0.130395,0.000000,0.000000,0.000000,13990
3.129093,0.000000,0.002453,0.130395,0.000000,0.000000,0.000000,14000
3.129093,0.000000,0.001227,0.130395,0.000000,0.000000,0.000000,14010
3.129093,0.000000,0.000613,0.130395,0.000000,0.000000,0.000000,14020
3.127559,0.000000,-0.076393,0.130395,0.000000,0.000000,0.000000,14030
3.129093,0.000000,0.038503,0.130395,0.000000,0.000000,0.000000,14040
3.129093,0.000000,0.019251,0.130395,0.000000,0.000000,0.000000,14050
3.129093,0.000000,0.009626,0.130395,0.000000,0.000000,0.000000,14060
3.129093,0.000000,0.004813,0.130395,0.000000,0.000000,0.000000,14070
3.127559,0.000000,-0.074293,0.130395,0.000000,0.000000,0.000000,14080
3.129093,0.000000,0.039553,0.130395,0.000000,0.000000,0.000000,14090
3.129093,0.000000,0.019776,0.130395,0.000000,0.000000,0.000000,14100
3.129093,0.000000,0.009888,0.130395,0.000000,0.000000,0.000000,14110
3.129093,0.000000,0.004944,0.130395,0.000000,0.000000,0.000000,14120
3.129093,0.000000,0.002472,0.130395,0.000000,0.000000,0.000000,14130
3.129093,0.000000,0.001236,0.130395,0.000000,0.000000,0.000000,14140
3.129093,0.000000,0.000618,0.130395,0.000000,0.000000,0.000000,14150
3.129093,0.000000,0.000309,0.130395,0.000000,0.000000,0.000000,14160
3.129093,0.000000,0.000155,0.130395,0.000000,0.000000,0.000000,14170
3.129093,0.000000,0.000077,0.130395,0.000000,0.000000,0.000000,14180
3.129093,0.000000,0.000039,0.130395,0.000000,0.000000,0.000000,14190
3.129093,0.000000,0.000019,0.130395,0.000000,0.000000,0.000000,14200
3.129093,0.000000,0.000010,0.130395,0.000000,0.000000,0.000000,14210
3.127559,0.000000,-0.076694,0.130395,0.000000,0.000000,0.000000,14220
3.129093,0.000000,0.038352,0.130395,0.000000,0.000000,0.000000,14230
3.129093,0.000000,0.019176,0.130395,0.000000,0.000000,0.000000,14240
3.127559,0.000000,-0.067111,0.130395,0.000000,0.000000,0.000000,14250
3.129093,0.000000,0.043144,0.130395,0.000000,0.000000,0.000000,14260
3.129093,0.000000,0.021572,0.130395,0.000000,0.000000,0.000000,14270
3.129093,0.000000,0.010786,0.130395,0.000000,0.000000,0.000000,14280
3.129093,0.000000,0.005393,0.130395,0.000000,0.000000,0.000000,14290
3.129093,0.000000,0.002696,0.130395,0.000000,0.000000,0.000000,14300
3.129093,0.000000,0.001348,0.130395,0.000000,0.000000,0.000000,14310
3.127559,0.000000,-0.076025,0.130395,0.000000,0.000000,0.000000,14320
3.129093,0.000000,0.038687,0.130395,0.000000,0.000000,0.000000,14330
3.129093,0.000000,0.019343,0.130395,0.000000,0.000000,0.000000,14340
3.127559,0.000000,-0.067028,0.130395,0.000000,0.000000,0.000000,14350
3.127559,0.000000,-0.033514,0.130395,0.000000,0.000000,0.000000,14360
3.129093,0.000000,0.059942,0.130395,0.000000,0.000000,0.000000,14370
3.129093,0.000000,0.029971,0.130395,0.000000,0.000000,0.000000,14380
3.127559,0.000000,-0.061714,0.130395,0.000000,0.000000,0.000000,14390
3.129093,0.000000,0.045842,0.130395,0.000000,0.000000,0.000000,14400
3.127559,0.000000,-0.053778,0.130395,0.000000,0.000000,0.000000,14410
3.127559,0.000000,-0.026889,0.130395,0.000000,0.000000,0.000000,14420
3.129093,0.000000,0.063255,0.130395,0.000000,0.000000,0.000000,14430
3.129093,0.000000,0.031627,0.130395,0.000000,0.000000,0.000000,14440
3.129093,0.000000,0.015814,0.130395,0.000000,0.000000,0.000000,14450
3.129093,0.000000,0.007907,0.130395,0.000000,0.000000,0.000000,14460
3.129093,0.000000,0.003953,0.130395,0.000000,0.000000,0.000000,14470
3.127559,0.000000,-0.074723,0.130395,0.000000,0.000000,0.000000,14480
3.129093,0.000000,0.039338,0.130395,0.000000,0.000000,0.000000,14490
3.129093,0.000000,0.019669,0.130395,0.000000,0.000000,0.000000,14500
3.129093,0.000000,0.009834,0.130395,0.000000,0.000000,0.000000,14510
3.127559,0.000000,-0.071782,0.130395,0.000000,0.000000,0.000000,14520
3.129093,0.000000,0.040808,0.130395,0.000000,0.000000,0.000000,14530
3.127559,0.000000,-0.056295,0.130395,0.000000,0.000000,0.000000,14540
3.129093,0.000000,0.048552,0.130395,0.000000,0.000000,0.000000,14550
3.129093,0.000000,0.024276,0.130395,0.000000,0.000000,0.000000,14560
3.129093,0.000000,0.012138,0.130395,0.000000,0.000000,0.000000,14570
3.129093,0.000000,0.006069,0.130395,0.000000,0.000000,0.000000,14580
3.129093,0.000000,0.003034,0.130395,0.000000,0.000000,0.000000,14590
3.129093,0.000000,0.001517,0.130395,0.000000,0.000000,0.000000,14600
3.129093,0.000000,0.000759,0.130395,0.000000,0.000000,0.000000,14610
3.129093,0.000000,0.000379,0.130395,0.000000,0.000000,0.000000,14620
3.129093,0.000000,0.000190,0.130395,0.000000,0.000000,0.000000,14630
3.129093,0.000000,0.000095,0.130395,0.000000,0.000000,0.000000,14640
3.129093,0.000000,0.000047,0.130395,0.000000,0.000000,0.000000,14650
3.129093,0.000000,0.000024,0.130395,0.000000,0.000000,0.000000,14660
3.129093,0.000000,0.000012,0.130395,0.000000,0.000000,0.000000,14670
3.129093,0.000000,0.000006,0.130395,0.000000,0.000000,0.000000,14680
3.129093,0.000000,0.000003,0.130395,0.000000,0.000000,0.000000,14690
3.129093,0.000000,0.000001,0.130395,0.000000,0.000000,0.000000,14700
3.129093,0.000000,0.000001,0.130395,0.000000,0.000000,0.000000,14710
3.129093,0.000000,0.000000,0.130395,0.000000,0.000000,0.000000,14720
3.129093,0.000000,0.000000,0.130395,0.000000,0.000000,0.000000,14730
3.129093,0.000000,0.000000,0.130395,0.000000,0.000000,0.000000,14740
3.129093,0.000000,0.000000,0.130395,0.000000,0.000000,0.000000,14750
3.129093,0.000000,0.000000,0.130395,0.000000,0.000000,0.000000,14760
3.127559,0.000000,-0.076699,0.130395,0.000000,0.000000,0.000000,14770
3.129093,0.000000,0.038350,0.130395,0.000000,0.000000,0.000000,14780
3.129093,0.000000,0.019175,0.130395,0.000000,0.000000,0.000000,14790
3.129093,0.000000,0.009587,0.130395,0.000000,0.000000,0.000000,14800
3.127559,0.000000,-0.071906,0.130395,0.000000,0.000000,0.000000,14810
3.129093,0.000000,0.040746,0.130395,0.000000,0.000000,0.000000,14820
3.129093,0.000000,0.020373,0.130395,0.000000,0.000000,0.000000,14830
3.127559,0.000000,-0.066513,0.130395,0.000000,0.000000,0.000000,14840
3.129093,0.000000,0.043443,0.130395,0.000000,0.000000,0.000000,14850
3.129093,0.000000,0.021721,0.130395,0.000000,0.000000,0.000000,14860
3.129093,0.000000,0.010861,0.130395,0.000000,0.000000,0.000000,14870
3.129093,0.000000,0.005430,0.130395,0.000000,0.000000,0.000000,14880
3.129093,0.000000,0.002715,0.130395,0.000000,0.000000,0.000000,14890
3.127559,0.000000,-0.075342,0.130395,0.000000,0.000000,0.000000,14900
3.129093,0.000000,0.039028,0.130395,0.000000,0.000000,0.000000,14910
3.129093,0.000000,0.019514,0.130395,0.000000,0.000000,0.000000,14920
3.129093,0.000000,0.009757,0.130395,0.000000,0.000000,0.000000,14930
3.129093,0.000000,0.004879,0.130395,0.000000,0.000000,0.000000,14940
3.129093,0.000000,0.002439,0.130395,0.000000,0.000000,0.000000,14950
3.129093,0.000000,0.001220,0.130395,0.000000,0.000000,0.000000,14960
3.127559,0.000000,-0.076089,0.130395,0.000000,0.000000,0.000000,14970
3.127559,0.000000,-0.038045,0.130395,0.000000,0.000000,0.000000,14980
3.129093,0.000000,0.057677,0.130395,0.000000,0.000000,0.000000,14990
3.129093,0.000000,0.028838,0.130395,0.000000,0.000000,0.000000,15000
3.129093,0.000000,0.014419,0.130395,0.000000,0.000000,0.000000,15010
3.129093,0.000000,0.007210,0.130395,0.000000,0.000000,0.000000,15020
3.129093,0.000000,0.003605,0.130395,0.000000,0.000000,0.000000,15030
3.129093,0.000000,0.001802,0.130395,0.000000,0.000000,0.000000,15040
3.129093,0.000000,0.000901,0.130395,0.000000,0.000000,0.000000,15050
3.129093,0.000000,0.000451,0.130395,0.000000,0.000000,0.000000,15060
3.129093,0.000000,0.000225,0.130395,0.000000,0.000000,0.000000,15070
3.129093,0.000000,0.000113,0.130395,0.000000,0.000000,0.000000,15080
3.127559,0.000000,-0.076643,0.130395,0.000000,0.000000,0.000000,15090
3.129093,0.000000,0.038378,0.130395,0.000000,0.000000,0.000000,15100
3.129093,0.000000,0.019189,0.130395,0.000000,0.000000,0.000000,15110
3.129093,0.000000,0.009594,0.130395,0.000000,0.000000,0.000000,15120
3.127559,0.000000,-0.071902,0.130395,0.000000,0.000000,0.000000,15130
3.129093,0.000000,0.040748,0.130395,0.000000,0.000000,0.000000,15140
3.129093,0.000000,0.020374,0.130395,0.000000,0.000000,0.000000,15150
3.129093,0.000000,0.010187,0.130395,0.000000,0.000000,0.000000,15160
3.127559,0.000000,-0.071606,0.130395,0.000000,0.000000,0.000000,15170
3.127559,0.000000,-0.035803,0.130395,0.000000,0.000000,0.000000,15180
3.129093,0.000000,0.058798,0.130395,0.000000,0.000000,0.000000,15190
3.129093,0.000000,0.029399,0.130395,0.000000,0.000000,0.000000,15200
3.129093,0.000000,0.014699,0.130395,0.000000,0.000000,0.000000,15210
3.129093,0.000000,0.007350,0.130395,0.000000,0.000000,0.000000,15220
3.127559,0.000000,-0.073024,0.130395,0.000000,0.000000,0.000000,15230
3.129093,0.000000,0.040187,0.130395,0.000000,0.000000,0.000000,15240
3.129093,0.000000,0.020094,0.130395,0.000000,0.000000,0.000000,15250
3.127559,0.000000,-0.066652,0.130395,0.000000,0.000000,0.000000,15260
3.129093,0.000000,0.043373,0.130395,0.000000,0.000000,0.000000,15270
3.129093,0.000000,0.021687,0.130395,0.000000,0.000000,0.000000,15280
3.129093,0.000000,0.010843,0.130395,0.000000,0.000000,0.000000,15290
3.127559,0.000000,-0.071278,0.130395,0.000000,0.000000,0.000000,15300
3.129093,0.000000,0.041060,0.130395,0.000000,0.000000,0.000000,15310
3.129093,0.000000,0.020530,0.130395,0.000000,0.000000,0.000000,15320
3.127559,0.000000,-0.066434,0.130395,0.000000,0.000000,0.000000,15330
3.129093,0.000000,0.043482,0.130395,0.000000,0.000000,0.000000,15340
3.129093,0.000000,0.021741,0.130395,0.000000,0.000000,0.000000,15350
3.129093,0.000000,0.010871,0.130395,0.000000,0.000000,0.000000,15360
3.129093,0.000000,0.005435,0.130395,0.000000,0.000000,0.000000,15370
3.129093,0.000000,0.002718,0.130395,0.000000,0.000000,0.000000,15380
3.129093,0.000000,0.001359,0.130395,0.000000,0.000000,0.000000,15390
3.129093,0.000000,0.000679,0.130395,0.000000,0.000000,0.000000,15400
3.127559,0.000000,-0.076360,0.130395,0.000000,0.000000,0.000000,15410
3.129093,0.000000,0.038519,0.130395,0.000000,0.000000,0.000000,15420
3.129093,0.000000,0.019260,0.130395,0.000000,0.000000,0.000000,15430
3.129093,0.000000,0.009630,0.130395,0.000000,0.000000,0.000000,15440
3.129093,0.000000,0.004815,0.130395,0.000000,0.000000,0.000000,15450
3.127559,0.000000,-0.074292,0.130395,0.000000,0.000000,0.000000,15460
3.127559,0.000000,-0.037146,0.130395,0.000000,0.000000,0.000000,15470
3.127559,0.000000,-0.018573,0.130395,0.000000,0.000000,0.000000,15480
3.129093,0.000000,0.067413,0.130395,0.000000,0.000000,0.000000,15490
3.127559,0.000000,-0.042993,0.130395,0.000000,0.000000,0.000000,15500
3.129093,0.000000,0.055203,0.130395,0.000000,0.000000,0.000000,15510
3.127559,0.000000,-0.049098,0.130395,0.000000,0.000000,0.000000,15520
3.127559,0.000000,-0.024549,0.130395,0.000000,0.000000,0.000000,15530
3.127559,0.000000,-0.012274,0.130395,0.000000,0.000000,0.000000,15540
3.129093,0.000000,0.070562,0.130395,0.000000,0.000000,0.000000,15550
3.129093,0.000000,0.035281,0.130395,0.000000,0.000000,0.000000,15560
3.129093,0.000000,0.017641,0.130395,0.000000,0.000000,0.000000,15570
3.127559,0.000000,-0.067879,0.130395,0.000000,0.000000,0.000000,15580
3.129093,0.000000,0.042760,0.130395,0.000000,0.000000,0.000000,15590
3.127559,0.000000,-0.055319,0.130395,0.000000,0.000000,0.000000,15600
3.129093,0.000000,0.049040,0.130395,0.000000,0.000000,0.000000,15610
3.127559,0.000000,-0.052179,0.130395,0.000000,0.000000,0.000000,15620
3.129093,0.000000,0.050610,0.130395,0.000000,0.000000,0.000000,15630
3.129093,0.000000,0.025305,0.130395,0.000000,0.000000,0.000000,15640
3.129093,0.000000,0.012652,0.130395,0.000000,0.000000,0.000000,15650
3.129093,0.000000,0.006326,0.130395,0.000000,0.000000,0.000000,15660
3.129093,0.000000,0.003163,0.130395,0.000000,0.000000,0.000000,15670
3.127559,0.000000,-0.075118,0.130395,0.000000,0.000000,0.000000,15680
3.127559,0.000000,-0.037559,0.130395,0.000000,0.000000,0.000000,15690
3.129093,0.000000,0.057920,0.130395,0.000000,0.000000,0.000000,15700
3.129093,0.000000,0.028960,0.130395,0.000000,0.000000,0.000000,15710
3.129093,0.000000,0.014480,0.130395,0.000000,0.000000,0.000000,15720
3.129093,0.000000,0.007240,0.130395,0.000000,0.000000,0.000000,15730
3.127559,0.000000,-0.073079,0.130395,0.000000,0.000000,0.000000,15740
3.129093,0.000000,0.040160,0.130395,0.000000,0.000000,0.000000,15750
3.129093,0.000000,0.020080,0.130395,0.000000,0.000000,0.000000,15760
3.129093,0.000000,0.010040,0.130395,0.000000,0.000000,0.000000,15770
3.129093,0.000000,0.005020,0.130395,0.000000,0.000000,0.000000,15780
3.129093,0.000000,0.002510,0.130395,0.000000,0.000000,0.000000,15790
3.127559,0.000000,-0.075444,0.130395,0.000000,0.000000,0.000000,15800
3.129093,0.000000,0.038977,0.130395,0.000000,0.000000,0.000000,15810
3.129093,0.000000,0.019489,0.130395,0.000000,0.000000,0.000000,15820
3.129093,0.000000,0.009744,0.130395,0.000000,0.000000,0.000000,15830
3.127559,0.000000,-0.071827,0.130395,0.000000,0.000000,0.000000,15840
3.129093,0.000000,0.040786,0.130395,0.000000,0.000000,0.000000,15850
3.129093,0.000000,0.020393,0.130395,0.000000,0.000000,0.000000,15860
3.127559,0.000000,-0.066503,0.130395,0.000000,0.000000,0.000000,15870
3.129093,0.000000,0.043448,0.130395,0.000000,0.000000,0.000000,15880
3.127559,0.000000,-0.054975,0.130395,0.000000,0.000000,0.000000,15890
3.129093,0.000000,0.049212,0.130395,0.000000,0.000000,0.000000,15900
3.129093,0.000000,0.024606,0.130395,0.000000,0.000000,0.000000,15910
3.127559,0.000000,-0.064396,0.130395,0.000000,0.000000,0.000000,15920
3.129093,0.000000,0.044501,0.130395,0.000000,0.000000,0.000000,15930
3.127559,0.000000,-0.054449,0.130395,0.000000,0.000000,0.000000,15940
3.129093,0.000000,0.049475,0.130395,0.000000,0.000000,0.000000,15950
3.129093,0.000000,0.024737,0.130395,0.000000,0.000000,0.000000,15960
3.129093,0.000000,0.012369,0.130395,0.000000,0.000000,0.000000,15970
3.127559,0.000000,-0.070515,0.130395,0.000000,0.000000,0.000000,15980
3.127559,0.000000,-0.035257,0.130395,0.000000,0.000000,0.000000,15990
3.127559,0.000000,-0.017629,0.130395,0.000000,0.000000,0.000000,16000
3.127559,0.000000,-0.008814,0.130395,0.000000,0.000000,0.000000,16010
3.129093,0.000000,0.072292,0.130395,0.000000,0.000000,0.000000,16020
3.129093,0.000000,0.036146,0.130395,0.000000,0.000000,0.000000,16030
3.129093,0.000000,0.018073,0.130395,0.000000,0.000000,0.000000,16040
3.129093,0.000000,0.009037,0.130395,0.000000,0.000000,0.000000,16050
3.129093,0.000000,0.004518,0.130395,0.000000,0.000000,0.000000,16060
3.127559,0.000000,-0.074440,0.130395,0.000000,0.000000,0.000000,16070
3.127559,0.000000,-0.037220,0.130395,0.000000,0.000000,0.000000,16080
3.129093,0.000000,0.058089,0.130395,0.000000,0.000000,0.000000,16090
3.129093,0.000000,0.029045,0.130395,0.000000,0.000000,0.000000,16100
3.129093,0.000000,0.014522,0.130395,0.000000,0.000000,0.000000,16110
3.127559,0.000000,-0.069438,0.130395,0.000000,0.000000,0.000000,16120
3.127559,0.000000,-0.034719,0.130395,0.000000,0.000000,0.000000,16130
3.129093,0.000000,0.059340,0.130395,0.000000,0.000000,0.000000,16140
3.129093,0.000000,0.029670,0.130395,0.000000,0.000000,0.000000,16150
3.129093,0.000000,0.014835,0.130395,0.000000,0.000000,0.000000,16160
3.129093,0.000000,0.007417,0.130395,0.000000,0.000000,0.000000,16170
3.127559,0.000000,-0.072991,0.130395,0.000000,0.000000,0.000000,16180
3.129093,0.000000,0.040204,0.130395,0.000000,0.000000,0.000000,16190
3.129093,0.000000,0.020102,0.130395,0.000000,0.000000,0.000000,16200
3.129093,0.000000,0.010051,0.130395,0.000000,0.000000,0.000000,16210
3.127559,0.000000,-0.071674,0.130395,0.000000,0.000000,0.000000,16220
3.127559,0.000000,-0.035837,0.130395,0.000000,0.000000,0.000000,16230
3.127559,0.000000,-0.017918,0.130395,0.000000,0.000000,0.000000,16240
3.129093,0.000000,0.067740,0.130395,0.000000,0.000000,0.000000,16250
3.129093,0.000000,0.033870,0.130395,0.000000,0.000000,0.000000,16260
3.129093,0.000000,0.016935,0.130395,0.000000,0.000000,0.000000,16270
3.129093,0.000000,0.008468,0.130395,0.000000,0.000000,0.000000,16280
3.127559,0.000000,-0.072466,0.130395,0.000000,0.000000,0.000000,16290
3.129093,0.000000,0.040467,0.130395,0.000000,0.000000,0.000000,16300
3.127559,0.000000,-0.056466,0.130395,0.000000,0.000000,0.000000,16310
3.127559,0.000000,-0.028233,0.130395,0.000000,0.000000,0.000000,16320
3.127559,0.000000,-0.014117,0.130395,0.000000,0.000000,0.000000,16330
3.129093,0.000000,0.069641,0.130395,0.000000,0.000000,0.000000,16340
3.129093,0.000000,0.034821,0.130395,0.000000,0.000000,0.000000,16350
3.129093,0.000000,0.017410,0.130395,0.000000,0.000000,0.000000,16360
3.127559,0.000000,-0.067994,0.130395,0.000000,0.000000,0.000000,16370
3.127559,0.000000,-0.033997,0.130395,0.000000,0.000000,0.000000,16380
3.129093,0.000000,0.059701,0.130395,0.000000,0.000000,0.000000,16390
3.127559,0.000000,-0.046849,0.130395,0.000000,0.000000,0.000000,16400
3.127559,0.000000,-0.023424,0.130395,0.000000,0.000000,0.000000,16410
3.127559,0.000000,-0.011712,0.130395,0.000000,0.000000,0.000000,16420
3.127559,0.000000,-0.005856,0.130395,0.000000,0.000000,0.000000,16430
3.127559,0.000000,-0.002928,0.130395,0.000000,0.000000,0.000000,16440
3.129093,0.000000,0.075235,0.130395,0.000000,0.000000,0.000000,16450
3.129093,0.000000,0.037618,0.130395,0.000000,0.000000,0.000000,16460
3.127559,0.000000,-0.057890,0.130395,0.000000,0.000000,0.000000,16470
3.127559,0.000000,-0.028945,0.130395,0.000000,0.000000,0.000000,16480
3.129093,0.000000,0.062227,0.130395,0.000000,0.000000,0.000000,16490
3.129093,0.000000,0.031113,0.130395,0.000000,0.000000,0.000000,16500
3.129093,0.000000,0.015557,0.130395,0.000000,0.000000,0.000000,16510
3.129093,0.000000,0.007778,0.130395,0.000000,0.000000,0.000000,16520
3.129093,0.000000,0.003889,0.130395,0.000000,0.000000,0.000000,16530
3.127559,0.000000,-0.074755,0.130395,0.000000,0.000000,0.000000,16540
3.129093,0.000000,0.039322,0.130395,0.000000,0.000000,0.000000,16550
3.127559,0.000000,-0.057038,0.130395,0.000000,0.000000,0.000000,16560
3.129093,0.000000,0.048180,0.130395,0.000000,0.000000,0.000000,16570
3.129093,0.000000,0.024090,0.130395,0.000000,0.000000,0.000000,16580
3.127559,0.000000,-0.064654,0.130395,0.000000,0.000000,0.000000,16590
3.129093,0.000000,0.044372,0.130395,0.000000,0.000000,0.000000,16600
3.129093,0.000000,0.022186,0.130395,0.000000,0.000000,0.000000,16610
3.129093,0.000000,0.011093,0.130395,0.000000,0.000000,0.000000,16620
3.127559,0.000000,-0.071153,0.130395,0.000000,0.000000,0.000000,16630
3.127559,0.000000,-0.035576,0.130395,0.000000,0.000000,0.000000,16640
3.129093,0.000000,0.058911,0.130395,0.000000,0.000000,0.000000,16650
3.127559,0.000000,-0.047244,0.130395,0.000000,0.000000,0.000000,16660
3.129093,0.000000,0.053077,0.130395,0.000000,0.000000,0.000000,16670
3.127559,0.000000,-0.050161,0.130395,0.000000,0.000000,0.000000,16680
3.129093,0.000000,0.051619,0.130395,0.000000,0.000000,0.000000,16690
3.127559,0.000000,-0.050890,0.130395,0.000000,0.000000,0.000000,16700
3.129093,0.000000,0.051254,0.130395,0.000000,0.000000,0.000000,16710
3.127559,0.000000,-0.051072,0.130395,0.000000,0.000000,0.000000,16720
3.127559,0.000000,-0.025536,0.130395,0.000000,0.000000,0.000000,16730
3.129093,0.000000,0.063931,0.130395,0.000000,0.000000,0.000000,16740
3.129093,0.000000,0.031966,0.130395,0.000000,0.000000,0.000000,16750
3.129093,0.000000,0.015983,0.130395,0.000000,0.000000,0.000000,16760
3.129093,0.000000,0.007991,0.130395,0.000000,0.000000,0.000000,16770
3.129093,0.000000,0.003996,0.130395,0.000000,0.000000,0.000000,16780
3.129093,0.000000,0.001998,0.130395,0.000000,0.000000,0.000000,16790
3.129093,0.000000,0.000999,0.130395,0.000000,0.000000,0.000000,16800
3.129093,0.000000,0.000499,0.130395,0.000000,0.000000,0.000000,16810
3.127559,0.000000,-0.076450,0.130395,0.000000,0.000000,0.000000,16820
3.129093,0.000000,0.038474,0.130395,0.000000,0.000000,0.000000,16830
3.127559,0.000000,-0.057462,0.130395,0.000000,0.000000,0.000000,16840
3.129093,0.000000,0.047968,0.130395,0.000000,0.000000,0.000000,16850
3.129093,0.000000,0.023984,0.130395,0.000000,0.000000,0.000000,16860
3.129093,0.000000,0.011992,0.130395,0.000000,0.000000,0.000000,16870
3.129093,0.000000,0.005996,0.130395,0.000000,0.000000,0.000000,16880
3.129093,0.000000,0.002998,0.130395,0.000000,0.000000,0.000000,16890
3.129093,0.000000,0.001499,0.130395,0.000000,0.000000,0.000000,16900
3.129093,0.000000,0.000750,0.130395,0.000000,0.000000,0.000000,16910
3.129093,0.000000,0.000375,0.130395,0.000000,0.000000,0.000000,16920
3.129093,0.000000,0.000187,0.130395,0.000000,0.000000,0.000000,16930
3.129093,0.000000,0.000094,0.130395,0.000000,0.000000,0.000000,16940
3.129093,0.000000,0.000047,0.130395,0.000000,0.000000,0.000000,16950
3.129093,0.000000,0.000023,0.130395,0.000000,0.000000,0.000000,16960
3.129093,0.000000,0.000012,0.130395,0.000000,0.000000,0.000000,16970
3.129093,0.000000,0.000006,0.130395,0.000000,0.000000,0.000000,16980
3.129093,0.000000,0.000003,0.130395,0.000000,0.000000,0.000000,16990
3.129093,0.000000,0.000001,0.130395,0.000000,0.000000,0.000000,17000
3.129093,0.000000,0.000001,0.130395,0.000000,0.000000,0.000000,17010
3.127559,0.000000,-0.076699,0.130395,0.000000,0.000000,0.000000,17020
3.129093,0.000000,0.038350,0.130395,0.000000,0.000000,0.000000,17030
3.129093,0.000000,0.019175,0.130395,0.000000,0.000000,0.000000,17040
3.129093,0.000000,0.009587,0.130395,0.000000,0.000000,0.000000,17050
3.129093,0.000000,0.004794,0.130395,0.000000,0.000000,0.000000,17060
3.129093,0.000000,0.002397,0.130395,0.000000,0.000000,0.000000,17070
3.129093,0.000000,0.001198,0.130395,0.000000,0.000000,0.000000,17080
3.129093,0.000000,0.000599,0.130395,0.000000,0.000000,0.000000,17090
3.129093,0.000000,0.000300,0.130395,0.000000,0.000000,0.000000,17100
3.129093,0.000000,0.000150,0.130395,0.000000,0.000000,0.000000,17110
3.129093,0.000000,0.000075,0.130395,0.000000,0.000000,0.000000,17120
3.129093,0.000000,0.000037,0.130395,0.000000,0.000000,0.000000,17130
3.127559,0.000000,-0.076681,0.130395,0.000000,0.000000,0.000000,17140
3.129093,0.000000,0.038359,0.130395,0.000000,0.000000,0.000000,17150
3.129093,0.000000,0.019179,0.130395,0.000000,0.000000,0.000000,17160
3.129093,0.000000,0.009590,0.130395,0.000000,0.000000,0.000000,17170
3.129093,0.000000,0.004795,0.130395,0.000000,0.000000,0.000000,17180
3.129093,0.000000,0.002397,0.130395,0.000000,0.000000,0.000000,17190
3.127559,0.000000,-0.075501,0.130395,0.000000,0.000000,0.000000,17200
3.127559,0.000000,-0.037750,0.130395,0.000000,0.000000,0.000000,17210
3.129093,0.000000,0.057824,0.130395,0.000000,0.000000,0.000000,17220
3.129093,0.000000,0.028912,0.130395,0.000000,0.000000,0.000000,17230
3.129093,0.000000,0.014456,0.130395,0.000000,0.000000,0.000000,17240
3.129093,0.000000,0.007228,0.130395,0.000000,0.000000,0.000000,17250
3.129093,0.000000,0.003614,0.130395,0.000000,0.000000,0.000000,17260
3.129093,0.000000,0.001807,0.130395,0.000000,0.000000,0.000000,17270
3.129093,0.000000,0.000904,0.130395,0.000000,0.000000,0.000000,17280
3.129093,0.000000,0.000452,0.130395,0.000000,0.000000,0.000000,17290
3.129093,0.000000,0.000226,0.130395,0.000000,0.000000,0.000000,17300
3.127559,0.000000,-0.076586,0.130395,0.000000,0.000000,0.000000,17310
3.127559,0.000000,-0.038293,0.130395,0.000000,0.000000,0.000000,17320
3.129093,0.000000,0.057553,0.130395,0.000000,0.000000,0.000000,17330
3.129093,0.000000,0.028776,0.130395,0.000000,0.000000,0.000000,17340
3.129093,0.000000,0.014388,0.130395,0.000000,0.000000,0.000000,17350
3.127559,0.000000,-0.069505,0.130395,0.000000,0.000000,0.000000,17360
3.129093,0.000000,0.041947,0.130395,0.000000,0.000000,0.000000,17370
3.127559,0.000000,-0.055726,0.130395,0.000000,0.000000,0.000000,17380
3.129093,0.000000,0.048836,0.130395,0.000000,0.000000,0.000000,17390
3.129093,0.000000,0.024418,0.130395,0.000000,0.000000,0.000000,17400
3.129093,0.000000,0.012209,0.130395,0.000000,0.000000,0.000000,17410
3.127559,0.000000,-0.070595,0.130395,0.000000,0.000000,0.000000,17420
3.129093,0.000000,0.041402,0.130395,0.000000,0.000000,0.000000,17430
3.129093,0.000000,0.020701,0.130395,0.000000,0.000000,0.000000,17440
3.129093,0.000000,0.010350,0.130395,0.000000,0.000000,0.000000,17450
3.129093,0.000000,0.005175,0.130395,0.000000,0.000000,0.000000,17460
3.129093,0.000000,0.002588,0.130395,0.000000,0.000000,0.000000,17470
3.127559,0.000000,-0.075405,0.130395,0.000000,0.000000,0.000000,17480
3.127559,0.000000,-0.037703,0.130395,0.000000,0.000000,0.000000,17490
3.129093,0.000000,0.057848,0.130395,0.000000,0.000000,0.000000,17500
3.129093,0.000000,0.028924,0.130395,0.000000,0.000000,0.040000,17510
3.129093,0.000000,0.014462,0.130395,0.000000,0.000000,0.090000,17520
3.129093,0.000000,0.007231,0.130395,0.000000,0.000000,0.140000,17530
3.129093,0.000000,0.003615,0.130395,0.000000,0.000000,0.190000,17540
3.127559,0.000000,-0.074892,0.130395,0.000000,0.000000,0.240000,17550
3.129093,0.000000,0.039254,0.130395,0.000000,0.000000,0.290000,17560
3.129093,0.000000,0.019627,0.137639,0.724414,0.181103,0.340000,17570
3.127559,0.000000,-0.066886,0.137639,0.000000,0.135828,0.390000,17580
3.129093,0.000000,0.043256,0.144883,0.724414,0.282974,0.440000,17590
3.129093,0.000000,0.021628,0.152127,0.724415,0.393335,0.490000,17600
3.129093,0.000000,0.010814,0.159371,0.724414,0.476104,0.540000,17610
3.129093,0.000000,0.005407,0.166615,0.724414,0.538182,0.590000,17620
3.129093,0.000000,0.002704,0.173859,0.724414,0.584740,0.640000,17630
3.129093,0.000000,0.001352,0.188348,1.448829,0.800762,0.690000,17640
3.129093,0.000000,0.000676,0.202836,1.448828,0.962779,0.740000,17650
3.130627,0.000000,0.077037,0.231813,2.897657,1.446498,0.790000,17660
3.130627,0.000000,0.038519,0.253545,2.173244,1.628185,0.840000,17670
3.132161,0.000000,0.095959,0.282522,2.897656,1.945552,0.890000,17680
3.133695,0.000000,0.124679,0.311498,2.897659,2.183579,0.940000,17690
3.133695,0.000000,0.062339,0.340475,2.897656,2.362098,0.990000,17700
3.135229,0.000000,0.107869,0.383940,4.346487,2.858195,1.040000,17710
3.135229,0.000000,0.053934,0.420160,3.622070,3.049164,1.090000,17720
3.136763,0.000000,0.103666,0.463625,4.346487,3.373495,1.140000,17730
3.138297,0.000000,0.128532,0.514334,5.070898,3.797845,1.190000,17740
3.139831,0.000000,0.140966,0.565043,5.070901,4.116109,1.240000,17750
3.139831,0.000000,0.070483,0.615752,5.070901,4.354807,1.290000,17760
3.141365,0.000000,0.111941,0.673705,5.795318,4.714934,1.340000,17770
3.142899,0.000000,0.132670,0.731658,5.795312,4.985029,1.390000,17780
3.144433,0.000000,0.143034,0.796856,6.519729,5.368704,1.440000,17790
3.145967,0.000000,0.148216,0.862053,6.519729,5.656460,1.490000,17800
3.145967,0.000000,0.074108,0.934494,7.244146,6.053381,1.540000,17810
3.147501,0.000000,0.113753,1.006936,7.244146,6.351073,1.590000,17820
3.149035,0.000000,0.133576,1.086622,7.968557,6.755444,1.640000,17830
3.149035,0.000000,0.066788,1.166307,7.968557,7.058722,1.690000,17840
3.150568,0.000000,0.110093,1.253237,8.692968,7.467284,1.740000,17850
3.150568,0.000000,0.055047,1.340166,8.692968,7.773705,1.790000,17860
3.152102,0.000000,0.104223,1.434340,9.417391,8.184627,1.840000,17870
3.153636,0.000000,0.128811,1.521270,8.692968,8.311712,1.890000,17880
3.155170,0.000000,0.141105,1.622688,10.141802,8.769235,1.940000,17890
3.155170,0.000000,0.070552,1.724106,10.141802,9.112377,1.990000,17900
3.156704,0.000000,0.111975,1.825524,10.141802,9.369734,2.040000,17910
3.158238,0.000000,0.132687,1.926942,10.141802,9.562751,2.090000,17920
3.158238,0.000000,0.066343,2.042848,11.590624,10.069719,2.140000,17930
3.159772,0.000000,0.109871,2.158755,11.590624,10.449945,2.190000,17940
3.159772,0.000000,0.054935,2.274661,11.590648,10.735121,2.240000,17950
3.159772,0.000000,0.027468,2.397811,12.315035,11.130098,2.290000,17960
3.159772,0.000000,0.013734,2.520962,12.315035,11.426332,2.340000,17970
3.161306,0.000000,0.083566,2.651356,13.039470,11.829618,2.390000,17980
3.161306,0.000000,0.041783,2.781751,13.039446,12.132074,2.440000,17990
3.161306,0.000000,0.020892,2.919390,13.763881,12.540027,2.490000,18000
3.161306,0.000000,0.010446,3.057029,13.763881,12.845990,2.540000,18010
3.161306,0.000000,0.005223,3.194667,13.763857,13.075457,2.590000,18020
3.161306,0.000000,0.002611,3.339550,14.488292,13.428666,2.640000,18030
3.161306,0.000000,0.001306,3.484433,14.488292,13.693573,2.690000,18040
3.159772,0.000000,-0.076046,3.629316,14.488268,13.892246,2.740000,18050
3.159772,0.000000,-0.038023,3.781443,15.212703,14.222361,2.790000,18060
3.159772,0.000000,-0.019012,3.940814,15.937114,14.651050,2.840000,18070
3.159772,0.000000,-0.009506,4.100185,15.937114,14.972566,2.890000,18080
3.158238,0.000000,-0.081452,4.266800,16.661549,15.394812,2.940000,18090
3.158238,0.000000,-0.040726,4.440660,17.385960,15.892598,2.990000,18100
3.158238,0.000000,-0.020363,4.614519,17.385912,16.265926,3.040000,18110
3.158238,0.000000,-0.010182,4.788379,17.385960,16.545935,3.090000,18120
3.158238,0.000000,-0.005091,4.969482,18.110371,16.937042,3.140000,18130
3.158238,0.000000,-0.002545,5.157830,18.834734,17.411465,3.190000,18140
3.158238,0.000000,-0.001273,5.346178,18.834782,17.767294,3.240000,18150
3.159772,0.000000,0.076063,5.541770,19.559193,18.215267,3.290000,18160
3.159772,0.000000,0.038031,5.744606,20.283604,18.732351,3.340000,18170
3.159772,0.000000,0.019016,5.947442,20.283604,19.120163,3.390000,18180
3.158238,0.000000,-0.067191,6.157522,21.008015,19.592125,3.440000,18190
3.159772,0.000000,0.043104,6.360358,20.283604,19.764996,3.490000,18200
3.161306,0.000000,0.098251,6.577682,21.732426,20.256853,3.540000,18210
3.161306,0.000000,0.049126,6.787762,21.008015,20.444645,3.590000,18220
3.161306,0.000000,0.024563,7.012331,22.456837,20.947693,3.640000,18230
3.159772,0.000000,-0.064418,7.236899,22.456837,21.324978,3.690000,18240
3.161306,0.000000,0.044490,7.461467,22.456837,21.607943,3.740000,18250
3.161306,0.000000,0.022245,7.693280,23.181295,22.001282,3.790000,18260
3.161306,0.000000,0.011123,7.925093,23.181248,22.296272,3.840000,18270
3.161306,0.000000,0.005561,8.156905,23.181248,22.517517,3.890000,18280
3.159772,0.000000,-0.073919,8.395962,23.905659,22.864552,3.940000,18290
3.159772,0.000000,-0.036959,8.635018,23.905659,23.124828,3.990000,18300
3.159772,0.000000,-0.018480,8.881320,24.630165,23.501162,4.040000,18310
3.158238,0.000000,-0.085939,9.127621,24.630070,23.783390,4.090000,18320
3.158238,0.000000,-0.042970,9.381166,25.354481,24.176163,4.140000,18330
3.158238,0.000000,-0.021485,9.634710,25.354481,24.470741,4.190000,18340
3.158238,0.000000,-0.010742,9.895499,26.078892,24.872780,4.240000,18350
3.158238,0.000000,-0.005371,10.163533,26.803398,25.355434,4.290000,18360
3.158238,0.000000,-0.002686,10.424322,26.078892,25.536297,4.340000,18370
3.158238,0.000000,-0.001343,10.699599,27.527714,26.034149,4.390000,18380
3.156704,0.000000,-0.077371,10.974877,27.527809,26.407564,4.440000,18390
3.158238,0.000000,0.038014,11.250154,27.527714,26.687603,4.490000,18400
3.159772,0.000000,0.095706,11.532676,28.252125,27.078732,4.540000,18410
3.159772,0.000000,0.047853,11.822442,28.976631,27.553205,4.590000,18420
3.158238,0.000000,-0.052773,12.112207,28.976536,27.909039,4.640000,18430
3.159772,0.000000,0.050313,12.401973,28.976536,28.175911,4.690000,18440
3.159772,0.000000,0.025156,12.698983,29.701042,28.557194,4.740000,18450
3.159772,0.000000,0.012578,12.995993,29.700947,28.843132,4.790000,18460
3.159772,0.000000,0.006289,13.300247,30.425453,29.238712,4.840000,18470
3.158238,0.000000,-0.073555,13.604501,30.425358,29.535374,4.890000,18480
3.158238,0.000000,-0.036777,13.915999,31.149864,29.938997,4.940000,18490
3.158238,0.000000,-0.018389,14.234741,31.874180,30.422794,4.990000,18500
3.159772,0.000000,0.067505,14.553484,31.874275,30.785666,5.040000,18510
3.159772,0.000000,0.033752,14.879470,32.598591,31.238895,5.090000,18520
3.159772,0.000000,0.016876,15.205457,32.598686,31.578844,5.140000,18530
3.158238,0.000000,-0.068261,15.531443,32.598591,31.833782,5.190000,18540
3.159772,0.000000,0.042569,15.864674,33.323097,32.206108,5.240000,18550
3.161306,0.000000,0.097984,16.205149,34.047508,32.666458,5.290000,18560
3.159772,0.000000,-0.027707,16.545624,34.047508,33.011719,5.340000,18570
3.159772,0.000000,-0.013854,16.893341,34.771729,33.451721,5.390000,18580
3.161306,0.000000,0.069772,17.233816,34.047508,33.600670,5.440000,18590
3.161306,0.000000,0.034886,17.588779,35.496330,34.074585,5.490000,18600
3.161306,0.000000,0.017443,17.943743,35.496330,34.430023,5.540000,18610
3.159772,0.000000,-0.067978,18.298706,35.496330,34.696602,5.590000,18620
3.158238,0.000000,-0.110688,18.660913,36.220741,35.077637,5.640000,18630
3.159772,0.000000,0.021355,19.023121,36.220741,35.363411,5.690000,18640
3.159772,0.000000,0.010678,19.392570,36.944962,35.758797,5.740000,18650
3.158238,0.000000,-0.071360,19.769266,37.669563,36.236488,5.790000,18660
3.158238,0.000000,-0.035680,20.145962,37.669563,36.594757,5.840000,18670
3.158238,0.000000,-0.017840,20.529902,38.393974,37.044563,5.890000,18680
3.159772,0.000000,0.067779,20.913841,38.393974,37.381916,5.940000,18690
3.159772,0.000000,0.033890,21.305025,39.118385,37.816032,5.990000,18700
3.159772,0.000000,0.016945,21.696209,39.118385,38.141621,5.990000,18710
3.161306,0.000000,0.085172,22.080149,38.393974,38.204712,5.990000,18720
3.159772,0.000000,-0.034113,22.478577,39.842796,38.614235,5.990000,18730
3.159772,0.000000,-0.017057,22.877005,39.842796,38.921375,5.990000,18740
3.156704,-0.306797,-0.161927,23.275433,39.842796,39.151733,5.990000,18750
3.156704,0.000000,-0.080963,23.673861,39.842796,39.324501,5.990000,18760
3.158238,0.000000,0.036218,24.079533,40.567207,39.635178,5.990000,18770
3.156704,0.000000,-0.058590,24.485205,40.567207,39.868187,5.990000,18780
3.155170,0.000000,-0.105995,24.890877,40.567207,40.042942,5.990000,18790
3.155170,0.000000,-0.052997,25.289305,39.842796,39.992905,5.990000,18800
3.156704,0.000000,0.050201,25.694975,40.567017,40.136433,5.990000,18810
3.153636,-0.306797,-0.128298,26.107891,41.291618,40.425232,5.990000,18820
3.153636,0.000000,-0.064149,26.513563,40.567207,40.460724,5.990000,18830
3.153636,0.000000,-0.032075,26.911991,39.842796,40.306244,5.990000,18840
3.152102,0.000000,-0.092737,27.317663,40.567207,40.371483,5.990000,18850
3.149035,-0.306797,-0.199767,27.723335,40.567207,40.420414,5.990000,18860
3.147501,0.000000,-0.176583,28.129007,40.567207,40.457115,5.990000,18870
3.147501,0.000000,-0.088291,28.527435,39.842796,40.303535,5.990000,18880
3.145967,0.000000,-0.120845,28.933107,40.567207,40.369453,5.990000,18890
3.144433,0.000000,-0.137122,29.338779,40.567207,40.418892,0.000000,18900
3.139831,-0.460196,-0.298659,29.672010,33.323097,38.644943,0.000000,18910
3.133695,-0.613594,-0.456126,29.925556,25.354576,35.322350,0.000000,18920
3.121423,-1.227188,-0.841657,30.121147,19.559097,31.381536,0.000000,18930
3.106083,-1.533985,-1.187821,30.266029,14.488220,27.158207,0.000000,18940
3.090743,-1.533985,-1.360903,30.374693,10.866356,23.085245,0.000000,18950
3.073869,-1.687384,-1.524143,30.447134,7.244110,19.124962,0.000000,18960
3.055462,-1.840758,-1.682451,30.505087,5.795288,15.792543,0.000000,18970
3.037054,-1.840782,-1.761616,30.534063,2.897644,12.568819,0.000000,18980
3.018646,-1.840782,-1.801199,30.555796,2.173233,9.969923,0.000000,18990
3.001772,-1.687384,-1.744292,30.570284,1.448822,7.839648,0.000000,19000
2.984899,-1.687360,-1.715826,30.577528,0.724411,6.060839,0.000000,19010
2.968025,-1.687384,-1.701605,30.577528,0.000000,4.545629,0.000000,19020
2.952685,-1.533985,-1.617795,30.577528,0.000000,3.409222,0.000000,19030
2.940413,-1.227188,-1.422492,30.577528,0.000000,2.556916,0.000000,19040
2.928141,-1.227188,-1.324840,30.577528,0.000000,1.917687,0.000000,19050
2.917403,-1.073790,-1.199315,30.577528,0.000000,1.438265,0.000000,19060
2.906665,-1.073790,-1.136552,30.577528,0.000000,1.078699,0.000000,19070
2.898996,-0.766969,-0.951760,30.577528,0.000000,0.809024,0.000000,19080
2.892860,-0.613594,-0.782677,30.577528,0.000000,0.606768,0.000000,19090
2.888258,-0.460196,-0.621436,30.577528,0.000000,0.455076,0.000000,19100
2.886724,0.000000,-0.387417,30.577528,0.000000,0.341307,0.000000,19110
2.885190,0.000000,-0.270408,30.577528,0.000000,0.255980,0.000000,19120
2.885190,0.000000,-0.135204,30.577528,0.000000,0.191985,0.000000,19130
2.888258,0.306797,0.085797,30.577528,0.000000,0.143989,0.000000,19140
2.891326,0.306797,0.196297,30.577528,0.000000,0.107992,0.000000,19150
2.895928,0.460196,0.328246,30.577528,0.000000,0.080994,0.000000,19160
2.902063,0.613570,0.470908,30.577528,0.000000,0.060745,0.000000,19170
2.909733,0.766993,0.618950,30.577528,0.000000,0.045559,0.000000,19180
2.918937,0.920391,0.769671,30.577528,0.000000,0.034169,0.000000,19190
2.929675,1.073790,0.921730,30.577528,0.000000,0.025627,0.000000,19200
2.940413,1.073790,0.997760,30.577528,0.000000,0.019220,0.000000,19210
2.952685,1.227188,1.112474,30.577528,0.000000,0.014415,0.000000,19220
2.964957,1.227188,1.169831,30.577528,0.000000,0.010811,0.000000,19230
2.978763,1.380587,1.275209,30.577528,0.000000,0.008109,0.000000,19240
2.994102,1.533985,1.404597,30.577528,0.000000,0.006081,0.000000,19250
3.009442,1.533961,1.469279,30.577528,0.000000,0.004561,0.000000,19260
3.024782,1.533985,1.501632,30.577528,0.000000,0.003421,0.000000,19270
3.041656,1.687384,1.594508,30.577528,0.000000,0.002566,0.000000,19280
3.058530,1.687384,1.640946,30.577528,0.000000,0.001924,0.000000,19290
3.075403,1.687360,1.664153,30.577528,0.000000,0.001443,0.000000,19300
3.093811,1.840782,1.752468,30.577528,0.000000,0.001082,0.000000,19310
3.110685,1.687384,1.719926,30.577528,0.000000,0.000812,0.000000,19320
3.127559,1.687384,1.703655,30.577528,0.000000,0.000609,0.000000,19330
3.145967,1.840782,1.772218,30.577528,0.000000,0.000457,0.000000,19340
3.162840,1.687360,1.729789,30.577528,0.000000,0.000342,0.000000,19350
3.178180,1.533985,1.631887,30.577528,0.000000,0.000257,0.000000,19360
3.195054,1.687384,1.659635,30.577528,0.000000,0.000193,0.000000,19370
3.210394,1.533985,1.596810,30.577528,0.000000,0.000144,0.000000,19380
3.224200,1.380587,1.488698,30.577528,0.000000,0.000108,0.000000,19390
3.239539,1.533985,1.511342,30.577528,0.000000,0.000081,0.000000,19400
3.251811,1.227164,1.369253,30.577528,0.000000,0.000061,0.000000,19410
3.264083,1.227188,1.298221,30.577528,0.000000,0.000046,0.000000,19420
3.274821,1.073790,1.186005,30.577528,0.000000,0.000034,0.000000,19430
3.285559,1.073790,1.129897,30.577528,0.000000,0.000026,0.000000,19440
3.294763,0.920391,1.025144,30.577528,0.000000,0.000019,0.000000,19450
3.302433,0.766993,0.896068,30.577528,0.000000,0.000014,0.000000,19460
3.308568,0.613594,0.754831,30.577528,0.000000,0.000011,0.000000,19470
3.314704,0.613594,0.684213,30.577528,0.000000,0.000008,0.000000,19480
3.317772,0.306797,0.495505,30.577528,0.000000,0.000006,0.000000,19490
3.320840,0.306797,0.401151,30.577528,0.000000,0.000005,0.000000,19500
3.322374,0.000000,0.277275,30.577528,0.000000,0.000003,0.000000,19510
3.320840,0.000000,0.061938,30.577528,0.000000,0.000003,0.000000,19520
3.319306,0.000000,-0.045730,30.577528,0.000000,0.000002,0.000000,19530
3.316238,-0.306797,-0.176264,30.577528,0.000000,0.000001,0.000000,19540
3.313170,-0.306797,-0.241530,30.577528,0.000000,0.000001,0.000000,19550
3.308568,-0.460196,-0.350863,30.577528,0.000000,0.000001,0.000000,19560
3.302433,-0.613594,-0.482228,30.577528,0.000000,0.000001,0.000000,19570
3.294763,-0.766993,-0.624611,30.577528,0.000000,0.000000,0.000000,19580
3.287093,-0.766993,-0.695802,30.577528,0.000000,0.000000,0.000000,19590
3.277889,-0.920391,-0.808096,30.577528,0.000000,0.000000,0.000000,19600
3.268685,-0.920391,-0.864244,30.577528,0.000000,0.000000,0.000000,19610
3.257947,-1.073790,-0.969017,30.577528,0.000000,0.000000,0.000000,19620
3.247209,-1.073790,-1.021403,30.577528,0.000000,0.000000,0.000000,19630
3.236471,-1.073766,-1.047584,30.577528,0.000000,0.000000,0.000000,19640
3.224200,-1.227188,-1.137386,30.577528,0.000000,0.000000,0.000000,19650
3.211928,-1.227188,-1.182287,30.577528,0.000000,0.000000,0.000000,19660
3.198122,-1.380587,-1.281437,30.577528,0.000000,0.000000,0.000000,19670
3.185850,-1.227188,-1.254313,30.577528,0.000000,0.000000,0.000000,19680
3.172044,-1.380587,-1.317450,30.577528,0.000000,0.000000,0.000000,19690
3.158238,-1.380563,-1.349006,30.577528,0.000000,0.000000,0.000000,19700
3.144433,-1.380587,-1.364796,30.577528,0.000000,0.000000,0.000000,19710
3.132161,-1.227188,-1.295992,30.577528,0.000000,0.000000,0.000000,19720
3.118355,-1.380587,-1.338289,30.577528,0.000000,0.000000,0.000000,19730
3.104549,-1.380587,-1.359438,30.577528,0.000000,0.000000,0.000000,19740
3.092277,-1.227188,-1.293313,30.577528,0.000000,0.000000,0.000000,19750
3.080005,-1.227188,-1.260251,30.577528,0.000000,0.000000,0.000000,19760
3.067734,-1.227164,-1.243707,30.577528,0.000000,0.000000,0.000000,19770
3.056996,-1.073790,-1.158749,30.577528,0.000000,0.000000,0.000000,19780
3.046258,-1.073790,-1.116269,30.577528,0.000000,0.000000,0.000000,19790
3.037054,-0.920391,-1.018330,30.577528,0.000000,0.000000,0.000000,19800
3.027850,-0.920391,-0.969361,30.577528,0.000000,0.000000,0.000000,19810
3.018646,-0.920391,-0.944876,30.577528,0.000000,0.000000,0.000000,19820
3.010976,-0.766993,-0.855934,30.577528,0.000000,0.000000,0.000000,19830
3.004840,-0.613594,-0.734764,30.577528,0.000000,0.000000,0.000000,19840
2.998704,-0.613594,-0.674179,30.577528,0.000000,0.000000,0.000000,19850
2.995636,-0.306797,-0.490488,30.577528,0.000000,0.000000,0.000000,19860
2.991035,-0.460172,-0.475330,30.577528,0.000000,0.000000,0.000000,19870
2.987967,-0.306797,-0.391063,30.577528,0.000000,0.000000,0.000000,19880
2.986433,0.000000,-0.272231,30.577528,0.000000,0.000000,0.000000,19890
2.986433,0.000000,-0.136115,30.577528,0.000000,0.000000,0.000000,19900
2.986433,0.000000,-0.068058,30.577528,0.000000,0.000000,0.000000,19910
2.987967,0.000000,0.042670,30.577528,0.000000,0.000000,0.000000,19920
2.991035,0.306797,0.174734,30.577528,0.000000,0.000000,0.000000,19930
2.994102,0.306797,0.240765,30.577528,0.000000,0.000000,0.000000,19940
2.997170,0.306773,0.273769,30.577528,0.000000,0.000000,0.000000,19950
3.001772,0.460196,0.366982,30.577528,0.000000,0.000000,0.000000,19960
3.006374,0.460196,0.413589,30.577528,0.000000,0.000000,0.000000,19970
3.012510,0.613594,0.513592,30.577528,0.000000,0.000000,0.000000,19980
3.020180,0.766993,0.640292,30.577528,0.000000,0.000000,0.000000,19990
3.026316,0.613594,0.626943,30.577528,0.000000,0.000000,0.000000,20000
3.033986,0.766993,0.696968,30.577528,0.000000,0.000000,0.000000,20010
3.041656,0.766993,0.731980,30.577528,0.000000,0.000000,0.000000,20020
3.050860,0.920391,0.826186,30.577528,0.000000,0.000000,0.000000,20030
3.060064,0.920391,0.873288,30.577528,0.000000,0.000000,0.000000,20040
3.069268,0.920391,0.896840,30.577528,0.000000,0.000000,0.000000,20050
3.078471,0.920367,0.908603,30.577528,0.000000,0.000000,0.000000,20060
3.087675,0.920391,0.914497,30.577528,0.000000,0.000000,0.000000,20070
3.098413,1.073790,0.994143,30.577528,0.000000,0.000000,0.000000,20080
3.107617,0.920391,0.957267,30.577528,0.000000,0.000000,0.000000,20090
3.116821,0.920391,0.938829,30.577528,0.000000,0.000000,0.000000,20100
3.127559,1.073790,1.006309,30.577528,0.000000,0.000000,0.000000,20110
3.136763,0.920391,0.963350,30.577528,0.000000,0.000000,0.000000,20120
3.147501,1.073790,1.018570,30.577528,0.000000,0.000000,0.000000,20130
3.156704,0.920391,0.969481,30.577528,0.000000,0.000000,0.000000,20140
3.164374,0.766969,0.868225,30.577528,0.000000,0.000000,0.000000,20150
3.173578,0.920391,0.894308,30.577528,0.000000,0.000000,0.000000,20160
3.181248,0.766993,0.830650,30.577528,0.000000,0.000000,0.000000,20170
3.188918,0.766993,0.798821,30.577528,0.000000,0.000000,0.000000,20180
3.196588,0.766993,0.782907,30.577528,0.000000,0.000000,0.000000,20190
3.202724,0.613594,0.698251,30.577528,0.000000,0.000000,0.000000,20200
3.208860,0.613594,0.655922,30.577528,0.000000,0.000000,0.000000,20210
3.213462,0.460196,0.558059,30.577528,0.000000,0.000000,0.000000,20220
3.219598,0.613594,0.585827,30.577528,0.000000,0.000000,0.000000,20230
3.222666,0.306797,0.446312,30.577528,0.000000,0.000000,0.000000,20240
3.225734,0.306797,0.376554,30.577528,0.000000,0.000000,0.000000,20250
3.228801,0.306797,0.341676,30.577528,0.000000,0.000000,0.000000,20260
3.230335,0.000000,0.247537,30.577528,0.000000,0.000000,0.000000,20270
3.230335,0.000000,0.123769,30.577528,0.000000,0.000000,0.000000,20280
3.231869,0.000000,0.138584,30.577528,0.000000,0.000000,0.000000,20290
3.230335,0.000000,-0.007407,30.577528,0.000000,0.000000,0.000000,20300
3.230335,0.000000,-0.003704,30.577528,0.000000,0.000000,0.000000,20310
3.227268,-0.306797,-0.155250,30.577528,0.000000,0.000000,0.000000,20320
3.225734,0.000000,-0.154324,30.577528,0.000000,0.000000,0.000000,20330
3.222666,-0.306797,-0.230561,30.577528,0.000000,0.000000,0.000000,20340
3.219598,-0.306797,-0.268679,30.577528,0.000000,0.000000,0.000000,20350
3.214996,-0.460196,-0.364437,30.577528,0.000000,0.000000,0.000000,20360
3.210394,-0.460196,-0.412316,30.577528,0.000000,0.000000,0.000000,20370
3.205792,-0.460196,-0.436256,30.577528,0.000000,0.000000,0.000000,20380
3.201190,-0.460196,-0.448226,30.577528,0.000000,0.000000,0.000000,20390
3.195054,-0.613594,-0.530910,30.577528,0.000000,0.000000,0.000000,20400
3.190452,-0.460196,-0.495553,30.577528,0.000000,0.000000,0.000000,20410
3.182782,-0.766993,-0.631273,30.577528,0.000000,0.000000,0.000000,20420
3.178180,-0.460196,-0.545734,30.577528,0.000000,0.000000,0.000000,20430
3.170510,-0.766993,-0.656363,30.577528,0.000000,0.000000,0.000000,20440
3.164374,-0.613594,-0.634979,30.577528,0.000000,0.000000,0.000000,20450
3.156704,-0.766969,-0.700974,30.577528,0.000000,0.000000,0.000000,20460
3.150568,-0.613594,-0.657284,30.577528,0.000000,0.000000,0.000000,20470
3.144433,-0.613594,-0.635439,30.577528,0.000000,0.000000,0.000000,20480
3.136763,-0.766993,-0.701216,30.577528,0.000000,0.000000,0.000000,20490
3.130627,-0.613594,-0.657405,30.577528,0.000000,0.000000,0.000000,20500
3.124491,-0.613594,-0.635499,30.577528,0.000000,0.000000,0.000000,20510
3.118355,-0.613594,-0.624547,30.577528,0.000000,0.000000,0.000000,20520
3.112219,-0.613594,-0.619070,30.577528,0.000000,0.000000,0.000000,20530
3.106083,-0.613594,-0.616332,30.577528,0.000000,0.000000,0.000000,20540
3.099947,-0.613594,-0.614963,30.577528,0.000000,0.000000,0.000000,20550
3.095345,-0.460196,-0.537579,30.577528,0.000000,0.000000,0.000000,20560
3.090743,-0.460196,-0.498887,30.577528,0.000000,0.000000,0.000000,20570
3.086141,-0.460196,-0.479541,30.577528,0.000000,0.000000,0.000000,20580
3.081539,-0.460196,-0.469869,30.577528,0.000000,0.000000,0.000000,20590
3.078471,-0.306797,-0.388333,30.577528,0.000000,0.000000,0.000000,20600
3.075403,-0.306797,-0.347565,30.577528,0.000000,0.000000,0.000000,20610
3.072335,-0.306797,-0.327181,30.577528,0.000000,0.000000,0.000000,20620
3.070801,0.000000,-0.240278,30.577528,0.000000,0.000000,0.000000,20630
3.069268,0.000000,-0.196838,30.577528,0.000000,0.000000,0.000000,20640
3.067734,0.000000,-0.175118,30.577528,0.000000,0.000000,0.000000,20650
3.066200,0.000000,-0.164258,30.577528,0.000000,0.000000,0.000000,20660
3.066200,0.000000,-0.082129,30.577528,0.000000,0.000000,0.000000,20670
3.066200,0.000000,-0.041065,30.577528,0.000000,0.000000,0.000000,20680
3.067734,0.000000,0.056167,30.577528,0.000000,0.000000,0.000000,20690
3.067734,0.000000,0.028083,30.577528,0.000000,0.000000,0.000000,20700
3.069268,0.000000,0.090741,30.577528,0.000000,0.000000,0.000000,20710
3.070801,0.000000,0.122070,30.577528,0.000000,0.000000,0.000000,20720
3.072335,0.000000,0.137722,30.577528,0.000000,0.000000,0.000000,20730
3.075403,0.306797,0.222260,30.577528,0.000000,0.000000,0.000000,20740
3.078471,0.306797,0.264528,30.577528,0.000000,0.000000,0.000000,20750
3.080005,0.000000,0.208963,30.577528,0.000000,0.000000,0.000000,20760
3.083073,0.306797,0.257880,30.577528,0.000000,0.000000,0.000000,20770
3.086141,0.306797,0.282339,30.577528,0.000000,0.000000,0.000000,20780
3.090743,0.460196,0.371267,30.577528,0.000000,0.000000,0.000000,20790
3.093811,0.306797,0.339032,30.577528,0.000000,0.000000,0.000000,20800
3.096879,0.306797,0.322915,30.577528,0.000000,0.000000,0.000000,20810
3.099947,0.306797,0.314856,30.577528,0.000000,0.000000,0.000000,20820
3.104549,0.460196,0.387526,30.577528,0.000000,0.000000,0.000000,20830
3.107617,0.306797,0.347161,30.577528,0.000000,0.000000,0.000000,20840
3.112219,0.460196,0.403678,30.577528,0.000000,0.000000,0.000000,20850
3.116821,0.460196,0.431937,30.577528,0.000000,0.000000,0.000000,20860
3.119889,0.306797,0.369367,30.577528,0.000000,0.000000,0.000000,20870
3.124491,0.460196,0.414781,30.577528,0.000000,0.000000,0.000000,20880
3.127559,0.306797,0.360789,30.577528,0.000000,0.000000,0.000000,20890
3.130627,0.306797,0.333793,30.577528,0.000000,0.000000,0.000000,20900
3.135229,0.460196,0.396994,30.577528,0.000000,0.000000,0.000000,20910
3.138297,0.306797,0.351896,30.577528,0.000000,0.000000,0.000000,20920
3.141365,0.306797,0.329346,30.577528,0.000000,0.000000,0.000000,20930
3.144433,0.306797,0.318072,30.577528,0.000000,0.000000,0.000000,20940
3.147501,0.306797,0.312434,30.577528,0.000000,0.000000,0.000000,20950
3.150568,0.306797,0.309616,30.577528,0.000000,0.000000,0.000000,20960
3.152102,0.000000,0.231507,30.577528,0.000000,0.000000,0.000000,20970
3.155170,0.306797,0.269152,30.577528,0.000000,0.000000,0.000000,20980
3.156704,0.000000,0.211275,30.577528,0.000000,0.000000,0.000000,20990
3.158238,0.000000,0.182337,30.577528,0.000000,0.000000,0.000000,21000
3.159772,0.000000,0.167868,30.577528,0.000000,0.000000,0.000000,21010
3.161306,0.000000,0.160633,30.577528,0.000000,0.000000,0.000000,21020
3.161306,0.000000,0.080317,30.577528,0.000000,0.000000,0.000000,21030
3.161306,0.000000,0.040158,30.577528,0.000000,0.000000,0.000000,21040
3.162840,0.000000,0.096766,30.577528,0.000000,0.000000,0.000000,21050
3.162840,0.000000,0.048383,30.577528,0.000000,0.000000,0.000000,21060
3.161306,0.000000,-0.052496,30.577528,0.000000,0.000000,0.000000,21070
3.161306,0.000000,-0.026248,30.577528,0.000000,0.000000,0.000000,21080
3.159772,0.000000,-0.089823,30.577528,0.000000,0.000000,0.000000,21090
3.159772,0.000000,-0.044912,30.577528,0.000000,0.000000,0.000000,21100
3.158238,0.000000,-0.099155,30.577528,0.000000,0.000000,0.000000,21110
3.156704,0.000000,-0.126277,30.577528,0.000000,0.000000,0.000000,21120
3.156704,0.000000,-0.063138,30.577528,0.000000,0.000000,0.000000,21130
3.155170,0.000000,-0.108268,30.577528,0.000000,0.000000,0.000000,21140
3.153636,0.000000,-0.130833,30.577528,0.000000,0.000000,0.000000,21150
3.152102,0.000000,-0.142116,30.577528,0.000000,0.000000,0.000000,21160
3.150568,0.000000,-0.147757,30.577528,0.000000,0.000000,0.000000,21170
3.147501,-0.306797,-0.227277,30.577528,0.000000,0.000000,0.000000,21180
3.147501,0.000000,-0.113639,30.577528,0.000000,0.000000,0.000000,21190
3.145967,0.000000,-0.133519,30.577528,0.000000,0.000000,0.000000,21200
3.142899,-0.306797,-0.220158,30.577528,0.000000,0.000000,0.000000,21210
3.141365,0.000000,-0.186778,30.577528,0.000000,0.000000,0.000000,21220
3.139831,0.000000,-0.170088,30.577528,0.000000,0.000000,0.000000,21230
3.138297,0.000000,-0.161743,30.577528,0.000000,0.000000,0.000000,21240
3.136763,0.000000,-0.157571,30.577528,0.000000,0.000000,0.000000,21250
3.135229,0.000000,-0.155485,30.577528,0.000000,0.000000,0.000000,21260
3.135229,0.000000,-0.077742,30.577528,0.000000,0.000000,0.000000,21270
3.133695,0.000000,-0.115570,30.577528,0.000000,0.000000,0.000000,21280
3.132161,0.000000,-0.134484,30.577528,0.000000,0.000000,0.000000,21290
3.130627,0.000000,-0.143941,30.577528,0.000000,0.000000,0.000000,21300
3.129093,0.000000,-0.148670,30.577528,0.000000,0.000000,0.000000,21310
3.129093,0.000000,-0.074335,30.577528,0.000000,0.000000,0.000000,21320
3.127559,0.000000,-0.113867,30.577528,0.000000,0.000000,0.000000,21330
3.127559,0.000000,-0.056933,30.577528,0.000000,0.000000,0.000000,21340
3.126025,0.000000,-0.105166,30.577528,0.000000,0.000000,0.000000,21350
3.126025,0.000000,-0.052583,30.577528,0.000000,0.000000,0.000000,21360
3.124491,0.000000,-0.102991,30.577528,0.000000,0.000000,0.000000,21370
3.124491,0.000000,-0.051495,30.577528,0.000000,0.000000,0.000000,21380
3.124491,0.000000,-0.025748,30.577528,0.000000,0.000000,0.000000,21390
3.124491,0.000000,-0.012874,30.577528,0.000000,0.000000,0.000000,21400
3.124491,0.000000,-0.006437,30.577528,0.000000,0.000000,0.000000,21410
3.124491,0.000000,-0.003218,30.577528,0.000000,0.000000,0.000000,21420
3.124491,0.000000,-0.001609,30.577528,0.000000,0.000000,0.000000,21430
3.124491,0.000000,-0.000805,30.577528,0.000000,0.000000,0.000000,21440
3.124491,0.000000,-0.000402,30.577528,0.000000,0.000000,0.000000,21450
3.124491,0.000000,-0.000201,30.577528,0.000000,0.000000,0.000000,21460
3.126025,0.000000,0.076599,30.577528,0.000000,0.000000,0.000000,21470
3.126025,0.000000,0.038299,30.577528,0.000000,0.000000,0.000000,21480
3.126025,0.000000,0.019150,30.577528,0.000000,0.000000,0.000000,21490
3.126025,0.000000,0.009575,30.577528,0.000000,0.000000,0.000000,21500
3.126025,0.000000,0.004787,30.577528,0.000000,0.000000,0.000000,21510
3.126025,0.000000,0.002394,30.577528,0.000000,0.000000,0.000000,21520
3.127559,0.000000,0.077896,30.577528,0.000000,0.000000,0.000000,21530
3.127559,0.000000,0.038948,30.577528,0.000000,0.000000,0.000000,21540
3.127559,0.000000,0.019474,30.577528,0.000000,0.000000,0.000000,21550
3.127559,0.000000,0.009737,30.577528,0.000000,0.000000,0.000000,21560
3.127559,0.000000,0.004869,30.577528,0.000000,0.000000,0.000000,21570
3.127559,0.000000,0.002434,30.577528,0.000000,0.000000,0.000000,21580
3.127559,0.000000,0.001217,30.577528,0.000000,0.000000,0.000000,21590
3.127559,0.000000,0.000609,30.577528,0.000000,0.000000,0.000000,21600
3.127559,0.000000,0.000304,30.577528,0.000000,0.000000,0.000000,21610
3.127559,0.000000,0.000152,30.577528,0.000000,0.000000,0.000000,21620
3.127559,0.000000,0.000076,30.577528,0.000000,0.000000,0.000000,21630
3.127559,0.000000,0.000038,30.577528,0.000000,0.000000,0.000000,21640
3.127559,0.000000,0.000019,30.577528,0.000000,0.000000,0.000000,21650
3.127559,0.000000,0.000010,30.577528,0.000000,0.000000,0.000000,21660
3.127559,0.000000,0.000005,30.577528,0.000000,0.000000,0.000000,21670
3.127559,0.000000,0.000002,30.577528,0.000000,0.000000,0.000000,21680
3.127559,0.000000,0.000001,30.577528,0.000000,0.000000,0.000000,21690
3.127559,0.000000,0.000001,30.577528,0.000000,0.000000,0.000000,21700
3.127559,0.000000,0.000000,30.577528,0.000000,0.000000,0.000000,21710
3.127559,0.000000,0.000000,30.577528,0.000000,0.000000,0.000000,21720
3.127559,0.000000,0.000000,30.577528,0.000000,0.000000,0.000000,21730
3.127559,0.000000,0.000000,30.577528,0.000000,0.000000,0.000000,21740
3.127559,0.000000,0.000000,30.577528,0.000000,0.000000,0.000000,21750
3.127559,0.000000,0.000000,30.577528,0.000000,0.000000,0.000000,21760
3.127559,0.000000,0.000000,30.577528,0.000000,0.000000,0.000000,21770
3.127559,0.000000,0.000000,30.577528,0.000000,0.000000,0.000000,21780
3.127559,0.000000,0.000000,30.577528,0.000000,0.000000,0.000000,21790
3.127559,0.000000,0.000000,30.577528,0.000000,0.000000,0.000000,21800
3.127559,0.000000,0.000000,30.577528,0.000000,0.000000,0.000000,21810
3.127559,0.000000,0.000000,30.577528,0.000000,0.000000,0.000000,21820
3.127559,0.000000,0.000000,30.577528,0.000000,0.000000,0.000000,21830
3.127559,0.000000,0.000000,30.577528,0.000000,0.000000,0.000000,21840
3.127559,0.000000,0.000000,30.577528,0.000000,0.000000,0.000000,21850
3.127559,0.000000,0.000000,30.577528,0.000000,0.000000,0.000000,21860
3.127559,0.000000,0.000000,30.577528,0.000000,0.000000,0.000000,21870
3.127559,0.000000,0.000000,30.577528,0.000000,0.000000,0.000000,21880
3.127559,0.000000,0.000000,30.577528,0.000000,0.000000,0.000000,21890
3.127559,0.000000,0.000000,30.577528,0.000000,0.000000,0.000000,21900
3.127559,0.000000,0.000000,30.577528,0.000000,0.000000,0.000000,21910
3.127559,0.000000,0.000000,30.577528,0.000000,0.000000,0.000000,21920
3.127559,0.000000,0.000000,30.577528,0.000000,0.000000,0.000000,21930
3.127559,0.000000,0.000000,30.577528,0.000000,0.000000,0.000000,21940
3.127559,0.000000,0.000000,30.577528,0.000000,0.000000,0.000000,21950
3.127559,0.000000,0.000000,30.577528,0.000000,0.000000,0.000000,21960
3.127559,0.000000,0.000000,30.577528,0.000000,0.000000,0.000000,21970
3.127559,0.000000,0.000000,30.577528,0.000000,0.000000,0.000000,21980
3.127559,0.000000,0.000000,30.577528,0.000000,0.000000,0.000000,21990
3.127559,0.000000,0.000000,30.577528,0.000000,0.000000,0.000000,22000
3.127559,0.000000,0.000000,30.577528,0.000000,0.000000,0.000000,22010
3.127559,0.000000,0.000000,30.577528,0.000000,0.000000,0.000000,22020
3.127559,0.000000,0.000000,30.577528,0.000000,0.000000,0.000000,22030
3.127559,0.000000,0.000000,30.577528,0.000000,0.000000,0.000000,22040
3.127559,0.000000,0.000000,30.577528,0.000000,0.000000,0.000000,22050
3.127559,0.000000,0.000000,30.577528,0.000000,0.000000,0.000000,22060
3.127559,0.000000,0.000000,30.577528,0.000000,0.000000,0.000000,22070
3.127559,0.000000,0.000000,30.577528,0.000000,0.000000,0.000000,22080
3.127559,0.000000,0.000000,30.577528,0.000000,0.000000,0.000000,22090
3.127559,0.000000,0.000000,30.577528,0.000000,0.000000,0.000000,22100
3.127559,0.000000,0.000000,30.577528,0.000000,0.000000,0.000000,22110
3.127559,0.000000,0.000000,30.577528,0.000000,0.000000,0.000000,22120
3.127559,0.000000,0.000000,30.577528,0.000000,0.000000,0.000000,22130
3.127559,0.000000,0.000000,30.577528,0.000000,0.000000,0.000000,22140
3.127559,0.000000,0.000000,30.577528,0.000000,0.000000,0.000000,22150
3.127559,0.000000,0.000000,30.577528,0.000000,0.000000,0.000000,22160
3.127559,0.000000,0.000000,30.577528,0.000000,0.000000,0.000000,22170
3.127559,0.000000,0.000000,30.577528,0.000000,0.000000,0.000000,22180
3.127559,0.000000,0.000000,30.577528,0.000000,0.000000,0.000000,22190
3.127559,0.000000,0.000000,30.577528,0.000000,0.000000,0.000000,22200
3.127559,0.000000,0.000000,30.577528,0.000000,0.000000,0.000000,22210
3.127559,0.000000,0.000000,30.577528,0.000000,0.000000,0.000000,22220
3.127559,0.000000,0.000000,30.577528,0.000000,0.000000,0.000000,22230
3.127559,0.000000,0.000000,30.577528,0.000000,0.000000,0.000000,22240
3.127559,0.000000,0.000000,30.577528,0.000000,0.000000,0.000000,22250
3.127559,0.000000,0.000000,30.577528,0.000000,0.000000,0.000000,22260
3.127559,0.000000,0.000000,30.577528,0.000000,0.000000,0.000000,22270
3.127559,0.000000,0.000000,30.577528,0.000000,0.000000,0.000000,22280
3.127559,0.000000,0.000000,30.577528,0.000000,0.000000,0.000000,22290
3.127559,0.000000,0.000000,30.577528,0.000000,0.000000,0.000000,22300
3.127559,0.000000,0.000000,30.577528,0.000000,0.000000,0.000000,22310
3.127559,0.000000,0.000000,30.577528,0.000000,0.000000,0.000000,22320
3.127559,0.000000,0.000000,30.577528,0.000000,0.000000,0.000000,22330
3.127559,0.000000,0.000000,30.577528,0.000000,0.000000,0.000000,22340
3.127559,0.000000,0.000000,30.577528,0.000000,0.000000,0.000000,22350
3.127559,0.000000,0.000000,30.577528,0.000000,0.000000,0.000000,22360
3.127559,0.000000,0.000000,30.577528,0.000000,0.000000,0.000000,22370
3.127559,0.000000,0.000000,30.577528,0.000000,0.000000,0.000000,22380
3.127559,0.000000,0.000000,30.577528,0.000000,0.000000,0.000000,22390
3.127559,0.000000,0.000000,30.577528,0.000000,0.000000,0.000000,22400
3.127559,0.000000,0.000000,30.577528,0.000000,0.000000,0.000000,22410
3.127559,0.000000,0.000000,30.577528,0.000000,0.000000,0.000000,22420
3.127559,0.000000,0.000000,30.577528,0.000000,0.000000,0.000000,22430
3.127559,0.000000,0.000000,30.577528,0.000000,0.000000,0.000000,22440
3.127559,0.000000,0.000000,30.577528,0.000000,0.000000,0.000000,22450
3.127559,0.000000,0.000000,30.577528,0.000000,0.000000,0.000000,22460
3.127559,0.000000,0.000000,30.577528,0.000000,0.000000,0.000000,22470
3.127559,0.000000,0.000000,30.577528,0.000000,0.000000,0.000000,22480
3.127559,0.000000,0.000000,30.577528,0.000000,0.000000,0.000000,22490
3.127559,0.000000,0.000000,30.577528,0.000000,0.000000,0.000000,22500
3.127559,0.000000,0.000000,30.577528,0.000000,0.000000,0.000000,22510
3.127559,0.000000,0.000000,30.577528,0.000000,0.000000,0.000000,22520
3.127559,0.000000,0.000000,30.577528,0.000000,0.000000,0.000000,22530
3.127559,0.000000,0.000000,30.577528,0.000000,0.000000,0.000000,22540
3.127559,0.000000,0.000000,30.577528,0.000000,0.000000,0.000000,22550
3.127559,0.000000,0.000000,30.577528,0.000000,0.000000,0.000000,22560
3.127559,0.000000,0.000000,30.577528,0.000000,0.000000,0.000000,22570
3.127559,0.000000,0.000000,30.577528,0.000000,0.000000,0.000000,22580
3.127559,0.000000,0.000000,30.577528,0.000000,0.000000,0.000000,22590
3.127559,0.000000,0.000000,30.577528,0.000000,0.000000,0.000000,22600
3.127559,0.000000,0.000000,30.577528,0.000000,0.000000,0.000000,22610
3.127559,0.000000,0.000000,30.577528,0.000000,0.000000,0.000000,22620
3.127559,0.000000,0.000000,30.577528,0.000000,0.000000,0.000000,22630
3.127559,0.000000,0.000000,30.577528,0.000000,0.000000,0.000000,22640
3.127559,0.000000,0.000000,30.577528,0.000000,0.000000,0.000000,22650
3.127559,0.000000,0.000000,30.577528,0.000000,0.000000,0.000000,22660
3.127559,0.000000,0.000000,30.577528,0.000000,0.000000,0.000000,22670
3.127559,0.000000,0.000000,30.577528,0.000000,0.000000,0.000000,22680
3.127559,0.000000,0.000000,30.577528,0.000000,0.000000,0.000000,22690
3.127559,0.000000,0.000000,30.577528,0.000000,0.000000,0.000000,22700
3.127559,0.000000,0.000000,30.577528,0.000000,0.000000,0.000000,22710
3.127559,0.000000,0.000000,30.577528,0.000000,0.000000,0.000000,22720
3.127559,0.000000,0.000000,30.577528,0.000000,0.000000,0.000000,22730
3.127559,0.000000,0.000000,30.577528,0.000000,0.000000,0.000000,22740
3.127559,0.000000,0.000000,30.577528,0.000000,0.000000,0.000000,22750
3.127559,0.000000,0.000000,30.577528,0.000000,0.000000,0.000000,22760
3.127559,0.000000,0.000000,30.577528,0.000000,0.000000,0.000000,22770
3.127559,0.000000,0.000000,30.577528,0.000000,0.000000,0.000000,22780
3.127559,0.000000,0.000000,30.577528,0.000000,0.000000,0.000000,22790
3.127559,0.000000,0.000000,30.577528,0.000000,0.000000,0.000000,22800
3.127559,0.000000,0.000000,30.577528,0.000000,0.000000,0.000000,22810
3.127559,0.000000,0.000000,30.577528,0.000000,0.000000,0.000000,22820
3.127559,0.000000,0.000000,30.577528,0.000000,0.000000,0.000000,22830
3.127559,0.000000,0.000000,30.577528,0.000000,0.000000,0.000000,22840
3.127559,0.000000,0.000000,30.577528,0.000000,0.000000,0.000000,22850
3.127559,0.000000,0.000000,30.577528,0.000000,0.000000,0.000000,22860
3.127559,0.000000,0.000000,30.577528,0.000000,0.000000,0.000000,22870
3.127559,0.000000,0.000000,30.577528,0.000000,0.000000,0.000000,22880
3.127559,0.000000,0.000000,30.577528,0.000000,0.000000,0.000000,22890
3.127559,0.000000,0.000000,30.577528,0.000000,0.000000,0.000000,22900
3.127559,0.000000,0.000000,30.577528,0.000000,0.000000,0.000000,22910
3.127559,0.000000,0.000000,30.577528,0.000000,0.000000,0.000000,22920
3.127559,0.000000,0.000000,30.577528,0.000000,0.000000,0.000000,22930
3.127559,0.000000,0.000000,30.577528,0.000000,0.000000,0.000000,22940
3.127559,0.000000,0.000000,30.577528,0.000000,0.000000,0.000000,22950
3.127559,0.000000,0.000000,30.577528,0.000000,0.000000,0.000000,22960
3.127559,0.000000,0.000000,30.577528,0.000000,0.000000,0.000000,22970
3.127559,0.000000,0.000000,30.577528,0.000000,0.000000,0.000000,22980
3.127559,0.000000,0.000000,30.577528,0.000000,0.000000,0.000000,22990
3.127559,0.000000,0.000000,30.577528,0.000000,0.000000,0.000000,23000
3.127559,0.000000,0.000000,30.577528,0.000000,0.000000,0.000000,23010
3.127559,0.000000,0.000000,30.577528,0.000000,0.000000,0.000000,23020
3.127559,0.000000,0.000000,30.577528,0.000000,0.000000,0.000000,23030
3.127559,0.000000,0.000000,30.577528,0.000000,0.000000,0.000000,23040
3.127559,0.000000,0.000000,30.577528,0.000000,0.000000,0.000000,23050
3.127559,0.000000,0.000000,30.577528,0.000000,0.000000,0.000000,23060
3.127559,0.000000,0.000000,30.577528,0.000000,0.000000,0.000000,23070
3.127559,0.000000,0.000000,30.577528,0.000000,0.000000,0.000000,23080
3.127559,0.000000,0.000000,30.577528,0.000000,0.000000,0.000000,23090
3.127559,0.000000,0.000000,30.577528,0.000000,0.000000,0.000000,23100
3.127559,0.000000,0.000000,30.577528,0.000000,0.000000,0.000000,23110
3.127559,0.000000,0.000000,30.577528,0.000000,0.000000,0.000000,23120
3.127559,0.000000,0.000000,30.577528,0.000000,0.000000,0.000000,23130
3.127559,0.000000,0.000000,30.577528,0.000000,0.000000,0.000000,23140
3.127559,0.000000,0.000000,30.577528,0.000000,0.000000,0.000000,23150
3.127559,0.000000,0.000000,30.577528,0.000000,0.000000,0.000000,23160
3.127559,0.000000,0.000000,30.577528,0.000000,0.000000,0.000000,23170
3.127559,0.000000,0.000000,30.577528,0.000000,0.000000,0.000000,23180
3.127559,0.000000,0.000000,30.577528,0.000000,0.000000,0.000000,23190
3.127559,0.000000,0.000000,30.577528,0.000000,0.000000,0.000000,23200
3.127559,0.000000,0.000000,30.577528,0.000000,0.000000,0.000000,23210
3.127559,0.000000,0.000000,30.577528,0.000000,0.000000,0.000000,23220
3.127559,0.000000,0.000000,30.577528,0.000000,0.000000,0.000000,23230
3.127559,0.000000,0.000000,30.577528,0.000000,0.000000,0.000000,23240
3.127559,0.000000,0.000000,30.577528,0.000000,0.000000,0.000000,23250
3.127559,0.000000,0.000000,30.577528,0.000000,0.000000,0.000000,23260
3.127559,0.000000,0.000000,30.577528,0.000000,0.000000,0.000000,23270
3.127559,0.000000,0.000000,30.577528,0.000000,0.000000,0.000000,23280
3.127559,0.000000,0.000000,30.577528,0.000000,0.000000,0.000000,23290
3.127559,0.000000,0.000000,30.577528,0.000000,0.000000,0.000000,23300
3.127559,0.000000,0.000000,30.577528,0.000000,0.000000,0.000000,23310
3.127559,0.000000,0.000000,30.577528,0.000000,0.000000,0.000000,23320
3.127559,0.000000,0.000000,30.577528,0.000000,0.000000,0.000000,23330
3.127559,0.000000,0.000000,30.577528,0.000000,0.000000,0.000000,23340
3.127559,0.000000,0.000000,30.577528,0.000000,0.000000,0.000000,23350
3.127559,0.000000,0.000000,30.577528,0.000000,0.000000,0.000000,23360
3.127559,0.000000,0.000000,30.577528,0.000000,0.000000,0.000000,23370
3.127559,0.000000,0.000000,30.577528,0.000000,0.000000,0.000000,23380
3.127559,0.000000,0.000000,30.577528,0.000000,0.000000,0.000000,23390
3.127559,0.000000,0.000000,30.577528,0.000000,0.000000,0.000000,23400
3.127559,0.000000,0.000000,30.577528,0.000000,0.000000,0.000000,23410
3.127559,0.000000,0.000000,30.577528,0.000000,0.000000,0.000000,23420
3.127559,0.000000,0.000000,30.577528,0.000000,0.000000,0.000000,23430
3.127559,0.000000,0.000000,30.577528,0.000000,0.000000,0.000000,23440
3.127559,0.000000,0.000000,30.577528,0.000000,0.000000,0.000000,23450
3.127559,0.000000,0.000000,30.577528,0.000000,0.000000,0.000000,23460
3.127559,0.000000,0.000000,30.577528,0.000000,0.000000,0.000000,23470
3.127559,0.000000,0.000000,30.577528,0.000000,0.000000,0.000000,23480
3.127559,0.000000,0.000000,30.577528,0.000000,0.000000,0.000000,23490
3.127559,0.000000,0.000000,30.577528,0.000000,0.000000,0.000000,23500
3.127559,0.000000,0.000000,30.577528,0.000000,0.000000,0.000000,23510
3.127559,0.000000,0.000000,30.577528,0.000000,0.000000,0.000000,23520
3.127559,0.000000,0.000000,30.577528,0.000000,0.000000,0.000000,23530
3.127559,0.000000,0.000000,30.577528,0.000000,0.000000,0.000000,23540
3.127559,0.000000,0.000000,30.577528,0.000000,0.000000,0.000000,23550
3.127559,0.000000,0.000000,30.577528,0.000000,0.000000,0.000000,23560
3.127559,0.000000,0.000000,30.577528,0.000000,0.000000,0.000000,23570
3.127559,0.000000,0.000000,30.577528,0.000000,0.000000,0.000000,23580
3.127559,0.000000,0.000000,30.577528,0.000000,0.000000,0.000000,23590
3.127559,0.000000,0.000000,30.577528,0.000000,0.000000,0.000000,23600
3.127559,0.000000,0.000000,30.577528,0.000000,0.000000,0.000000,23610
3.127559,0.000000,0.000000,30.577528,0.000000,0.000000,0.000000,23620
3.127559,0.000000,0.000000,30.577528,0.000000,0.000000,0.000000,23630
3.127559,0.000000,0.000000,30.577528,0.000000,0.000000,0.000000,23640
3.127559,0.000000,0.000000,30.577528,0.000000,0.000000,0.000000,23650
3.127559,0.000000,0.000000,30.577528,0.000000,0.000000,0.000000,23660
3.127559,0.000000,0.000000,30.577528,0.000000,0.000000,0.000000,23670
3.127559,0.000000,0.000000,30.577528,0.000000,0.000000,0.000000,23680
3.127559,0.000000,0.000000,30.577528,0.000000,0.000000,0.000000,23690
3.127559,0.000000,0.000000,30.577528,0.000000,0.000000,0.000000,23700
3.127559,0.000000,0.000000,30.577528,0.000000,0.000000,0.000000,23710
3.127559,0.000000,0.000000,30.577528,0.000000,0.000000,0.000000,23720
3.127559,0.000000,0.000000,30.577528,0.000000,0.000000,0.000000,23730
3.127559,0.000000,0.000000,30.577528,0.000000,0.000000,0.000000,23740
3.127559,0.000000,0.000000,30.577528,0.000000,0.000000,0.000000,23750
3.127559,0.000000,0.000000,30.577528,0.000000,0.000000,0.000000,23760
3.127559,0.000000,0.000000,30.577528,0.000000,0.000000,0.000000,23770
3.127559,0.000000,0.000000,30.577528,0.000000,0.000000,0.000000,23780
3.127559,0.000000,0.000000,30.577528,0.000000,0.000000,0.000000,23790
3.127559,0.000000,0.000000,30.577528,0.000000,0.000000,0.000000,23800
3.127559,0.000000,0.000000,30.577528,0.000000,0.000000,0.000000,23810
3.127559,0.000000,0.000000,30.577528,0.000000,0.000000,0.000000,23820
3.127559,0.000000,0.000000,30.577528,0.000000,0.000000,0.000000,23830
3.127559,0.000000,0.000000,30.577528,0.000000,0.000000,0.000000,23840
3.127559,0.000000,0.000000,30.577528,0.000000,0.000000,0.000000,23850
3.127559,0.000000,0.000000,30.577528,0.000000,0.000000,0.000000,23860
3.127559,0.000000,0.000000,30.577528,0.000000,0.000000,0.000000,23870
3.127559,0.000000,0.000000,30.577528,0.000000,0.000000,0.000000,23880
3.127559,0.000000,0.000000,30.577528,0.000000,0.000000,0.000000,23890
3.127559,0.000000,0.000000,30.577528,0.000000,0.000000,0.000000,23900
3.127559,0.000000,0.000000,30.577528,0.000000,0.000000,0.000000,23910
3.127559,0.000000,0.000000,30.577528,0.000000,0.000000,0.000000,23920
3.127559,0.000000,0.000000,30.577528,0.000000,0.000000,0.000000,23930
3.127559,0.000000,0.000000,30.577528,0.000000,0.000000,0.000000,23940
3.127559,0.000000,0.000000,30.577528,0.000000,0.000000,0.000000,23950
3.127559,0.000000,0.000000,30.577528,0.000000,0.000000,0.000000,23960
3.127559,0.000000,0.000000,30.577528,0.000000,0.000000,0.000000,23970
3.127559,0.000000,0.000000,30.577528,0.000000,0.000000,0.000000,23980
3.127559,0.000000,0.000000,30.577528,0.000000,0.000000,0.000000,23990
3.127559,0.000000,0.000000,30.577528,0.000000,0.000000,0.000000,24000
3.127559,0.000000,0.000000,30.577528,0.000000,0.000000,0.000000,24010
3.127559,0.000000,0.000000,30.577528,0.000000,0.000000,0.000000,24020
3.127559,0.000000,0.000000,30.577528,0.000000,0.000000,0.000000,24030
3.127559,0.000000,0.000000,30.577528,0.000000,0.000000,0.000000,24040
3.127559,0.000000,0.000000,30.577528,0.000000,0.000000,0.000000,24050
3.127559,0.000000,0.000000,30.577528,0.000000,0.000000,0.000000,24060
3.127559,0.000000,0.000000,30.577528,0.000000,0.000000,0.000000,24070
3.127559,0.000000,0.000000,30.577528,0.000000,0.000000,0.000000,24080
3.127559,0.000000,0.000000,30.577528,0.000000,0.000000,0.000000,24090
3.127559,0.000000,0.000000,30.577528,0.000000,0.000000,0.000000,24100
3.127559,0.000000,0.000000,30.577528,0.000000,0.000000,0.000000,24110
3.127559,0.000000,0.000000,30.577528,0.000000,0.000000,0.000000,24120
3.127559,0.000000,0.000000,30.577528,0.000000,0.000000,0.000000,24130