3.181248,0.000000,0.003302,0.137639,0.000000,0.000000,0.000000,5890
3.181248,0.000000,0.001651,0.137639,0.000000,0.000000,0.000000,5900
3.181248,0.000000,0.000825,0.137639,0.000000,0.000000,0.000000,5910
3.179714,0.000000,-0.076287,0.137639,0.000000,0.000000,0.000000,5920
3.179714,0.000000,-0.038143,0.137639,0.000000,0.000000,0.000000,5930
3.178180,0.000000,-0.095771,0.137639,0.000000,0.000000,0.000000,5940
3.178180,0.000000,-0.047885,0.137639,0.000000,0.000000,0.000000,5950
3.176646,0.000000,-0.100642,0.137639,0.000000,0.000000,0.000000,5960
3.175112,0.000000,-0.127020,0.137639,0.000000,0.000000,0.000000,5970
3.173578,0.000000,-0.140209,0.137639,0.000000,0.000000,0.000000,5980
3.172044,0.000000,-0.146804,0.137639,0.000000,0.000000,0.000000,5990
3.170510,0.000000,-0.150101,0.137639,0.000000,0.000000,0.000000,6000
3.168976,0.000000,-0.151750,0.137639,0.000000,0.000000,0.000000,6010
3.165908,-0.306797,-0.229273,0.137639,0.000000,0.000000,0.000000,6020
3.164374,0.000000,-0.191336,0.137639,0.000000,0.000000,0.000000,6030
3.161306,-0.306773,-0.249055,0.137639,0.000000,0.000000,0.000000,6040
3.159772,0.000000,-0.201227,0.137639,0.000000,0.000000,0.000000,6050
3.156704,-0.306797,-0.254012,0.137639,0.000000,0.000000,0.000000,6060
3.155170,0.000000,-0.203705,0.137639,0.000000,0.000000,0.000000,6070
3.152102,-0.306797,-0.255251,0.137639,0.000000,0.000000,0.000000,6080
3.150568,0.000000,-0.204325,0.137639,0.000000,0.000000,0.000000,6090
3.147501,-0.306797,-0.255561,0.137639,0.000000,0.000000,0.000000,6100
3.144433,-0.306797,-0.281179,0.137639,0.000000,0.000000,0.000000,6110
3.142899,0.000000,-0.217289,0.137639,0.000000,0.000000,0.000000,6120
3.139831,-0.306797,-0.262043,0.137639,0.000000,0.000000,0.000000,6130
3.136763,-0.306797,-0.284420,0.137639,0.000000,0.000000,0.000000,6140
3.133695,-0.306797,-0.295608,0.137639,0.000000,0.000000,0.000000,6150
3.130627,-0.306797,-0.301203,0.137639,0.000000,0.000000,0.000000,6160
3.127559,-0.306797,-0.304000,0.137639,0.000000,0.000000,0.000000,6170
3.126025,0.000000,-0.228699,0.137639,0.000000,0.000000,0.000000,6180
3.122957,-0.306797,-0.267748,0.137639,0.000000,0.000000,0.000000,6190
3.119889,-0.306797,-0.287273,0.137639,0.000000,0.000000,0.000000,6200
3.116821,-0.306797,-0.297035,0.137639,0.000000,0.000000,0.000000,6210
3.115287,0.000000,-0.225217,0.137639,0.000000,0.000000,0.000000,6220
3.112219,-0.306797,-0.266007,0.137639,0.000000,0.000000,0.000000,6230
3.110685,0.000000,-0.209703,0.137639,0.000000,0.000000,0.000000,6240
3.107617,-0.306797,-0.258250,0.137639,0.000000,0.000000,0.000000,6250
3.104549,-0.306797,-0.282523,0.137639,0.000000,0.000000,0.000000,6260
3.103015,0.000000,-0.217961,0.137639,0.000000,0.000000,0.000000,6270
3.099947,-0.306797,-0.262379,0.137639,0.000000,0.000000,0.000000,6280
3.098413,0.000000,-0.207889,0.137639,0.000000,0.000000,0.000000,6290
3.096879,0.000000,-0.180644,0.137639,0.000000,0.000000,0.000000,6300
3.093811,-0.306797,-0.243720,0.137639,0.000000,0.000000,0.000000,6310
3.092277,0.000000,-0.198559,0.137639,0.000000,0.000000,0.000000,6320
3.090743,0.000000,-0.175979,0.137639,0.000000,0.000000,0.000000,6330
3.089209,0.000000,-0.164689,0.137639,0.000000,0.000000,0.000000,6340
3.087675,0.000000,-0.159044,0.137639,0.000000,0.000000,0.000000,6350
3.086141,0.000000,-0.156221,0.137639,0.000000,0.000000,0.000000,6360
3.084607,0.000000,-0.154810,0.137639,0.000000,0.000000,0.000000,6370
3.083073,0.000000,-0.154104,0.137639,0.000000,0.000000,0.000000,6380
3.083073,0.000000,-0.077052,0.137639,0.000000,0.000000,0.000000,6390
3.081539,0.000000,-0.115225,0.137639,0.000000,0.000000,0.000000,6400
3.081539,0.000000,-0.057613,0.137639,0.000000,0.000000,0.000000,6410
3.081539,0.000000,-0.028806,0.137639,0.000000,0.000000,0.000000,6420
3.080005,0.000000,-0.091102,0.137639,0.000000,0.000000,0.000000,6430
3.080005,0.000000,-0.045551,0.137639,0.000000,0.000000,0.000000,6440
3.080005,0.000000,-0.022776,0.137639,0.000000,0.000000,0.000000,6450
3.080005,0.000000,-0.011388,0.137639,0.000000,0.000000,0.000000,6460
3.080005,0.000000,-0.005694,0.137639,0.000000,0.000000,0.000000,6470
3.081539,0.000000,0.073852,0.137639,0.000000,0.000000,0.000000,6480
3.081539,0.000000,0.036926,0.137639,0.000000,0.000000,0.000000,6490
3.081539,0.000000,0.018463,0.137639,0.000000,0.000000,0.000000,6500
3.083073,0.000000,0.085931,0.137639,0.000000,0.000000,0.000000,6510
3.083073,0.000000,0.042965,0.137639,0.000000,0.000000,0.000000,6520
3.084607,0.000000,0.098182,0.137639,0.000000,0.000000,0.000000,6530
3.084607,0.000000,0.049091,0.137639,0.000000,0.000000,0.000000,6540
3.087675,0.306797,0.177944,0.137639,0.000000,0.000000,0.000000,6550
3.087675,0.000000,0.088972,0.137639,0.000000,0.000000,0.000000,6560
3.089209,0.000000,0.121185,0.137639,0.000000,0.000000,0.000000,6570
3.090743,0.000000,0.137292,0.137639,0.000000,0.000000,0.000000,6580
3.092277,0.000000,0.145345,0.137639,0.000000,0.000000,0.000000,6590
3.093811,0.000000,0.149372,0.137639,0.000000,0.000000,0.000000,6600
3.096879,0.306797,0.228084,0.137639,0.000000,0.000000,0.000000,6610
3.098413,0.000000,0.190741,0.137639,0.000000,0.000000,0.000000,6620
3.099947,0.000000,0.172070,0.137639,0.000000,0.000000,0.000000,6630
3.103015,0.306797,0.239434,0.137639,0.000000,0.000000,0.000000,6640
3.104549,0.000000,0.196416,0.137639,0.000000,0.000000,0.000000,6650
3.106083,0.000000,0.174907,0.137639,0.000000,0.000000,0.000000,6660
3.109151,0.306797,0.240852,0.137639,0.000000,0.000000,0.000000,6670
3.112219,0.306797,0.273825,0.137639,0.000000,0.000000,0.000000,6680
3.113753,0.000000,0.213612,0.137639,0.000000,0.000000,0.000000,6690
3.115287,0.000000,0.183505,0.137639,0.000000,0.000000,0.000000,6700
3.118355,0.306797,0.245151,0.137639,0.000000,0.000000,0.000000,6710
3.121423,0.306797,0.275974,0.137639,0.000000,0.000000,0.000000,6720
3.122957,0.000000,0.214686,0.137639,0.000000,0.000000,0.000000,6730
3.124491,0.000000,0.184042,0.137639,0.000000,0.000000,0.000000,6740
3.127559,0.306797,0.245420,0.137639,0.000000,0.000000,0.000000,6750
3.130627,0.306797,0.276108,0.137639,0.000000,0.000000,0.000000,6760
3.132161,0.000000,0.214753,0.137639,0.000000,0.000000,0.000000,6770
3.135229,0.306797,0.260775,0.137639,0.000000,0.000000,0.000000,6780
3.136763,0.000000,0.207087,0.137639,0.000000,0.000000,0.000000,6790
3.139831,0.306797,0.256942,0.137639,0.000000,0.000000,0.000000,6800
3.141365,0.000000,0.205170,0.137639,0.000000,0.000000,0.000000,6810
3.144433,0.306797,0.255984,0.137639,0.000000,0.000000,0.000000,6820
3.145967,0.000000,0.204691,0.137639,0.000000,0.000000,0.000000,6830
3.147501,0.000000,0.179045,0.137639,0.000000,0.000000,0.000000,6840
3.150568,0.306797,0.242921,0.137639,0.000000,0.000000,0.000000,6850
3.152102,0.000000,0.198160,0.137639,0.000000,0.000000,0.000000,6860
3.153636,0.000000,0.175779,0.137639,0.000000,0.000000,0.000000,6870
3.155170,0.000000,0.164589,0.137639,0.000000,0.000000,0.000000,6880
3.156704,0.000000,0.158994,0.137639,0.000000,0.000000,0.000000,6890
3.158238,0.000000,0.156196,0.137639,0.000000,0.000000,0.000000,6900
3.159772,0.000000,0.154797,0.137639,0.000000,0.000000,0.000000,6910
3.161306,0.000000,0.154098,0.137639,0.000000,0.000000,0.000000,6920
3.162840,0.000000,0.153736,0.137639,0.000000,0.000000,0.000000,6930
3.164374,0.000000,0.153567,0.137639,0.000000,0.000000,0.000000,6940
3.165908,0.000000,0.153483,0.137639,0.000000,0.000000,0.000000,6950
3.165908,0.000000,0.076741,0.137639,0.000000,0.000000,0.000000,6960
3.167442,0.000000,0.115070,0.137639,0.000000,0.000000,0.000000,6970
3.167442,0.000000,0.057535,0.137639,0.000000,0.000000,0.000000,6980
3.167442,0.000000,0.028768,0.137639,0.000000,0.000000,0.000000,6990
3.168976,0.000000,0.091083,0.137639,0.000000,0.000000,0.000000,7000
3.168976,0.000000,0.045542,0.137639,0.000000,0.000000,0.000000,7010
3.168976,0.000000,0.022771,0.137639,0.000000,0.000000,0.000000,7020
3.168976,0.000000,0.011385,0.137639,0.000000,0.000000,0.000000,7030
3.168976,0.000000,0.005693,0.137639,0.000000,0.000000,0.000000,7040
3.168976,0.000000,0.002846,0.137639,0.000000,0.000000,0.000000,7050
3.168976,0.000000,0.001423,0.137639,0.000000,0.000000,0.000000,7060
3.167442,0.000000,-0.075988,0.137639,0.000000,0.000000,0.000000,7070
3.167442,0.000000,-0.037994,0.137639,0.000000,0.000000,0.000000,7080
3.167442,0.000000,-0.018997,0.137639,0.000000,0.000000,0.000000,7090
3.165908,0.000000,-0.086198,0.137639,0.000000,0.000000,0.000000,7100
3.164374,0.000000,-0.119798,0.137639,0.000000,0.000000,0.000000,7110
3.164374,0.000000,-0.059899,0.137639,0.000000,0.000000,0.000000,7120
3.162840,0.000000,-0.106649,0.137639,0.000000,0.000000,0.000000,7130
3.161306,0.000000,-0.130012,0.137639,0.000000,0.000000,0.000000,7140
3.159772,0.000000,-0.141705,0.137639,0.000000,0.000000,0.000000,7150
3.159772,0.000000,-0.070853,0.137639,0.000000,0.000000,0.000000,7160
3.156704,-0.306797,-0.188825,0.137639,0.000000,0.000000,0.000000,7170
3.156704,0.000000,-0.094412,0.137639,0.000000,0.000000,0.000000,7180
3.155170,0.000000,-0.123905,0.137639,0.000000,0.000000,0.000000,7190
3.153636,0.000000,-0.138652,0.137639,0.000000,0.000000,0.000000,7200
3.150568,-0.306797,-0.222724,0.137639,0.000000,0.000000,0.000000,7210
3.149035,0.000000,-0.188062,0.137639,0.000000,0.000000,0.000000,7220
3.147501,0.000000,-0.170730,0.137639,0.000000,0.000000,0.000000,7230
3.145967,0.000000,-0.162064,0.137639,0.000000,0.000000,0.000000,7240
3.142899,-0.306797,-0.234431,0.137639,0.000000,0.000000,0.000000,7250
3.141365,0.000000,-0.193915,0.137639,0.000000,0.000000,0.000000,7260
3.139831,0.000000,-0.173657,0.137639,0.000000,0.000000,0.000000,7270
3.138297,0.000000,-0.163528,0.137639,0.000000,0.000000,0.000000,7280
3.135229,-0.306797,-0.235162,0.137639,0.000000,0.000000,0.000000,7290
3.133695,0.000000,-0.194280,0.137639,0.000000,0.000000,0.000000,7300
3.132161,0.000000,-0.173839,0.137639,0.000000,0.000000,0.000000,7310
3.129093,-0.306797,-0.240318,0.137639,0.000000,0.000000,0.000000,7320
3.127559,0.000000,-0.196858,0.137639,0.000000,0.000000,0.000000,7330
3.124491,-0.306797,-0.251828,0.137639,0.000000,0.000000,0.000000,7340
3.122957,0.000000,-0.202613,0.137639,0.000000,0.000000,0.000000,7350
3.121423,0.000000,-0.178006,0.137639,0.000000,0.000000,0.000000,7360
3.119889,0.000000,-0.165702,0.137639,0.000000,0.000000,0.000000,7370
3.116821,-0.306797,-0.236250,0.137639,0.000000,0.000000,0.000000,7380
3.115287,0.000000,-0.194824,0.137639,0.000000,0.000000,0.000000,7390
3.113753,0.000000,-0.174111,0.137639,0.000000,0.000000,0.000000,7400
3.112219,0.000000,-0.163755,0.137639,0.000000,0.000000,0.000000,7410
3.110685,0.000000,-0.158577,0.137639,0.000000,0.000000,0.000000,7420
3.109151,0.000000,-0.155988,0.137639,0.000000,0.000000,0.000000,7430
3.107617,0.000000,-0.154693,0.137639,0.000000,0.000000,0.000000,7440
3.104549,-0.306797,-0.230745,0.137639,0.000000,0.000000,0.000000,7450
3.104549,0.000000,-0.115373,0.137639,0.000000,0.000000,0.000000,7460
3.103015,0.000000,-0.134386,0.137639,0.000000,0.000000,0.000000,7470
3.101481,0.000000,-0.143892,0.137639,0.000000,0.000000,0.000000,7480
3.099947,0.000000,-0.148645,0.137639,0.000000,0.000000,0.000000,7490
3.098413,0.000000,-0.151022,0.137639,0.000000,0.000000,0.000000,7500
3.098413,0.000000,-0.075511,0.137639,0.000000,0.000000,0.000000,7510
3.096879,0.000000,-0.114455,0.137639,0.000000,0.000000,0.000000,7520
3.095345,0.000000,-0.133927,0.137639,0.000000,0.000000,0.000000,7530
3.095345,0.000000,-0.066963,0.137639,0.000000,0.000000,0.000000,7540
3.093811,0.000000,-0.110181,0.137639,0.000000,0.000000,0.000000,7550
3.093811,0.000000,-0.055090,0.137639,0.000000,0.000000,0.000000,7560
3.093811,0.000000,-0.027545,0.137639,0.000000,0.000000,0.000000,7570
3.093811,0.000000,-0.013773,0.137639,0.000000,0.000000,0.000000,7580
3.092277,0.000000,-0.083586,0.137639,0.000000,0.000000,0.000000,7590
3.092277,0.000000,-0.041793,0.137639,0.000000,0.000000,0.000000,7600
3.092277,0.000000,-0.020896,0.137639,0.000000,0.000000,0.000000,7610
3.092277,0.000000,-0.010448,0.137639,0.000000,0.000000,0.000000,7620
3.093811,0.000000,0.071475,0.137639,0.000000,0.000000,0.000000,7630
3.093811,0.000000,0.035738,0.137639,0.000000,0.000000,0.000000,7640
3.093811,0.000000,0.017869,0.137639,0.000000,0.000000,0.000000,7650
3.093811,0.000000,0.008934,0.137639,0.000000,0.000000,0.000000,7660
3.095345,0.000000,0.081166,0.137639,0.000000,0.000000,0.000000,7670
3.095345,0.000000,0.040583,0.137639,0.000000,0.000000,0.000000,7680
3.096879,0.000000,0.096991,0.137639,0.000000,0.000000,0.000000,7690
3.096879,0.000000,0.048495,0.137639,0.000000,0.000000,0.000000,7700
3.098413,0.000000,0.100947,0.137639,0.000000,0.000000,0.000000,7710
3.099947,0.000000,0.127173,0.137639,0.000000,0.000000,0.000000,7720
3.099947,0.000000,0.063586,0.137639,0.000000,0.000000,0.000000,7730
3.101481,0.000000,0.108492,0.137639,0.000000,0.000000,0.000000,7740
3.103015,0.000000,0.130945,0.137639,0.000000,0.000000,0.000000,7750
3.104549,0.000000,0.142172,0.137639,0.000000,0.000000,0.000000,7760
3.106083,0.000000,0.147785,0.137639,0.000000,0.000000,0.000000,7770
3.106083,0.000000,0.073893,0.137639,0.000000,0.000000,0.000000,7780
3.107617,0.000000,0.113646,0.137639,0.000000,0.000000,0.000000,7790
3.110685,0.306797,0.210221,0.137639,0.000000,0.000000,0.000000,7800
3.112219,0.000000,0.181810,0.137639,0.000000,0.000000,0.000000,7810
3.113753,0.000000,0.167604,0.137639,0.000000,0.000000,0.000000,7820
3.113753,0.000000,0.083802,0.137639,0.000000,0.000000,0.000000,7830
3.116821,0.306797,0.195300,0.137639,0.000000,0.000000,0.000000,7840
3.118355,0.000000,0.174349,0.137639,0.000000,0.000000,0.000000,7850
3.119889,0.000000,0.163874,0.137639,0.000000,0.000000,0.000000,7860
3.121423,0.000000,0.158636,0.137639,0.000000,0.000000,0.000000,7870
3.122957,0.000000,0.156017,0.137639,0.000000,0.000000,0.000000,7880
3.124491,0.000000,0.154708,0.137639,0.000000,0.000000,0.000000,7890
3.126025,0.000000,0.154053,0.137639,0.000000,0.000000,0.000000,7900
3.127559,0.000000,0.153726,0.137639,0.000000,0.000000,0.000000,7910
3.130627,0.306797,0.230261,0.137639,0.000000,0.000000,0.000000,7920
3.132161,0.000000,0.191830,0.137639,0.000000,0.000000,0.000000,7930
3.133695,0.000000,0.172614,0.137639,0.000000,0.000000,0.000000,7940
3.135229,0.000000,0.163006,0.137639,0.000000,0.000000,0.000000,7950
3.136763,0.000000,0.158202,0.137639,0.000000,0.000000,0.000000,7960
3.138297,0.000000,0.155800,0.137639,0.000000,0.000000,0.000000,7970
3.139831,0.000000,0.154599,0.137639,0.000000,0.000000,0.000000,7980
3.141365,0.000000,0.153999,0.137639,0.000000,0.000000,0.000000,7990
3.142899,0.000000,0.153699,0.137639,0.000000,0.000000,0.000000,8000
3.144433,0.000000,0.153549,0.137639,0.000000,0.000000,0.000000,8010
3.145967,0.000000,0.153474,0.137639,0.000000,0.000000,0.000000,8020
3.147501,0.000000,0.153436,0.137639,0.000000,0.000000,0.000000,8030
3.147501,0.000000,0.076718,0.137639,0.000000,0.000000,0.000000,8040
3.149035,0.000000,0.115058,0.137639,0.000000,0.000000,0.000000,8050
3.150568,0.000000,0.134228,0.137639,0.000000,0.000000,0.000000,8060
3.150568,0.000000,0.067114,0.137639,0.000000,0.000000,0.000000,8070
3.152102,0.000000,0.110256,0.137639,0.000000,0.000000,0.000000,8080
3.153636,0.000000,0.131827,0.137639,0.000000,0.000000,0.000000,8090
3.153636,0.000000,0.065914,0.137639,0.000000,0.000000,0.000000,8100
3.155170,0.000000,0.109656,0.137639,0.000000,0.000000,0.000000,8110
3.155170,0.000000,0.054828,0.137639,0.000000,0.000000,0.000000,8120
3.155170,0.000000,0.027414,0.137639,0.000000,0.000000,0.000000,8130
3.156704,0.000000,0.090406,0.137639,0.000000,0.000000,0.000000,8140
3.156704,0.000000,0.045203,0.137639,0.000000,0.000000,0.000000,8150
3.156704,0.000000,0.022602,0.137639,0.000000,0.000000,0.000000,8160
3.156704,0.000000,0.011301,0.137639,0.000000,0.000000,0.000000,8170
3.156704,0.000000,0.005650,0.137639,0.000000,0.000000,0.000000,8180
3.156704,0.000000,0.002825,0.137639,0.000000,0.000000,0.000000,8190
3.156704,0.000000,0.001413,0.137639,0.000000,0.000000,0.000000,8200
3.156704,0.000000,0.000706,0.137639,0.000000,0.000000,0.000000,8210
3.156704,0.000000,0.000353,0.137639,0.000000,0.000000,0.000000,8220
3.156704,0.000000,0.000177,0.137639,0.000000,0.000000,0.000000,8230
3.155170,0.000000,-0.076611,0.137639,0.000000,0.000000,0.000000,8240
3.155170,0.000000,-0.038305,0.137639,0.000000,0.000000,0.000000,8250
3.153636,0.000000,-0.095852,0.137639,0.000000,0.000000,0.000000,8260
3.153636,0.000000,-0.047926,0.137639,0.000000,0.000000,0.000000,8270
3.153636,0.000000,-0.023963,0.137639,0.000000,0.000000,0.000000,8280
3.152102,0.000000,-0.088681,0.137639,0.000000,0.000000,0.000000,8290
3.150568,0.000000,-0.121040,0.137639,0.000000,0.000000,0.000000,8300
3.150568,0.000000,-0.060520,0.137639,0.000000,0.000000,0.000000,8310
3.149035,0.000000,-0.106959,0.137639,0.000000,0.000000,0.000000,8320
3.147501,0.000000,-0.130179,0.137639,0.000000,0.000000,0.000000,8330
3.147501,0.000000,-0.065089,0.137639,0.000000,0.000000,0.000000,8340
3.145967,0.000000,-0.109244,0.137639,0.000000,0.000000,0.000000,8350
3.144433,0.000000,-0.131321,0.137639,0.000000,0.000000,0.000000,8360
3.142899,0.000000,-0.142360,0.137639,0.000000,0.000000,0.000000,8370
3.142899,0.000000,-0.071180,0.137639,0.000000,0.000000,0.000000,8380
3.141365,0.000000,-0.112289,0.137639,0.000000,0.000000,0.000000,8390
3.139831,0.000000,-0.132844,0.137639,0.000000,0.000000,0.000000,8400
3.138297,0.000000,-0.143121,0.137639,0.000000,0.000000,0.000000,8410
3.136763,0.000000,-0.148260,0.137639,0.000000,0.000000,0.000000,8420
3.135229,0.000000,-0.150829,0.137639,0.000000,0.000000,0.000000,8430
3.133695,0.000000,-0.152114,0.137639,0.000000,0.000000,0.000000,8440
3.132161,0.000000,-0.152756,0.137639,0.000000,0.000000,0.000000,8450
3.130627,0.000000,-0.153077,0.137639,0.000000,0.000000,0.000000,8460
3.129093,0.000000,-0.153238,0.137639,0.000000,0.000000,0.000000,8470
3.129093,0.000000,-0.076619,0.137639,0.000000,0.000000,0.000000,8480
3.126025,-0.306797,-0.191708,0.137639,0.000000,0.000000,0.000000,8490
3.126025,0.000000,-0.095854,0.137639,0.000000,0.000000,0.000000,8500
3.124491,0.000000,-0.124626,0.137639,0.000000,0.000000,0.000000,8510
3.122957,0.000000,-0.139012,0.137639,0.000000,0.000000,0.000000,8520
3.121423,0.000000,-0.146205,0.137639,0.000000,0.000000,0.000000,8530
3.119889,0.000000,-0.149802,0.137639,0.000000,0.000000,0.000000,8540
3.118355,0.000000,-0.151600,0.137639,0.000000,0.000000,0.000000,8550
3.118355,0.000000,-0.075800,0.137639,0.000000,0.000000,0.000000,8560
3.116821,0.000000,-0.114599,0.137639,0.000000,0.000000,0.000000,8570
3.115287,0.000000,-0.133999,0.137639,0.000000,0.000000,0.000000,8580
3.113753,0.000000,-0.143699,0.137639,0.000000,0.000000,0.000000,8590
3.113753,0.000000,-0.071849,0.137639,0.000000,0.000000,0.000000,8600
3.112219,0.000000,-0.112624,0.137639,0.000000,0.000000,0.000000,8610
3.110685,0.000000,-0.133011,0.137639,0.000000,0.000000,0.000000,8620
3.110685,0.000000,-0.066506,0.137639,0.000000,0.000000,0.000000,8630
3.110685,0.000000,-0.033253,0.137639,0.000000,0.000000,0.000000,8640
3.109151,0.000000,-0.093326,0.137639,0.000000,0.000000,0.000000,8650
3.107617,0.000000,-0.123362,0.137639,0.000000,0.000000,0.000000,8660
3.107617,0.000000,-0.061681,0.137639,0.000000,0.000000,0.000000,8670
3.107617,0.000000,-0.030841,0.137639,0.000000,0.000000,0.000000,8680
3.106083,0.000000,-0.092120,0.137639,0.000000,0.000000,0.000000,8690
3.106083,0.000000,-0.046060,0.137639,0.000000,0.000000,0.000000,8700
3.106083,0.000000,-0.023030,0.137639,0.000000,0.000000,0.000000,8710
3.104549,0.000000,-0.088214,0.137639,0.000000,0.000000,0.000000,8720
3.104549,0.000000,-0.044107,0.137639,0.000000,0.000000,0.000000,8730
3.104549,0.000000,-0.022054,0.137639,0.000000,0.000000,0.000000,8740
3.104549,0.000000,-0.011027,0.137639,0.000000,0.000000,0.000000,8750
3.104549,0.000000,-0.005513,0.137639,0.000000,0.000000,0.000000,8760
3.104549,0.000000,-0.002757,0.137639,0.000000,0.000000,0.000000,8770
3.104549,0.000000,-0.001378,0.137639,0.000000,0.000000,0.000000,8780
3.106083,0.000000,0.076010,0.137639,0.000000,0.000000,0.000000,8790
3.106083,0.000000,0.038005,0.137639,0.000000,0.000000,0.000000,8800
3.106083,0.000000,0.019003,0.137639,0.000000,0.000000,2.000000,8810
3.106083,0.000000,0.009501,0.152127,1.448829,0.362207,2.000000,8820
3.107617,0.000000,0.081450,0.195592,4.346486,1.358277,2.000000,8830
3.109151,0.000000,0.117424,0.260789,6.519729,2.648640,2.000000,8840
3.112219,0.306797,0.212111,0.340475,7.968557,3.978619,2.000000,8850
3.113753,0.000000,0.182755,0.427404,8.692971,5.157207,2.000000,8860
3.116821,0.306797,0.244776,0.521578,9.417388,6.222253,2.000000,8870
3.121423,0.460196,0.352486,0.622996,10.141802,7.202140,2.000000,8880
3.124491,0.306797,0.329641,0.724414,10.141796,7.937054,2.000000,8890
3.127559,0.306797,0.318219,0.833076,10.866219,8.669346,2.000000,8900
3.130627,0.306797,0.312508,0.948983,11.590630,9.399667,2.000000,8910
3.133695,0.306797,0.309653,1.064889,11.590630,9.947408,2.000000,8920
3.136763,0.306797,0.308225,1.180795,11.590624,10.358212,2.000000,8930
3.139831,0.306797,0.307511,1.296702,11.590635,10.666317,2.000000,8940
3.144433,0.460196,0.383853,1.412608,11.590624,10.897394,2.000000,8950
3.147501,0.306797,0.345325,1.535758,12.315046,11.251808,2.000000,8960
3.150568,0.306797,0.326061,1.651665,11.590624,11.336512,2.000000,8970
3.153636,0.306797,0.316429,1.767571,11.590635,11.400043,2.000000,8980
3.156704,0.306797,0.311613,1.883477,11.590624,11.447689,2.000000,8990
3.161306,0.460196,0.385904,2.006628,12.315035,11.664526,2.000000,9000
3.162840,0.000000,0.269639,2.122534,11.590648,11.646056,2.000000,9010
3.165908,0.306797,0.288218,2.245684,12.315035,11.813301,2.000000,9020
3.168976,0.306797,0.297508,2.361591,11.590624,11.757631,2.000000,9030
3.170510,0.000000,0.225453,2.484741,12.315059,11.896989,2.000000,9040
3.173578,0.306797,0.266125,2.600647,11.590624,11.820398,2.000000,9050
3.176646,0.306797,0.286461,2.716554,11.590624,11.762955,2.000000,9060
3.178180,0.000000,0.219930,2.839704,12.315035,11.900974,2.000000,9070
3.179714,0.000000,0.186664,2.948366,10.866213,11.642284,2.000000,9080
3.181248,0.000000,0.170031,3.064273,11.590648,11.629375,2.000000,9090
3.182782,0.000000,0.161715,3.180179,11.590624,11.619688,2.000000,9100
3.184316,0.000000,0.157557,3.296085,11.590624,11.612421,2.000000,9110
3.185850,0.000000,0.155478,3.404747,10.866213,11.425869,2.000000,9120
3.187384,0.000000,0.154438,3.513409,10.866213,11.285955,2.000000,9130
3.188918,0.000000,0.153918,3.629316,11.590624,11.362122,2.000000,9140
3.188918,0.000000,0.076959,3.737978,10.866237,11.238151,2.000000,9150
3.188918,0.000000,0.038480,3.853884,11.590624,11.326269,2.000000,9160
3.188918,0.000000,0.019240,3.962546,10.866213,11.211254,2.000000,9170
3.190452,0.000000,0.086319,4.078453,11.590624,11.306097,2.000000,9180
3.188918,0.000000,-0.033540,4.194359,11.590624,11.377228,2.000000,9190
3.188918,0.000000,-0.016770,4.310265,11.590624,11.430576,2.000000,9200
3.187384,0.000000,-0.085084,4.418927,10.866213,11.289486,2.000000,9210
3.187384,0.000000,-0.042542,4.534833,11.590624,11.364771,2.000000,9220
3.187384,0.000000,-0.021271,4.643496,10.866213,11.240131,2.000000,9230
3.185850,0.000000,-0.087335,4.759402,11.590672,11.327766,2.000000,9240
3.185850,0.000000,-0.043667,4.875309,11.590624,11.393480,2.000000,9250
3.184316,0.000000,-0.098533,4.991215,11.590624,11.442766,2.000000,9260
3.182782,0.000000,-0.125966,5.107121,11.590624,11.479731,2.000000,9270
3.181248,0.000000,-0.139682,5.223027,11.590624,11.507454,2.000000,9280
3.179714,0.000000,-0.146540,5.338933,11.590624,11.528246,2.000000,9290
3.178180,0.000000,-0.149969,5.462084,12.315035,11.724943,2.000000,9300
3.176646,0.000000,-0.151684,5.577990,11.590624,11.691362,2.000000,9310
3.175112,0.000000,-0.152541,5.701141,12.315083,11.847293,2.000000,9320
3.172044,-0.306797,-0.229669,5.817047,11.590624,11.783125,2.000000,9330
3.170510,0.000000,-0.191534,5.940197,12.315035,11.916101,2.000000,9340
3.168976,0.000000,-0.172466,6.056104,11.590624,11.834732,2.000000,9350
3.165908,-0.306797,-0.239632,6.179254,12.315035,11.954807,2.000000,9360
3.162840,-0.306797,-0.273214,6.295160,11.590624,11.863762,2.000000,9370
3.161306,0.000000,-0.213294,6.411067,11.590624,11.795477,2.000000,9380
3.158238,-0.306797,-0.260046,6.526973,11.590624,11.744263,2.000000,9390
3.156704,0.000000,-0.206722,6.650124,12.315083,11.886968,2.000000,9400
3.153636,-0.306797,-0.256760,6.766030,11.590624,11.812881,2.000000,9410
3.150568,-0.306797,-0.281778,6.881936,11.590624,11.757317,2.000000,9420
3.147501,-0.306797,-0.294288,6.997842,11.590624,11.715643,2.000000,9430
3.144433,-0.306797,-0.300542,7.113749,11.590624,11.684387,2.000000,9440
3.141365,-0.306797,-0.303670,7.229655,11.590624,11.660946,2.000000,9450
3.138297,-0.306797,-0.305233,7.345561,11.590624,11.643366,2.000000,9460
3.136763,0.000000,-0.229316,7.461467,11.590624,11.630180,2.000000,9470
3.133695,-0.306797,-0.268056,7.577374,11.590672,11.620303,2.000000,9480
3.130627,-0.306797,-0.287427,7.693280,11.590624,11.612883,2.000000,9490
3.126025,-0.460196,-0.373811,7.809186,11.590624,11.607317,2.000000,9500
3.124491,0.000000,-0.263605,7.917849,10.866213,11.422041,2.000000,9510
3.121423,-0.306797,-0.285201,8.033754,11.590576,11.464174,2.000000,9520
3.118355,-0.306797,-0.295999,8.149661,11.590672,11.495799,2.000000,9530
3.115287,-0.306797,-0.301398,8.258324,10.866261,11.338414,2.000000,9540
3.112219,-0.306797,-0.304098,8.374229,11.590576,11.401455,2.000000,9550
3.109151,-0.306797,-0.305447,8.490136,11.590672,11.448759,2.000000,9560
3.106083,-0.306797,-0.306122,8.598798,10.866165,11.303110,2.000000,9570
3.104549,0.000000,-0.229760,8.714705,11.590672,11.375001,2.000000,9580
3.101481,-0.306797,-0.268279,8.830610,11.590576,11.428895,2.000000,9590
3.098413,-0.306797,-0.287538,8.946517,11.590672,11.469339,2.000000,9600
3.096879,0.000000,-0.220468,9.055179,10.866165,11.318546,2.000000,9610
3.093811,-0.306797,-0.263633,9.171085,11.590672,11.386578,2.000000,9620
3.092277,0.000000,-0.208516,9.286991,11.590576,11.437577,2.000000,9630
3.090743,0.000000,-0.180957,9.402898,11.590672,11.475851,2.000000,9640
3.087675,-0.306797,-0.243877,9.511560,10.866261,11.323453,2.000000,9650
3.086141,0.000000,-0.198638,9.627466,11.590576,11.390234,2.000000,9660
3.084607,0.000000,-0.176018,9.750617,12.315083,11.621446,2.000000,9670
3.083073,0.000000,-0.164708,9.866523,11.590576,11.613729,2.000000,9680
3.083073,0.000000,-0.082354,9.982430,11.590672,11.607965,2.000000,9690
3.081539,0.000000,-0.117876,10.098335,11.590576,11.603618,2.000000,9700
3.081539,0.000000,-0.058938,10.214242,11.590672,11.600381,2.000000,9710
3.080005,0.000000,-0.106168,10.337392,12.314987,11.779033,2.000000,9720
3.080005,0.000000,-0.053084,10.453299,11.590672,11.731942,2.000000,9730
3.080005,0.000000,-0.026542,10.569205,11.590672,11.696625,2.000000,9740
3.080005,0.000000,-0.013271,10.685111,11.590576,11.670113,2.000000,9750
3.078471,0.000000,-0.083335,10.808262,12.315083,11.831355,2.000000,9760
3.078471,0.000000,-0.041667,10.924168,11.590576,11.771160,2.000000,9770
3.080005,0.000000,0.055866,11.040074,11.590672,11.726038,2.000000,9780
3.080005,0.000000,0.027933,11.155980,11.590576,11.692173,2.000000,9790
3.081539,0.000000,0.090666,11.279131,12.315083,11.847900,2.000000,9800
3.081539,0.000000,0.045333,11.395038,11.590672,11.783593,2.000000,9810
3.081539,0.000000,0.022666,11.510943,11.590576,11.735339,2.000000,9820
3.083073,0.000000,0.088032,11.626850,11.590672,11.699172,2.000000,9830
3.084607,0.000000,0.120715,11.742756,11.590576,11.672023,2.000000,9840
3.084607,0.000000,0.060358,11.858663,11.590672,11.651685,2.000000,9850
3.086141,0.000000,0.106878,11.974568,11.590576,11.636408,2.000000,9860
3.087675,0.000000,0.130138,12.090475,11.590672,11.624974,2.000000,9870
3.089209,0.000000,0.141768,12.206381,11.590576,11.616375,2.000000,9880
3.092277,0.306797,0.224283,12.322288,11.590672,11.609949,2.000000,9890
3.092277,0.000000,0.112141,12.438194,11.590672,11.605130,2.000000,9900
3.095345,0.306797,0.209469,12.546856,10.866165,11.420389,2.000000,9910
3.096879,0.000000,0.181434,12.662763,11.590672,11.462960,2.000000,9920
3.098413,0.000000,0.167416,12.778668,11.590576,11.494864,2.000000,9930
3.101481,0.306797,0.237107,12.887331,10.866261,11.337713,2.000000,9940
3.103015,0.000000,0.195253,13.003237,11.590576,11.400928,2.000000,9950
3.104549,0.000000,0.174326,13.111899,10.866261,11.267262,2.000000,9960
3.107617,0.306797,0.240561,13.227805,11.590576,11.348090,2.000000,9970
3.109151,0.000000,0.196980,13.336468,10.866261,11.227633,2.000000,9980
3.112219,0.306797,0.251888,13.452374,11.590576,11.318369,2.000000,9990
3.113753,0.000000,0.202643,13.568280,11.590672,11.386445,2.000000,10000
3.116821,0.306797,0.254720,13.684186,11.590576,11.437478,2.000000,10010
3.119889,0.306797,0.280759,13.800093,11.590672,11.475777,2.000000,10020
3.121423,0.000000,0.217079,13.915999,11.590672,11.504500,2.000000,10030
3.124491,0.306797,0.261938,14.031905,11.590576,11.526019,2.000000,10040
3.127559,0.306797,0.284367,14.147812,11.590672,11.542182,2.000000,10050
3.129093,0.000000,0.218883,14.263718,11.590576,11.554280,2.000000,10060
3.132161,0.306797,0.262840,14.386868,12.315083,11.744481,2.000000,10070
3.135229,0.306797,0.284819,14.502774,11.590576,11.706005,2.000000,10080
3.136763,0.000000,0.219109,14.618681,11.590672,11.677172,2.000000,10090
3.139831,0.306797,0.262953,14.734588,11.590672,11.655547,2.000000,10100
3.142899,0.306797,0.284875,14.857738,12.314987,11.820407,2.000000,10110
3.144433,0.000000,0.219137,14.973644,11.590672,11.762973,2.000000,10120
3.147501,0.306797,0.262967,15.089550,11.590576,11.719873,2.000000,10130
3.149035,0.000000,0.208183,15.205457,11.590672,11.687573,2.000000,10140
3.152102,0.306797,0.257490,15.321362,11.590576,11.663324,2.000000,10150
3.153636,0.000000,0.205444,15.437269,11.590672,11.645162,2.000000,10160
3.156704,0.306797,0.256121,15.553175,11.590576,11.631516,2.000000,10170
3.158238,0.000000,0.204760,15.669082,11.590672,11.621305,2.000000,10180
3.159772,0.000000,0.179079,15.784988,11.590672,11.613647,2.000000,10190
3.161306,0.000000,0.166239,15.900894,11.590576,11.607879,2.000000,10200
3.162840,0.000000,0.159807,16.024044,12.314987,11.784656,2.000000,10210
3.164374,0.000000,0.156603,16.139952,11.590767,11.736183,2.000000,10220
3.165908,0.000000,0.155001,16.255857,11.590576,11.699781,2.000000,10230
3.167442,0.000000,0.154200,16.371763,11.590576,11.672480,2.000000,10240
3.168976,0.000000,0.153799,16.487669,11.590576,11.652004,2.000000,10250
3.170510,0.000000,0.153599,16.603577,11.590767,11.636695,2.000000,10260
3.170510,0.000000,0.076799,16.719482,11.590576,11.625165,2.000000,10270
3.172044,0.000000,0.115099,16.835388,11.590576,11.616518,2.000000,10280
3.172044,0.000000,0.057549,16.951296,11.590767,11.610081,2.000000,10290
3.173578,0.000000,0.105474,17.059958,10.866165,11.424102,2.000000,10300
3.173578,0.000000,0.052737,17.175863,11.590576,11.465720,2.000000,10310
3.173578,0.000000,0.026368,17.284525,10.866165,11.315831,2.000000,10320
3.173578,0.000000,0.013184,17.400433,11.590767,11.384565,2.000000,10330
3.173578,0.000000,0.006592,17.509094,10.866165,11.254965,2.000000,10340
3.173578,0.000000,0.003296,17.617756,10.866165,11.157764,2.000000,10350
3.173578,0.000000,0.001648,17.733662,11.590576,11.265967,2.000000,10360
3.173578,0.000000,0.000824,17.842325,10.866356,11.166064,2.000000,10370
3.172044,0.000000,-0.076287,17.958231,11.590576,11.272192,2.000000,10380
3.172044,0.000000,-0.038144,18.066893,10.866165,11.170685,2.000000,10390
3.170510,0.000000,-0.095771,18.182800,11.590767,11.275705,2.000000,10400
3.168976,0.000000,-0.124585,18.298706,11.590576,11.354424,2.000000,10410
3.168976,0.000000,-0.062292,18.407368,10.866165,11.232359,2.000000,10420
3.167442,0.000000,-0.107845,18.523273,11.590576,11.321913,2.000000,10430
3.167442,0.000000,-0.053923,18.639181,11.590767,11.389126,2.000000,10440
3.165908,0.000000,-0.103661,18.747843,10.866165,11.258386,0.000000,10450
3.164374,0.000000,-0.128530,18.842016,9.417343,10.798125,0.000000,10460
3.162840,0.000000,-0.140964,18.914457,7.244110,9.909621,0.000000,10470
3.158238,-0.460172,-0.300568,18.965166,5.070877,8.699935,0.000000,10480
3.155170,-0.306797,-0.303682,19.001387,3.622055,7.430465,0.000000,10490
3.150568,-0.460196,-0.381939,19.023121,2.173424,6.116204,0.000000,10500
3.147501,-0.306797,-0.344368,19.030365,0.724411,4.768256,0.000000,10510
3.142899,-0.460196,-0.402282,19.030365,0.000000,3.576192,0.000000,10520
3.138297,-0.460196,-0.431239,19.030365,0.000000,2.682144,0.000000,10530
3.133695,-0.460196,-0.445717,19.030365,0.000000,2.011608,0.000000,10540
3.129093,-0.460196,-0.452956,19.030365,0.000000,1.508706,0.000000,10550
3.124491,-0.460196,-0.456576,19.030365,0.000000,1.131530,0.000000,10560
3.119889,-0.460196,-0.458386,19.030365,0.000000,0.848647,0.000000,10570
3.115287,-0.460196,-0.459291,19.030365,0.000000,0.636485,0.000000,10580
3.110685,-0.460196,-0.459743,19.030365,0.000000,0.477364,0.000000,10590
3.107617,-0.306797,-0.383270,19.030365,0.000000,0.358023,0.000000,10600
3.103015,-0.460196,-0.421733,19.030365,0.000000,0.268517,0.000000,10610
3.098413,-0.460196,-0.440964,19.030365,0.000000,0.201388,0.000000,10620
3.093811,-0.460196,-0.450580,19.030365,0.000000,0.151041,0.000000,10630
3.090743,-0.306797,-0.378688,19.030365,0.000000,0.113281,0.000000,10640
3.086141,-0.460196,-0.419442,19.030365,0.000000,0.084961,0.000000,10650
3.083073,-0.306797,-0.363120,19.030365,0.000000,0.063720,0.000000,10660
3.080005,-0.306797,-0.334958,19.030365,0.000000,0.047790,0.000000,10670
3.076937,-0.306797,-0.320878,19.030365,0.000000,0.035843,0.000000,10680
3.072335,-0.460196,-0.390537,19.030365,0.000000,0.026882,0.000000,10690
3.070801,0.000000,-0.271956,19.030365,0.000000,0.020162,0.000000,10700
3.067734,-0.306797,-0.289376,19.030365,0.000000,0.015121,0.000000,10710
3.064666,-0.306797,-0.298087,19.030365,0.000000,0.011341,0.000000,10720
3.063132,0.000000,-0.225743,19.030365,0.000000,0.008506,0.000000,10730
3.060064,-0.306797,-0.266270,19.030365,0.000000,0.006379,0.000000,10740
3.058530,0.000000,-0.209834,19.030365,0.000000,0.004784,0.000000,10750
3.056996,0.000000,-0.181616,19.030365,0.000000,0.003588,0.000000,10760
3.055462,0.000000,-0.167507,19.030365,0.000000,0.002691,0.000000,10770
3.053928,0.000000,-0.160453,19.030365,0.000000,0.002018,0.000000,10780
3.052394,0.000000,-0.156926,19.030365,0.000000,0.001514,0.000000,10790
3.050860,0.000000,-0.155162,19.030365,0.000000,0.001135,0.000000,10800
3.050860,0.000000,-0.077581,19.030365,0.000000,0.000852,0.000000,10810
3.050860,0.000000,-0.038791,19.030365,0.000000,0.000639,0.000000,10820
3.050860,0.000000,-0.019395,19.030365,0.000000,0.000479,0.000000,10830
3.050860,0.000000,-0.009698,19.030365,0.000000,0.000359,0.000000,10840
3.050860,0.000000,-0.004849,19.030365,0.000000,0.000269,0.000000,10850
3.050860,0.000000,-0.002424,19.030365,0.000000,0.000202,0.000000,10860
3.052394,0.000000,0.075487,19.030365,0.000000,0.000152,0.000000,10870
3.053928,0.000000,0.114443,19.030365,0.000000,0.000114,0.000000,10880
3.053928,0.000000,0.057221,19.030365,0.000000,0.000085,0.000000,10890
3.055462,0.000000,0.105310,19.030365,0.000000,0.000064,0.000000,10900
3.056996,0.000000,0.129354,19.030365,0.000000,0.000048,0.000000,10910
3.060064,0.306797,0.218076,19.030365,0.000000,0.000036,0.000000,10920
3.061598,0.000000,0.185737,19.030365,0.000000,0.000027,0.000000,10930
3.063132,0.000000,0.169568,19.030365,0.000000,0.000020,0.000000,10940
3.066200,0.306797,0.238182,19.030365,0.000000,0.000015,0.000000,10950
3.069268,0.306797,0.272490,19.030365,0.000000,0.000011,0.000000,10960
3.072335,0.306773,0.289631,19.030365,0.000000,0.000009,0.000000,10970
3.073869,0.000000,0.221515,19.030365,0.000000,0.000006,0.000000,10980
3.076937,0.306797,0.264156,19.030365,0.000000,0.000005,0.000000,10990
3.080005,0.306797,0.285477,19.030365,0.000000,0.000004,0.000000,11000
3.083073,0.306797,0.296137,19.030365,0.000000,0.000003,0.000000,11010
3.087675,0.460196,0.378166,19.030365,0.000000,0.000002,0.000000,11020
3.090743,0.306797,0.342482,19.030365,0.000000,0.000002,0.000000,11030
3.093811,0.306797,0.324639,19.030365,0.000000,0.000001,0.000000,11040
3.098413,0.460196,0.392417,19.030365,0.000000,0.000001,0.000000,11050
3.101481,0.306797,0.349607,19.030365,0.000000,0.000001,0.000000,11060
3.106083,0.460196,0.404901,19.030365,0.000000,0.000000,0.000000,11070
3.109151,0.306797,0.355849,19.030365,0.000000,0.000000,0.000000,11080
3.113753,0.460196,0.408022,19.030365,0.000000,0.000000,0.000000,11090
3.116821,0.306797,0.357410,19.030365,0.000000,0.000000,0.000000,11100
3.121423,0.460196,0.408803,19.030365,0.000000,0.000000,0.000000,11110
3.124491,0.306797,0.357800,19.030365,0.000000,0.000000,0.000000,11120
3.129093,0.460196,0.408998,19.030365,0.000000,0.000000,0.000000,11130
3.133695,0.460196,0.434597,19.030365,0.000000,0.000000,0.000000,11140
3.136763,0.306797,0.370697,19.030365,0.000000,0.000000,0.000000,11150
3.141365,0.460196,0.415446,19.030365,0.000000,0.000000,0.000000,11160
3.145967,0.460196,0.437821,19.030365,0.000000,0.000000,0.000000,11170
3.149035,0.306797,0.372309,19.030365,0.000000,0.000000,0.000000,11180
3.152102,0.306797,0.339553,19.030365,0.000000,0.000000,0.000000,11190
3.156704,0.460196,0.399874,19.030365,0.000000,0.000000,0.000000,11200
3.159772,0.306797,0.353336,19.030365,0.000000,0.000000,0.000000,11210
3.164374,0.460172,0.406754,19.030365,0.000000,0.000000,0.000000,11220
3.167442,0.306797,0.356775,19.030365,0.000000,0.000000,0.000000,11230
3.170510,0.306797,0.331786,19.030365,0.000000,0.000000,0.000000,11240
3.173578,0.306797,0.319292,19.030365,0.000000,0.000000,0.000000,11250
3.176646,0.306797,0.313044,19.030365,0.000000,0.000000,0.000000,11260
3.179714,0.306797,0.309921,19.030365,0.000000,0.000000,0.000000,11270
3.182782,0.306797,0.308359,19.030365,0.000000,0.000000,0.000000,11280
3.184316,0.000000,0.230879,19.030365,0.000000,0.000000,0.000000,11290
3.187384,0.306797,0.268838,19.030365,0.000000,0.000000,0.000000,11300
3.188918,0.000000,0.211118,19.030365,0.000000,0.000000,0.000000,11310
3.190452,0.000000,0.182258,19.030365,0.000000,0.000000,0.000000,11320
3.193520,0.306797,0.244528,19.030365,0.000000,0.000000,0.000000,11330
3.195054,0.000000,0.198963,19.030365,0.000000,0.000000,0.000000,11340
3.196588,0.000000,0.176181,19.030365,0.000000,0.000000,0.000000,11350
3.198122,0.000000,0.164790,19.030365,0.000000,0.000000,0.000000,11360
3.198122,0.000000,0.082395,19.030365,0.000000,0.000000,0.000000,11370
3.199656,0.000000,0.117897,19.030365,0.000000,0.000000,0.000000,11380
3.199656,0.000000,0.058948,19.030365,0.000000,0.000000,0.000000,11390
3.199656,0.000000,0.029474,19.030365,0.000000,0.000000,0.000000,11400
3.201190,0.000000,0.091436,19.030365,0.000000,0.000000,0.000000,11410
3.201190,0.000000,0.045718,19.030365,0.000000,0.000000,0.000000,11420
3.201190,0.000000,0.022859,19.030365,0.000000,0.000000,0.000000,11430
3.199656,0.000000,-0.065270,19.030365,0.000000,0.000000,0.000000,11440
3.199656,0.000000,-0.032635,19.030365,0.000000,0.000000,0.000000,11450
3.198122,0.000000,-0.093017,19.030365,0.000000,0.000000,0.000000,11460
3.198122,0.000000,-0.046508,19.030365,0.000000,0.000000,0.000000,11470
3.196588,0.000000,-0.099953,19.030365,0.000000,0.000000,0.000000,11480
3.195054,0.000000,-0.126676,19.030365,0.000000,0.000000,0.000000,11490
3.193520,0.000000,-0.140037,19.030365,0.000000,0.000000,0.000000,11500
3.191986,0.000000,-0.146718,19.030365,0.000000,0.000000,0.000000,11510
3.190452,0.000000,-0.150058,19.030365,0.000000,0.000000,0.000000,11520
3.187384,-0.306797,-0.228428,19.030365,0.000000,0.000000,0.000000,11530
3.185850,0.000000,-0.190913,19.030365,0.000000,0.000000,0.000000,11540
3.182782,-0.306797,-0.248855,19.030365,0.000000,0.000000,0.000000,11550
3.181248,0.000000,-0.201127,19.030365,0.000000,0.000000,0.000000,11560
3.178180,-0.306797,-0.253962,19.030365,0.000000,0.000000,0.000000,11570
3.175112,-0.306797,-0.280379,19.030365,0.000000,0.000000,0.000000,11580
3.172044,-0.306797,-0.293588,19.030365,0.000000,0.000000,0.000000,11590
3.170510,0.000000,-0.223493,19.030365,0.000000,0.000000,0.000000,11600
3.165908,-0.460196,-0.341844,19.030365,0.000000,0.000000,0.000000,11610
3.162840,-0.306797,-0.324321,19.030365,0.000000,0.000000,0.000000,11620
3.159772,-0.306773,-0.315547,19.030365,0.000000,0.000000,0.000000,11630
3.156704,-0.306797,-0.311172,19.030365,0.000000,0.000000,0.000000,11640
3.153636,-0.306797,-0.308985,19.030365,0.000000,0.000000,0.000000,11650
3.149035,-0.460196,-0.384590,19.030365,0.000000,0.000000,0.000000,11660
3.145967,-0.306797,-0.345694,19.030365,0.000000,0.000000,0.000000,11670
3.142899,-0.306797,-0.326245,19.030365,0.000000,0.000000,0.000000,11680
3.138297,-0.460196,-0.393220,19.030365,0.000000,0.000000,0.000000,11690
3.135229,-0.306797,-0.350009,19.030365,0.000000,0.000000,0.000000,11700
3.132161,-0.306797,-0.328403,19.030365,0.000000,0.000000,0.000000,11710
3.127559,-0.460196,-0.394299,19.030365,0.000000,0.000000,0.000000,11720
3.124491,-0.306797,-0.350548,19.030365,0.000000,0.000000,0.000000,11730
3.121423,-0.306797,-0.328673,19.030365,0.000000,0.000000,0.000000,11740
3.116821,-0.460196,-0.394434,19.030365,0.000000,0.000000,0.000000,11750
3.113753,-0.306797,-0.350616,19.030365,0.000000,0.000000,0.000000,11760
3.110685,-0.306797,-0.328706,19.030365,0.000000,0.000000,0.000000,11770
3.107617,-0.306797,-0.317752,19.030365,0.000000,0.000000,0.000000,11780
3.104549,-0.306797,-0.312274,19.030365,0.000000,0.000000,0.000000,11790
3.101481,-0.306797,-0.309536,19.030365,0.000000,0.000000,0.000000,11800
3.096879,-0.460196,-0.384866,19.030365,0.000000,0.000000,0.000000,11810
3.093811,-0.306797,-0.345831,19.030365,0.000000,0.000000,0.000000,11820
3.092277,0.000000,-0.249615,19.030365,0.000000,0.000000,0.000000,11830
3.089209,-0.306797,-0.278206,19.030365,0.000000,0.000000,0.000000,11840
3.086141,-0.306797,-0.292502,19.030365,0.000000,0.000000,0.000000,11850
3.083073,-0.306797,-0.299649,19.030365,0.000000,0.000000,0.000000,11860
3.081539,0.000000,-0.226524,19.030365,0.000000,0.000000,0.000000,11870
3.080005,0.000000,-0.189961,19.030365,0.000000,0.000000,0.000000,11880
3.076937,-0.306797,-0.248379,19.030365,0.000000,0.000000,0.000000,11890
3.075403,0.000000,-0.200889,19.030365,0.000000,0.000000,0.000000,11900
3.073869,0.000000,-0.177144,19.030365,0.000000,0.000000,0.000000,11910
3.072335,0.000000,-0.165271,19.030365,0.000000,0.000000,0.000000,11920
3.070801,0.000000,-0.159323,19.030365,0.000000,0.000000,0.000000,11930
3.070801,0.000000,-0.079661,19.030365,0.000000,0.000000,0.000000,11940
3.069268,0.000000,-0.116530,19.030365,0.000000,0.000000,0.000000,11950
3.067734,0.000000,-0.134964,19.030365,0.000000,0.000000,0.000000,11960
3.067734,0.000000,-0.067482,19.030365,0.000000,0.000000,0.000000,11970
3.067734,0.000000,-0.033741,19.030365,0.000000,0.000000,0.000000,11980
3.067734,0.000000,-0.016871,19.030365,0.000000,0.000000,0.000000,11990
3.067734,0.000000,-0.008435,19.030365,0.000000,0.000000,0.000000,12000
3.067734,0.000000,-0.004218,19.030365,0.000000,0.000000,0.000000,12010
3.067734,0.000000,-0.002109,19.030365,0.000000,0.000000,0.000000,12020
3.067734,0.000000,-0.001054,19.030365,0.000000,0.000000,0.000000,12030
3.069268,0.000000,0.076172,19.030365,0.000000,0.000000,0.000000,12040
3.069268,0.000000,0.038086,19.030365,0.000000,0.000000,0.000000,12050
3.070801,0.000000,0.095742,19.030365,0.000000,0.000000,0.000000,12060
3.072335,0.000000,0.124558,19.030365,0.000000,0.000000,0.000000,12070
3.073869,0.000000,0.138978,19.030365,0.000000,0.000000,0.000000,12080
3.075403,0.000000,0.146188,19.030365,0.000000,0.000000,0.000000,12090
3.076937,0.000000,0.149794,19.030365,0.000000,0.000000,0.000000,12100
3.078471,0.000000,0.151596,19.030365,0.000000,0.000000,0.000000,12110
3.080005,0.000000,0.152497,19.030365,0.000000,0.000000,0.000000,12120
3.081539,0.000000,0.152948,19.030365,0.000000,0.000000,0.000000,12130
3.084607,0.306797,0.229872,19.030365,0.000000,0.000000,0.000000,12140
3.087675,0.306797,0.268335,19.030365,0.000000,0.000000,0.000000,12150
3.089209,0.000000,0.210867,19.030365,0.000000,0.000000,0.000000,12160
3.092277,0.306797,0.258832,19.030365,0.000000,0.000000,0.000000,12170
3.095345,0.306797,0.282814,19.030365,0.000000,0.000000,0.000000,12180
3.098413,0.306797,0.294806,19.030365,0.000000,0.000000,0.000000,12190
3.099947,0.000000,0.224102,19.030365,0.000000,0.000000,0.000000,12200
3.103015,0.306797,0.265450,19.030365,0.000000,0.000000,0.000000,12210
3.106083,0.306797,0.286123,19.030365,0.000000,0.000000,0.000000,12220
3.109151,0.306797,0.296460,19.030365,0.000000,0.000000,0.000000,12230
3.112219,0.306797,0.301629,19.030365,0.000000,0.000000,0.000000,12240
3.115287,0.306797,0.304213,19.030365,0.000000,0.000000,0.000000,12250
3.118355,0.306797,0.305505,19.030365,0.000000,0.000000,0.000000,12260
3.121423,0.306797,0.306151,19.030365,0.000000,0.000000,0.000000,12270
3.124491,0.306797,0.306474,19.030365,0.000000,0.000000,0.000000,12280
3.127559,0.306797,0.306635,19.030365,0.000000,0.000000,0.000000,12290
3.132161,0.460196,0.383416,19.030365,0.000000,0.000000,0.000000,12300
3.135229,0.306797,0.345106,19.030365,0.000000,0.000000,0.000000,12310
3.138297,0.306797,0.325952,19.030365,0.000000,0.000000,0.000000,12320
3.141365,0.306797,0.316374,19.030365,0.000000,0.000000,0.000000,12330
3.144433,0.306797,0.311586,19.030365,0.000000,0.000000,0.000000,12340
3.147501,0.306797,0.309191,19.030365,0.000000,0.000000,0.000000,12350
3.149035,0.000000,0.231295,19.030365,0.000000,0.000000,0.000000,12360
3.152102,0.306797,0.269046,19.030365,0.000000,0.000000,0.000000,12370
3.155170,0.306797,0.287921,19.030365,0.000000,0.000000,0.000000,12380
3.158238,0.306797,0.297359,19.030365,0.000000,0.000000,0.000000,12390
3.161306,0.306797,0.302078,19.030365,0.000000,0.000000,0.000000,12400
3.162840,0.000000,0.227726,19.030365,0.000000,0.000000,0.000000,12410
3.165908,0.306797,0.267262,19.030365,0.000000,0.000000,0.000000,12420
3.167442,0.000000,0.210330,19.030365,0.000000,0.000000,0.000000,12430
3.170510,0.306797,0.258564,19.030365,0.000000,0.000000,0.000000,12440
3.172044,0.000000,0.205981,19.030365,0.000000,0.000000,0.000000,12450
3.173578,0.000000,0.179690,19.030365,0.000000,0.000000,0.000000,12460
3.175112,0.000000,0.166544,19.030365,0.000000,0.000000,0.000000,12470
3.176646,0.000000,0.159971,19.030365,0.000000,0.000000,0.000000,12480
3.178180,0.000000,0.156685,19.030365,0.000000,0.000000,0.000000,12490
3.179714,0.000000,0.155042,19.030365,0.000000,0.000000,0.000000,12500
3.181248,0.000000,0.154220,19.030365,0.000000,0.000000,0.000000,12510
3.182782,0.000000,0.153809,19.030365,0.000000,0.000000,0.000000,12520
3.182782,0.000000,0.076905,19.030365,0.000000,0.000000,0.000000,12530
3.182782,0.000000,0.038452,19.030365,0.000000,0.000000,0.000000,12540
3.184316,0.000000,0.095925,19.030365,0.000000,0.000000,0.000000,12550
3.184316,0.000000,0.047963,19.030365,0.000000,0.000000,0.000000,12560
3.184316,0.000000,0.023981,19.030365,0.000000,0.000000,0.000000,12570
3.184316,0.000000,0.011991,19.030365,0.000000,0.000000,0.000000,12580
3.184316,0.000000,0.005995,19.030365,0.000000,0.000000,0.000000,12590
3.184316,0.000000,0.002998,19.030365,0.000000,0.000000,0.000000,12600
3.182782,0.000000,-0.075200,19.030365,0.000000,0.000000,0.000000,12610
3.182782,0.000000,-0.037600,19.030365,0.000000,0.000000,0.000000,12620
3.182782,0.000000,-0.018800,19.030365,0.000000,0.000000,0.000000,12630
3.181248,0.000000,-0.086099,19.030365,0.000000,0.000000,0.000000,12640
3.179714,0.000000,-0.119749,19.030365,0.000000,0.000000,0.000000,12650
3.179714,0.000000,-0.059874,19.030365,0.000000,0.000000,0.000000,12660
3.178180,0.000000,-0.106636,19.030365,0.000000,0.000000,0.000000,12670
3.176646,0.000000,-0.130018,19.030365,0.000000,0.000000,0.000000,12680
3.173578,-0.306797,-0.218407,19.030365,0.000000,0.000000,0.000000,12690
3.172044,0.000000,-0.185903,19.030365,0.000000,0.000000,0.000000,12700
3.170510,0.000000,-0.169651,19.030365,0.000000,0.000000,0.000000,12710
3.168976,0.000000,-0.161525,19.030365,0.000000,0.000000,0.000000,12720
3.167442,0.000000,-0.157462,19.030365,0.000000,0.000000,0.000000,12730
3.164374,-0.306797,-0.232129,19.030365,0.000000,0.000000,0.000000,12740
3.162840,0.000000,-0.192764,19.030365,0.000000,0.000000,0.000000,12750
3.159772,-0.306773,-0.249769,19.030365,0.000000,0.000000,0.000000,12760
3.156704,-0.306797,-0.278283,19.030365,0.000000,0.000000,0.000000,12770
3.155170,0.000000,-0.215841,19.030365,0.000000,0.000000,0.000000,12780
3.152102,-0.306797,-0.261319,19.030365,0.000000,0.000000,0.000000,12790
3.150568,0.000000,-0.207359,19.030365,0.000000,0.000000,0.000000,12800
3.147501,-0.306797,-0.257078,19.030365,0.000000,0.000000,0.000000,12810
3.144433,-0.306797,-0.281937,19.030365,0.000000,0.000000,0.000000,12820
3.141365,-0.306797,-0.294367,19.030365,0.000000,0.000000,0.000000,12830
3.139831,0.000000,-0.223883,19.030365,0.000000,0.000000,0.000000,12840
3.136763,-0.306797,-0.265340,19.030365,0.000000,0.000000,0.000000,12850
3.133695,-0.306797,-0.286068,19.030365,0.000000,0.000000,0.000000,12860
3.130627,-0.306797,-0.296433,19.030365,0.000000,0.000000,0.000000,12870
3.127559,-0.306797,-0.301615,19.030365,0.000000,0.000000,0.000000,12880
3.124491,-0.306797,-0.304206,19.030365,0.000000,0.000000,0.000000,12890
3.122957,0.000000,-0.228802,19.030365,0.000000,0.000000,0.000000,12900
3.119889,-0.306797,-0.267800,19.030365,0.000000,0.000000,0.000000,12910
3.116821,-0.306797,-0.287298,19.030365,0.000000,0.000000,0.000000,12920
3.115287,0.000000,-0.220348,19.030365,0.000000,0.000000,0.000000,12930
3.112219,-0.306797,-0.263573,19.030365,0.000000,0.000000,0.000000,12940
3.109151,-0.306797,-0.285185,19.030365,0.000000,0.000000,0.000000,12950
3.107617,0.000000,-0.219292,19.030365,0.000000,0.000000,0.000000,12960
3.104549,-0.306797,-0.263044,19.030365,0.000000,0.000000,0.000000,12970
3.103015,0.000000,-0.208221,19.030365,0.000000,0.000000,0.000000,12980
3.099947,-0.306797,-0.257509,19.030365,0.000000,0.000000,0.000000,12990
3.098413,0.000000,-0.205454,19.030365,0.000000,0.000000,0.000000,13000
3.096879,0.000000,-0.179426,19.030365,0.000000,0.000000,0.000000,13010
3.093811,-0.306797,-0.243112,19.030365,0.000000,0.000000,0.000000,13020
3.092277,0.000000,-0.198255,19.030365,0.000000,0.000000,0.000000,13030
3.090743,0.000000,-0.175827,19.030365,0.000000,0.000000,0.000000,13040
3.089209,0.000000,-0.164613,19.030365,0.000000,0.000000,0.000000,13050
3.087675,0.000000,-0.159006,19.030365,0.000000,0.000000,0.000000,13060
3.086141,0.000000,-0.156202,19.030365,0.000000,0.000000,0.000000,13070
3.086141,0.000000,-0.078101,19.030365,0.000000,0.000000,0.000000,13080
3.084607,0.000000,-0.115750,19.030365,0.000000,0.000000,0.000000,13090
3.083073,0.000000,-0.134574,19.030365,0.000000,0.000000,0.000000,13100
3.083073,0.000000,-0.067287,19.030365,0.000000,0.000000,0.000000,13110
3.083073,0.000000,-0.033644,19.030365,0.000000,0.000000,0.000000,13120
3.081539,0.000000,-0.093521,19.030365,0.000000,0.000000,0.000000,13130
3.081539,0.000000,-0.046761,19.030365,0.000000,0.000000,0.000000,13140
3.081539,0.000000,-0.023380,19.030365,0.000000,0.000000,0.000000,13150
3.081539,0.000000,-0.011690,19.030365,0.000000,0.000000,0.000000,13160
3.081539,0.000000,-0.005845,19.030365,0.000000,0.000000,0.000000,13170
3.083073,0.000000,0.073777,19.030365,0.000000,0.000000,0.000000,13180
3.083073,0.000000,0.036888,19.030365,0.000000,0.000000,0.000000,13190
3.083073,0.000000,0.018444,19.030365,0.000000,0.000000,0.000000,13200
3.084607,0.000000,0.085921,19.030365,0.000000,0.000000,0.000000,13210
3.086141,0.000000,0.119660,19.030365,0.000000,0.000000,0.000000,13220
3.086141,0.000000,0.059830,19.030365,0.000000,0.000000,0.000000,13230
3.087675,0.000000,0.106614,19.030365,0.000000,0.000000,0.000000,13240
3.089209,0.000000,0.130006,19.030365,0.000000,0.000000,0.000000,13250
3.090743,0.000000,0.141702,19.030365,0.000000,0.000000,0.000000,13260
3.092277,0.000000,0.147550,19.030365,0.000000,0.000000,0.000000,13270
3.092277,0.000000,0.073775,19.030365,0.000000,0.000000,0.000000,13280
3.095345,0.306797,0.190286,19.030365,0.000000,0.000000,0.000000,13290
3.096879,0.000000,0.171842,19.030365,0.000000,0.000000,0.000000,13300
3.098413,0.000000,0.162620,19.030365,0.000000,0.000000,0.000000,13310
3.099947,0.000000,0.158009,19.030365,0.000000,0.000000,0.000000,13320
3.103015,0.306797,0.232403,19.030365,0.000000,0.000000,0.000000,13330
3.104549,0.000000,0.192901,19.030365,0.000000,0.000000,0.000000,13340
3.106083,0.000000,0.173150,19.030365,0.000000,0.000000,0.000000,13350
3.109151,0.306797,0.239973,19.030365,0.000000,0.000000,0.000000,13360
3.110685,0.000000,0.196686,19.030365,0.000000,0.000000,0.000000,13370
3.113753,0.306797,0.251741,19.030365,0.000000,0.000000,0.000000,13380
3.115287,0.000000,0.202570,19.030365,0.000000,0.000000,0.000000,13390
3.118355,0.306797,0.254683,19.030365,0.000000,0.000000,0.000000,13400
3.119889,0.000000,0.204041,19.030365,0.000000,0.000000,0.000000,13410
3.122957,0.306797,0.255419,19.030365,0.000000,0.000000,0.000000,13420
3.124491,0.000000,0.204409,19.030365,0.000000,0.000000,0.000000,13430
3.127559,0.306797,0.255603,19.030365,0.000000,0.000000,0.000000,13440
3.130627,0.306797,0.281200,19.030365,0.000000,0.000000,0.000000,13450
3.132161,0.000000,0.217299,19.030365,0.000000,0.000000,0.000000,13460
3.133695,0.000000,0.185349,19.030365,0.000000,0.000000,0.000000,13470
3.136763,0.306797,0.246073,19.030365,0.000000,0.000000,0.000000,13480
3.138297,0.000000,0.199736,19.030365,0.000000,0.000000,0.000000,13490
3.141365,0.306797,0.253266,19.030365,0.000000,0.000000,0.000000,13500
3.142899,0.000000,0.203332,19.030365,0.000000,0.000000,0.000000,13510
3.145967,0.306797,0.255065,19.030365,0.000000,0.000000,0.000000,13520
3.147501,0.000000,0.204232,19.030365,0.000000,0.000000,0.000000,13530
3.150568,0.306797,0.255514,19.030365,0.000000,0.000000,0.000000,13540
3.152102,0.000000,0.204456,19.030365,0.000000,0.000000,0.000000,13550
3.153636,0.000000,0.178927,19.030365,0.000000,0.000000,0.000000,13560
3.155170,0.000000,0.166163,19.030365,0.000000,0.000000,0.000000,13570
3.156704,0.000000,0.159781,19.030365,0.000000,0.000000,0.000000,13580
3.158238,0.000000,0.156590,19.030365,0.000000,0.000000,0.000000,13590
3.159772,0.000000,0.154994,19.030365,0.000000,0.000000,0.000000,13600
3.161306,0.000000,0.154196,19.030365,0.000000,0.000000,0.000000,13610
3.162840,0.000000,0.153785,19.030365,0.000000,0.000000,0.000000,13620
3.164374,0.000000,0.153592,19.030365,0.000000,0.000000,0.000000,13630
3.165908,0.000000,0.153495,19.030365,0.000000,0.000000,0.000000,13640
3.165908,0.000000,0.076748,19.030365,0.000000,0.000000,0.000000,13650
3.167442,0.000000,0.115073,19.030365,0.000000,0.000000,0.000000,13660
3.167442,0.000000,0.057537,19.030365,0.000000,0.000000,0.000000,13670
3.168976,0.000000,0.105468,19.030365,0.000000,0.000000,0.000000,13680
3.168976,0.000000,0.052734,19.030365,0.000000,0.000000,0.000000,13690
3.168976,0.000000,0.026367,19.030365,0.000000,0.000000,0.000000,13700
3.170510,0.000000,0.089883,19.030365,0.000000,0.000000,0.000000,13710
3.170510,0.000000,0.044941,19.030365,0.000000,0.000000,0.000000,13720
3.170510,0.000000,0.022471,19.030365,0.000000,0.000000,0.000000,13730
3.170510,0.000000,0.011235,19.030365,0.000000,0.000000,0.000000,13740
3.170510,0.000000,0.005618,19.030365,0.000000,0.000000,0.000000,13750
3.168976,0.000000,-0.073890,19.030365,0.000000,0.000000,0.000000,13760
3.168976,0.000000,-0.036945,19.030365,0.000000,0.000000,0.000000,13770
3.168976,0.000000,-0.018473,19.030365,0.000000,0.000000,0.000000,13780
3.167442,0.000000,-0.085936,19.030365,0.000000,0.000000,0.000000,13790
3.167442,0.000000,-0.042968,19.030365,0.000000,0.000000,0.000000,13800
3.165908,0.000000,-0.098183,19.030365,0.000000,0.000000,0.000000,13810
3.165908,0.000000,-0.049092,19.030365,0.000000,0.000000,0.000000,13820
3.164374,0.000000,-0.101245,19.030365,0.000000,0.000000,0.000000,13830
3.162840,0.000000,-0.127322,19.030365,0.000000,0.000000,0.000000,13840
3.161306,0.000000,-0.140348,19.030365,0.000000,0.000000,0.000000,13850
3.159772,0.000000,-0.146873,19.030365,0.000000,0.000000,0.000000,13860
3.158238,0.000000,-0.150136,19.030365,0.000000,0.000000,0.000000,13870
3.156704,0.000000,-0.151767,19.030365,0.000000,0.000000,0.000000,13880
3.155170,0.000000,-0.152583,19.030365,0.000000,0.000000,0.000000,13890
3.155170,0.000000,-0.076291,19.030365,0.000000,0.000000,0.000000,13900
3.152102,-0.306797,-0.191544,19.030365,0.000000,0.000000,0.000000,13910
3.150568,0.000000,-0.172471,19.030365,0.000000,0.000000,0.000000,13920
3.149035,0.000000,-0.162935,19.030365,0.000000,0.000000,0.000000,13930
3.147501,0.000000,-0.158167,19.030365,0.000000,0.000000,0.000000,13940
3.144433,-0.306797,-0.232482,19.030365,0.000000,0.000000,0.000000,13950
3.142899,0.000000,-0.192940,19.030365,0.000000,0.000000,0.000000,13960
3.141365,0.000000,-0.173169,19.030365,0.000000,0.000000,0.000000,13970
3.139831,0.000000,-0.163284,19.030365,0.000000,0.000000,0.000000,13980
3.136763,-0.306797,-0.235040,19.030365,0.000000,0.000000,0.000000,13990
3.135229,0.000000,-0.194219,19.030365,0.000000,0.000000,0.000000,14000
3.133695,0.000000,-0.173809,19.030365,0.000000,0.000000,0.000000,14010
3.130627,-0.306797,-0.240303,19.030365,0.000000,0.000000,0.000000,14020
3.129093,0.000000,-0.196851,19.030365,0.000000,0.000000,0.000000,14030
3.127559,0.000000,-0.175125,19.030365,0.000000,0.000000,0.000000,14040
3.124491,-0.306797,-0.240961,19.030365,0.000000,0.000000,0.000000,14050
3.122957,0.000000,-0.197180,19.030365,0.000000,0.000000,0.000000,14060
3.121423,0.000000,-0.175289,19.030365,0.000000,0.000000,0.000000,14070
3.119889,0.000000,-0.164344,19.030365,0.000000,0.000000,0.000000,14080
3.118355,0.000000,-0.158871,19.030365,0.000000,0.000000,0.000000,14090
3.115287,-0.306797,-0.232834,19.030365,0.000000,0.000000,0.000000,14100
3.113753,0.000000,-0.193116,19.030365,0.000000,0.000000,0.000000,14110
3.112219,0.000000,-0.173257,19.030365,0.000000,0.000000,0.000000,14120
3.110685,0.000000,-0.163328,19.030365,0.000000,0.000000,0.000000,14130
3.109151,0.000000,-0.158363,19.030365,0.000000,0.000000,0.000000,14140
3.107617,0.000000,-0.155881,19.030365,0.000000,0.000000,0.000000,14150
3.106083,0.000000,-0.154640,19.030365,0.000000,0.000000,0.000000,14160
3.104549,0.000000,-0.154019,19.030365,0.000000,0.000000,0.000000,14170
3.104549,0.000000,-0.077010,19.030365,0.000000,0.000000,0.000000,14180
3.103015,0.000000,-0.115204,19.030365,0.000000,0.000000,0.000000,14190
3.101481,0.000000,-0.134301,19.030365,0.000000,0.000000,0.000000,14200
3.099947,0.000000,-0.143850,19.030365,0.000000,0.000000,0.000000,14210
3.099947,0.000000,-0.071925,19.030365,0.000000,0.000000,0.000000,14220
3.098413,0.000000,-0.112662,19.030365,0.000000,0.000000,0.000000,14230
3.098413,0.000000,-0.056331,19.030365,0.000000,0.000000,0.000000,14240
3.096879,0.000000,-0.104865,19.030365,0.000000,0.000000,0.000000,14250
3.096879,0.000000,-0.052432,19.030365,0.000000,0.000000,0.000000,14260
3.096879,0.000000,-0.026216,19.030365,0.000000,0.000000,0.000000,14270
3.095345,0.000000,-0.089807,19.030365,0.000000,0.000000,0.000000,14280
3.095345,0.000000,-0.044904,19.030365,0.000000,0.000000,0.000000,14290
3.095345,0.000000,-0.022452,19.030365,0.000000,0.000000,0.000000,14300
3.095345,0.000000,-0.011226,19.030365,0.000000,0.000000,0.000000,14310
3.095345,0.000000,-0.005613,19.030365,0.000000,0.000000,0.000000,14320
3.095345,0.000000,-0.002806,19.030365,0.000000,0.000000,0.000000,14330
3.096879,0.000000,0.075296,19.030365,0.000000,0.000000,0.000000,14340
3.096879,0.000000,0.037648,19.030365,0.000000,0.000000,0.000000,14350
3.096879,0.000000,0.018824,19.030365,0.000000,0.000000,0.000000,14360
3.098413,0.000000,0.086111,19.030365,0.000000,0.000000,0.000000,14370
3.098413,0.000000,0.043056,19.030365,0.000000,0.000000,0.000000,14380
3.099947,0.000000,0.098227,19.030365,0.000000,0.000000,0.000000,14390
3.099947,0.000000,0.049114,19.030365,0.000000,0.000000,0.000000,14400
3.101481,0.000000,0.101256,19.030365,0.000000,0.000000,0.000000,14410
3.101481,0.000000,0.050628,19.030365,0.000000,0.000000,0.000000,14420
3.103015,0.000000,0.102013,19.030365,0.000000,0.000000,0.000000,14430
3.104549,0.000000,0.127706,19.030365,0.000000,0.000000,0.000000,14440
3.106083,0.000000,0.140552,19.030365,0.000000,0.000000,0.000000,14450
3.106083,0.000000,0.070276,19.030365,0.000000,0.000000,0.000000,14460
3.107617,0.000000,0.111837,19.030365,0.000000,0.000000,0.000000,14470
3.109151,0.000000,0.132618,19.030365,0.000000,0.000000,0.000000,14480
3.110685,0.000000,0.143008,19.030365,0.000000,0.000000,0.000000,14490
3.112219,0.000000,0.148203,19.030365,0.000000,0.000000,0.000000,14500
3.113753,0.000000,0.150801,19.030365,0.000000,0.000000,0.000000,14510
3.115287,0.000000,0.152100,19.030365,0.000000,0.000000,0.000000,14520
3.116821,0.000000,0.152749,19.030365,0.000000,0.000000,0.000000,14530
3.118355,0.000000,0.153074,19.030365,0.000000,0.000000,0.000000,14540
3.119889,0.000000,0.153236,19.030365,0.000000,0.000000,0.000000,14550
3.121423,0.000000,0.153317,19.030365,0.000000,0.000000,0.000000,14560
3.122957,0.000000,0.153358,19.030365,0.000000,0.000000,0.000000,14570
3.124491,0.000000,0.153378,19.030365,0.000000,0.000000,0.000000,14580
3.126025,0.000000,0.153388,19.030365,0.000000,0.000000,0.000000,14590
3.127559,0.000000,0.153393,19.030365,0.000000,0.000000,0.000000,14600
3.129093,0.000000,0.153396,19.030365,0.000000,0.000000,0.000000,14610
3.132161,0.306797,0.230097,19.030365,0.000000,0.000000,0.000000,14620
3.133695,0.000000,0.191748,19.030365,0.000000,0.000000,0.000000,14630
3.135229,0.000000,0.172573,19.030365,0.000000,0.000000,0.000000,14640
3.136763,0.000000,0.162986,19.030365,0.000000,0.000000,0.000000,14650
3.136763,0.000000,0.081493,19.030365,0.000000,0.000000,0.000000,14660
3.138297,0.000000,0.117446,19.030365,0.000000,0.000000,0.000000,14670
3.139831,0.000000,0.135422,19.030365,0.000000,0.000000,0.000000,14680
3.141365,0.000000,0.144410,19.030365,0.000000,0.000000,0.000000,14690
3.142899,0.000000,0.148904,19.030365,0.000000,0.000000,0.000000,14700
3.144433,0.000000,0.151151,19.030365,0.000000,0.000000,0.000000,14710
3.145967,0.000000,0.152275,19.030365,0.000000,0.000000,0.000000,14720
3.147501,0.000000,0.152837,19.030365,0.000000,0.000000,0.000000,14730
3.149035,0.000000,0.153118,19.030365,0.000000,0.000000,0.000000,14740
3.149035,0.000000,0.076559,19.030365,0.000000,0.000000,0.000000,14750
3.150568,0.000000,0.114979,19.030365,0.000000,0.000000,0.000000,14760
3.150568,0.000000,0.057489,19.030365,0.000000,0.000000,0.000000,14770
3.152102,0.000000,0.105444,19.030365,0.000000,0.000000,0.000000,14780
3.153636,0.000000,0.129421,19.030365,0.000000,0.000000,0.000000,14790
3.153636,0.000000,0.064711,19.030365,0.000000,0.000000,0.000000,14800
3.155170,0.000000,0.109055,19.030365,0.000000,0.000000,0.000000,14810
3.155170,0.000000,0.054527,19.030365,0.000000,0.000000,0.000000,14820
3.155170,0.000000,0.027264,19.030365,0.000000,0.000000,0.000000,14830
3.156704,0.000000,0.090331,19.030365,0.000000,0.000000,0.000000,14840
3.156704,0.000000,0.045166,19.030365,0.000000,0.000000,0.000000,14850
3.156704,0.000000,0.022583,19.030365,0.000000,0.000000,0.000000,14860
3.156704,0.000000,0.011291,19.030365,0.000000,0.000000,0.000000,14870
3.156704,0.000000,0.005646,19.030365,0.000000,0.000000,0.000000,14880
3.156704,0.000000,0.002823,19.030365,0.000000,0.000000,0.000000,14890
3.156704,0.000000,0.001411,19.030365,0.000000,0.000000,0.000000,14900
3.156704,0.000000,0.000706,19.030365,0.000000,0.000000,0.000000,14910
3.156704,0.000000,0.000353,19.030365,0.000000,0.000000,0.000000,14920
3.155170,0.000000,-0.076523,19.030365,0.000000,0.000000,0.000000,14930
3.155170,0.000000,-0.038261,19.030365,0.000000,0.000000,0.000000,14940
3.155170,0.000000,-0.019131,19.030365,0.000000,0.000000,0.000000,14950
3.153636,0.000000,-0.086265,19.030365,0.000000,0.000000,0.000000,14960
3.153636,0.000000,-0.043132,19.030365,0.000000,0.000000,0.000000,14970
3.152102,0.000000,-0.098265,19.030365,0.000000,0.000000,0.000000,14980
3.152102,0.000000,-0.049133,19.030365,0.000000,0.000000,0.000000,14990
3.150568,0.000000,-0.101266,19.030365,0.000000,0.000000,0.000000,15000
3.150568,0.000000,-0.050633,19.030365,0.000000,0.000000,0.000000,15010
3.149035,0.000000,-0.102016,19.030365,0.000000,0.000000,0.000000,15020
3.147501,0.000000,-0.127707,19.030365,0.000000,0.000000,0.000000,15030
3.147501,0.000000,-0.063854,19.030365,0.000000,0.000000,0.000000,15040
3.145967,0.000000,-0.108626,19.030365,0.000000,0.000000,0.000000,15050
3.144433,0.000000,-0.131012,19.030365,0.000000,0.000000,0.000000,15060
3.144433,0.000000,-0.065506,19.030365,0.000000,0.000000,0.000000,15070
3.142899,0.000000,-0.109452,19.030365,0.000000,0.000000,0.000000,15080
3.141365,0.000000,-0.131425,19.030365,0.000000,0.000000,0.000000,15090
3.139831,0.000000,-0.142412,19.030365,0.000000,0.000000,0.000000,15100
3.138297,0.000000,-0.147905,19.030365,0.000000,0.000000,0.000000,15110
3.136763,0.000000,-0.150652,19.030365,0.000000,0.000000,0.000000,15120
3.136763,0.000000,-0.075326,19.030365,0.000000,0.000000,0.000000,15130
3.135229,0.000000,-0.114362,19.030365,0.000000,0.000000,0.000000,15140
3.133695,0.000000,-0.133880,19.030365,0.000000,0.000000,0.000000,15150
3.132161,0.000000,-0.143639,19.030365,0.000000,0.000000,0.000000,15160
3.130627,0.000000,-0.148519,19.030365,0.000000,0.000000,0.000000,15170
3.129093,0.000000,-0.150959,19.030365,0.000000,0.000000,0.000000,15180
3.129093,0.000000,-0.075479,19.030365,0.000000,0.000000,0.000000,15190
3.127559,0.000000,-0.114439,19.030365,0.000000,0.000000,0.000000,15200
3.126025,0.000000,-0.133919,19.030365,0.000000,0.000000,0.000000,15210
3.124491,0.000000,-0.143659,19.030365,0.000000,0.000000,0.000000,15220
3.124491,0.000000,-0.071829,19.030365,0.000000,0.000000,0.000000,15230
3.122957,0.000000,-0.112614,19.030365,0.000000,0.000000,0.000000,15240
3.121423,0.000000,-0.133006,19.030365,0.000000,0.000000,0.000000,15250
3.119889,0.000000,-0.143202,19.030365,0.000000,0.000000,0.000000,15260
3.119889,0.000000,-0.071601,19.030365,0.000000,0.000000,0.000000,15270
3.118355,0.000000,-0.112500,19.030365,0.000000,0.000000,0.000000,15280
3.116821,0.000000,-0.132949,19.030365,0.000000,0.000000,0.000000,15290
3.115287,0.000000,-0.143174,19.030365,0.000000,0.000000,0.000000,15300
3.115287,0.000000,-0.071587,19.030365,0.000000,0.000000,0.000000,15310
3.113753,0.000000,-0.112493,19.030365,0.000000,0.000000,0.000000,15320
3.113753,0.000000,-0.056246,19.030365,0.000000,0.000000,0.000000,15330
3.113753,0.000000,-0.028123,19.030365,0.000000,0.000000,0.000000,15340
3.112219,0.000000,-0.090761,19.030365,0.000000,0.000000,0.000000,15350
3.110685,0.000000,-0.122080,19.030365,0.000000,0.000000,0.000000,15360
3.110685,0.000000,-0.061040,19.030365,0.000000,0.000000,0.000000,15370
3.110685,0.000000,-0.030520,19.030365,0.000000,0.000000,0.000000,15380
3.110685,0.000000,-0.015260,19.030365,0.000000,0.000000,0.000000,15390
3.109151,0.000000,-0.084329,19.030365,0.000000,0.000000,0.000000,15400
3.109151,0.000000,-0.042165,19.030365,0.000000,0.000000,0.000000,15410
3.109151,0.000000,-0.021082,19.030365,0.000000,0.000000,0.000000,15420
3.109151,0.000000,-0.010541,19.030365,0.000000,0.000000,0.000000,15430
3.109151,0.000000,-0.005271,19.030365,0.000000,0.000000,0.000000,15440
3.109151,0.000000,-0.002635,19.030365,0.000000,0.000000,0.000000,15450
3.109151,0.000000,-0.001318,19.030365,0.000000,0.000000,0.000000,15460
3.109151,0.000000,-0.000659,19.030365,0.000000,0.000000,0.000000,15470
3.109151,0.000000,-0.000329,19.030365,0.000000,0.000000,0.000000,15480
3.109151,0.000000,-0.000165,19.030365,0.000000,0.000000,0.000000,15490
3.109151,0.000000,-0.000082,19.030365,0.000000,0.000000,0.000000,15500
3.109151,0.000000,-0.000041,19.030365,0.000000,0.000000,0.000000,15510
3.109151,0.000000,-0.000021,19.030365,0.000000,0.000000,0.000000,15520
3.110685,0.000000,0.076689,19.030365,0.000000,0.000000,0.000000,15530
3.110685,0.000000,0.038344,19.030365,0.000000,0.000000,0.000000,15540
3.112219,0.000000,0.095871,19.030365,0.000000,0.000000,0.000000,15550
3.112219,0.000000,0.047936,19.030365,0.000000,0.000000,0.000000,15560
3.112219,0.000000,0.023968,19.030365,0.000000,0.000000,0.000000,15570
3.113753,0.000000,0.088683,19.030365,0.000000,0.000000,0.000000,15580
3.113753,0.000000,0.044342,19.030365,0.000000,0.000000,0.000000,15590
3.113753,0.000000,0.022171,19.030365,0.000000,0.000000,0.000000,15600
3.115287,0.000000,0.087785,19.030365,0.000000,0.000000,0.000000,15610
3.115287,0.000000,0.043892,19.030365,0.000000,0.000000,0.000000,15620
3.116821,0.000000,0.098645,19.030365,0.000000,0.000000,0.000000,15630
3.118355,0.000000,0.126022,19.030365,0.000000,0.000000,0.000000,15640
3.118355,0.000000,0.063011,19.030365,0.000000,0.000000,0.000000,15650
3.119889,0.000000,0.108205,19.030365,0.000000,0.000000,0.000000,15660
3.119889,0.000000,0.054102,19.030365,0.000000,0.000000,0.000000,15670
3.121423,0.000000,0.103750,19.030365,0.000000,0.000000,0.000000,15680
3.121423,0.000000,0.051875,19.030365,0.000000,0.000000,0.000000,15690
3.122957,0.000000,0.102637,19.030365,0.000000,0.000000,0.000000,15700
3.124491,0.000000,0.128018,19.030365,0.000000,0.000000,0.000000,15710
3.124491,0.000000,0.064009,19.030365,0.000000,0.000000,0.000000,15720
3.126025,0.000000,0.108704,19.030365,0.000000,0.000000,0.000000,15730
3.127559,0.000000,0.131051,19.030365,0.000000,0.000000,0.000000,15740
3.127559,0.000000,0.065526,19.030365,0.000000,0.000000,0.000000,15750
3.129093,0.000000,0.109462,19.030365,0.000000,0.000000,0.000000,15760
3.129093,0.000000,0.054731,19.030365,0.000000,0.000000,0.000000,15770
3.130627,0.000000,0.104065,19.030365,0.000000,0.000000,0.000000,15780
3.132161,0.000000,0.128732,19.030365,0.000000,0.000000,0.000000,15790
3.132161,0.000000,0.064366,19.030365,0.000000,0.000000,0.000000,15800
3.133695,0.000000,0.108882,19.030365,0.000000,0.000000,0.000000,15810
3.135229,0.000000,0.131140,19.030365,0.000000,0.000000,0.000000,15820
3.135229,0.000000,0.065570,19.030365,0.000000,0.000000,0.000000,15830
3.136763,0.000000,0.109484,19.030365,0.000000,0.000000,0.000000,15840
3.136763,0.000000,0.054742,19.030365,0.000000,0.000000,0.000000,15850
3.136763,0.000000,0.027371,19.030365,0.000000,0.000000,0.000000,15860
3.138297,0.000000,0.090385,19.030365,0.000000,0.000000,0.000000,15870
3.138297,0.000000,0.045192,19.030365,0.000000,0.000000,0.000000,15880
3.139831,0.000000,0.099295,19.030365,0.000000,0.000000,0.000000,15890
3.139831,0.000000,0.049648,19.030365,0.000000,0.000000,0.000000,15900
3.141365,0.000000,0.101523,19.030365,0.000000,0.000000,0.000000,15910
3.141365,0.000000,0.050762,19.030365,0.000000,0.000000,0.000000,15920
3.141365,0.000000,0.025381,19.030365,0.000000,0.000000,0.000000,15930
3.142899,0.000000,0.089390,19.030365,0.000000,0.000000,0.000000,15940
3.142899,0.000000,0.044695,19.030365,0.000000,0.000000,0.000000,15950
3.142899,0.000000,0.022347,19.030365,0.000000,0.000000,0.000000,15960
3.144433,0.000000,0.087873,19.030365,0.000000,0.000000,0.000000,15970
3.144433,0.000000,0.043936,19.030365,0.000000,0.000000,0.000000,15980
3.144433,0.000000,0.021968,19.030365,0.000000,0.000000,0.000000,15990
3.144433,0.000000,0.010984,19.030365,0.000000,0.000000,0.000000,16000
3.144433,0.000000,0.005492,19.030365,0.000000,0.000000,0.000000,16010
3.144433,0.000000,0.002746,19.030365,0.000000,0.000000,0.000000,16020
3.144433,0.000000,0.001373,19.030365,0.000000,0.000000,0.000000,16030
3.144433,0.000000,0.000687,19.030365,0.000000,0.000000,0.000000,16040
3.144433,0.000000,0.000343,19.030365,0.000000,0.000000,0.000000,16050
3.144433,0.000000,0.000172,19.030365,0.000000,0.000000,0.000000,16060
3.144433,0.000000,0.000086,19.030365,0.000000,0.000000,0.000000,16070
3.144433,0.000000,0.000043,19.030365,0.000000,0.000000,0.000000,16080
3.144433,0.000000,0.000021,19.030365,0.000000,0.000000,0.000000,16090
3.142899,0.000000,-0.076689,19.030365,0.000000,0.000000,0.000000,16100
3.142899,0.000000,-0.038344,19.030365,0.000000,0.000000,0.000000,16110
3.142899,0.000000,-0.019172,19.030365,0.000000,0.000000,0.000000,16120
3.142899,0.000000,-0.009586,19.030365,0.000000,0.000000,0.000000,16130
3.141365,0.000000,-0.081492,19.030365,0.000000,0.000000,0.000000,16140
3.141365,0.000000,-0.040746,19.030365,0.000000,0.000000,0.000000,16150
3.141365,0.000000,-0.020373,19.030365,0.000000,0.000000,0.000000,16160
3.139831,0.000000,-0.086886,19.030365,0.000000,0.000000,0.000000,16170
3.139831,0.000000,-0.043443,19.030365,0.000000,0.000000,0.000000,16180
3.139831,0.000000,-0.021721,19.030365,0.000000,0.000000,0.000000,16190
3.138297,0.000000,-0.087560,19.030365,0.000000,0.000000,0.000000,16200
3.138297,0.000000,-0.043780,19.030365,0.000000,0.000000,0.000000,16210
3.138297,0.000000,-0.021890,19.030365,0.000000,0.000000,0.000000,16220
3.136763,0.000000,-0.087644,19.030365,0.000000,0.000000,0.000000,16230
3.136763,0.000000,-0.043822,19.030365,0.000000,0.000000,0.000000,16240
3.136763,0.000000,-0.021911,19.030365,0.000000,0.000000,0.000000,16250
3.135229,0.000000,-0.087655,19.030365,0.000000,0.000000,0.000000,16260
3.135229,0.000000,-0.043827,19.030365,0.000000,0.000000,0.000000,16270
3.133695,0.000000,-0.098613,19.030365,0.000000,0.000000,0.000000,16280
3.133695,0.000000,-0.049306,19.030365,0.000000,0.000000,0.000000,16290
3.132161,0.000000,-0.101352,19.030365,0.000000,0.000000,0.000000,16300
3.132161,0.000000,-0.050676,19.030365,0.000000,0.000000,0.000000,16310
3.130627,0.000000,-0.102037,19.030365,0.000000,0.000000,0.000000,16320
3.130627,0.000000,-0.051019,19.030365,0.000000,0.000000,0.000000,16330
3.129093,0.000000,-0.102209,19.030365,0.000000,0.000000,0.000000,16340
3.129093,0.000000,-0.051104,19.030365,0.000000,0.000000,0.000000,16350
3.129093,0.000000,-0.025552,19.030365,0.000000,0.000000,0.000000,16360
3.127559,0.000000,-0.089475,19.030365,0.000000,0.000000,0.000000,16370
3.127559,0.000000,-0.044738,19.030365,0.000000,0.000000,0.000000,16380
3.126025,0.000000,-0.099068,19.030365,0.000000,0.000000,0.000000,16390
3.126025,0.000000,-0.049534,19.030365,0.000000,0.000000,0.000000,16400
3.126025,0.000000,-0.024767,19.030365,0.000000,0.000000,0.000000,16410
3.124491,0.000000,-0.089083,19.030365,0.000000,0.000000,0.000000,16420
3.124491,0.000000,-0.044541,19.030365,0.000000,0.000000,0.000000,16430
3.124491,0.000000,-0.022271,19.030365,0.000000,0.000000,0.000000,16440
3.124491,0.000000,-0.011135,19.030365,0.000000,0.000000,0.000000,16450
3.122957,0.000000,-0.082267,19.030365,0.000000,0.000000,0.000000,16460
3.122957,0.000000,-0.041133,19.030365,0.000000,0.000000,0.000000,16470
3.122957,0.000000,-0.020567,19.030365,0.000000,0.000000,0.000000,16480
3.121423,0.000000,-0.086983,19.030365,0.000000,0.000000,0.000000,16490
3.121423,0.000000,-0.043491,19.030365,0.000000,0.000000,0.000000,16500
3.121423,0.000000,-0.021746,19.030365,0.000000,0.000000,0.000000,16510
3.121423,0.000000,-0.010873,19.030365,0.000000,0.000000,0.000000,16520
3.121423,0.000000,-0.005436,19.030365,0.000000,0.000000,0.000000,16530
3.121423,0.000000,-0.002718,19.030365,0.000000,0.000000,0.000000,16540
3.119889,0.000000,-0.078058,19.030365,0.000000,0.000000,0.000000,16550
3.119889,0.000000,-0.039029,19.030365,0.000000,0.000000,0.000000,16560
3.119889,0.000000,-0.019515,19.030365,0.000000,0.000000,0.000000,16570
3.119889,0.000000,-0.009757,19.030365,0.000000,0.000000,0.000000,16580
3.119889,0.000000,-0.004879,19.030365,0.000000,0.000000,0.000000,16590
3.119889,0.000000,-0.002439,19.030365,0.000000,0.000000,0.000000,16600
3.119889,0.000000,-0.001220,19.030365,0.000000,0.000000,0.000000,16610
3.119889,0.000000,-0.000610,19.030365,0.000000,0.000000,0.000000,16620
3.119889,0.000000,-0.000305,19.030365,0.000000,0.000000,0.000000,16630
3.119889,0.000000,-0.000152,19.030365,0.000000,0.000000,0.000000,16640
3.121423,0.000000,0.076623,19.030365,0.000000,0.000000,0.000000,16650
3.121423,0.000000,0.038312,19.030365,0.000000,0.000000,0.000000,16660
3.121423,0.000000,0.019156,19.030365,0.000000,0.000000,0.000000,16670
3.121423,0.000000,0.009578,19.030365,0.000000,0.000000,0.000000,16680
3.121423,0.000000,0.004789,19.030365,0.000000,0.000000,0.000000,16690
3.121423,0.000000,0.002394,19.030365,0.000000,0.000000,0.000000,16700
3.121423,0.000000,0.001197,19.030365,0.000000,0.000000,0.000000,16710
3.122957,0.000000,0.077298,19.030365,0.000000,0.000000,0.000000,16720
3.122957,0.000000,0.038649,19.030365,0.000000,0.000000,0.000000,16730
3.122957,0.000000,0.019324,19.030365,0.000000,0.000000,0.000000,16740
3.122957,0.000000,0.009662,19.030365,0.000000,0.000000,0.000000,16750
3.122957,0.000000,0.004831,19.030365,0.000000,0.000000,0.000000,16760
3.124491,0.000000,0.079115,19.030365,0.000000,0.000000,0.000000,16770
3.124491,0.000000,0.039557,19.030365,0.000000,0.000000,0.000000,16780
3.124491,0.000000,0.019779,19.030365,0.000000,0.000000,0.000000,16790
3.124491,0.000000,0.009889,19.030365,0.000000,0.000000,0.000000,16800
3.124491,0.000000,0.004945,19.030365,0.000000,0.000000,0.000000,16810
3.124491,0.000000,0.002472,19.030365,0.000000,0.000000,0.000000,16820
3.126025,0.000000,0.077935,19.030365,0.000000,0.000000,0.000000,16830
3.126025,0.000000,0.038968,19.030365,0.000000,0.000000,0.000000,16840
3.126025,0.000000,0.019484,19.030365,0.000000,0.000000,0.000000,16850
3.127559,0.000000,0.086441,19.030365,0.000000,0.000000,0.000000,16860
3.127559,0.000000,0.043221,19.030365,0.000000,0.000000,0.000000,16870
3.127559,0.000000,0.021610,19.030365,0.000000,0.000000,0.000000,16880
3.127559,0.000000,0.010805,19.030365,0.000000,0.000000,0.000000,16890
3.129093,0.000000,0.082102,19.030365,0.000000,0.000000,0.000000,16900
3.129093,0.000000,0.041051,19.030365,0.000000,0.000000,0.000000,16910
3.129093,0.000000,0.020525,19.030365,0.000000,0.000000,0.000000,16920
3.129093,0.000000,0.010263,19.030365,0.000000,0.000000,0.000000,16930
3.130627,0.000000,0.081831,19.030365,0.000000,0.000000,0.000000,16940
3.130627,0.000000,0.040915,19.030365,0.000000,0.000000,0.000000,16950
3.130627,0.000000,0.020458,19.030365,0.000000,0.000000,0.000000,16960
3.130627,0.000000,0.010229,19.030365,0.000000,0.000000,0.000000,16970
3.132161,0.000000,0.081814,19.030365,0.000000,0.000000,0.000000,16980
3.132161,0.000000,0.040907,19.030365,0.000000,0.000000,0.000000,16990
3.132161,0.000000,0.020453,19.030365,0.000000,0.000000,0.000000,17000
3.132161,0.000000,0.010227,19.030365,0.000000,0.000000,0.000000,17010
3.132161,0.000000,0.005113,19.030365,0.000000,0.000000,0.000000,17020
3.133695,0.000000,0.079256,19.030365,0.000000,0.000000,0.000000,17030
3.133695,0.000000,0.039628,19.030365,0.000000,0.000000,0.000000,17040
3.133695,0.000000,0.019814,19.030365,0.000000,0.000000,0.000000,17050
3.133695,0.000000,0.009907,19.030365,0.000000,0.000000,0.000000,17060
3.133695,0.000000,0.004953,19.030365,0.000000,0.000000,0.000000,17070
3.133695,0.000000,0.002477,19.030365,0.000000,0.000000,0.000000,17080
3.135229,0.000000,0.077938,19.030365,0.000000,0.000000,0.000000,17090
3.135229,0.000000,0.038969,19.030365,0.000000,0.000000,0.000000,17100
3.135229,0.000000,0.019484,19.030365,0.000000,0.000000,0.000000,17110
3.135229,0.000000,0.009742,19.030365,0.000000,0.000000,0.000000,17120
3.135229,0.000000,0.004871,19.030365,0.000000,0.000000,0.000000,17130
3.135229,0.000000,0.002436,19.030365,0.000000,0.000000,0.000000,17140
3.135229,0.000000,0.001218,19.030365,0.000000,0.000000,0.000000,17150
3.135229,0.000000,0.000609,19.030365,0.000000,0.000000,0.000000,17160
3.135229,0.000000,0.000304,19.030365,0.000000,0.000000,0.000000,17170
3.135229,0.000000,0.000152,19.030365,0.000000,0.000000,0.000000,17180
3.135229,0.000000,0.000076,19.030365,0.000000,0.000000,0.000000,17190
3.135229,0.000000,0.000038,19.030365,0.000000,0.000000,0.000000,17200
3.135229,0.000000,0.000019,19.030365,0.000000,0.000000,0.000000,17210
3.135229,0.000000,0.000010,19.030365,0.000000,0.000000,0.000000,17220
3.135229,0.000000,0.000005,19.030365,0.000000,0.000000,0.000000,17230
3.133695,0.000000,-0.076697,19.030365,0.000000,0.000000,0.000000,17240
3.133695,0.000000,-0.038348,19.030365,0.000000,0.000000,0.000000,17250
3.133695,0.000000,-0.019174,19.030365,0.000000,0.000000,0.000000,17260
3.133695,0.000000,-0.009587,19.030365,0.000000,0.000000,0.000000,17270
3.133695,0.000000,-0.004794,19.030365,0.000000,0.000000,0.000000,17280
3.133695,0.000000,-0.002397,19.030365,0.000000,0.000000,0.000000,17290
3.133695,0.000000,-0.001198,19.030365,0.000000,0.000000,0.000000,17300
3.133695,0.000000,-0.000599,19.030365,0.000000,0.000000,0.000000,17310
3.133695,0.000000,-0.000300,19.030365,0.000000,0.000000,0.000000,17320
3.133695,0.000000,-0.000150,19.030365,0.000000,0.000000,0.000000,17330
3.132161,0.000000,-0.076774,19.030365,0.000000,0.000000,0.000000,17340
3.132161,0.000000,-0.038387,19.030365,0.000000,0.000000,0.000000,17350
3.132161,0.000000,-0.019194,19.030365,0.000000,0.000000,0.000000,17360
3.132161,0.000000,-0.009597,19.030365,0.000000,0.000000,0.000000,17370
3.132161,0.000000,-0.004798,19.030365,0.000000,0.000000,0.000000,17380
3.132161,0.000000,-0.002399,19.030365,0.000000,0.000000,0.000000,17390
3.132161,0.000000,-0.001200,19.030365,0.000000,0.000000,0.000000,17400
3.132161,0.000000,-0.000600,19.030365,0.000000,0.000000,0.000000,17410
3.132161,0.000000,-0.000300,19.030365,0.000000,0.000000,0.000000,17420
3.130627,0.000000,-0.076849,19.030365,0.000000,0.000000,0.000000,17430
3.130627,0.000000,-0.038425,19.030365,0.000000,0.000000,0.000000,17440
3.130627,0.000000,-0.019212,19.030365,0.000000,0.000000,0.000000,17450
3.130627,0.000000,-0.009606,19.030365,0.000000,0.000000,0.000000,17460
3.130627,0.000000,-0.004803,19.030365,0.000000,0.000000,0.000000,17470
3.130627,0.000000,-0.002402,19.030365,0.000000,0.000000,0.000000,17480
3.130627,0.000000,-0.001201,19.030365,0.000000,0.000000,0.000000,17490
3.129093,0.000000,-0.077300,19.030365,0.000000,0.000000,0.000000,17500
3.129093,0.000000,-0.038650,19.030365,0.000000,0.000000,0.000000,17510
3.129093,0.000000,-0.019325,19.030365,0.000000,0.000000,0.000000,17520
3.129093,0.000000,-0.009662,19.030365,0.000000,0.000000,0.000000,17530
3.129093,0.000000,-0.004831,19.030365,0.000000,0.000000,0.000000,17540
3.129093,0.000000,-0.002416,19.030365,0.000000,0.000000,0.000000,17550
3.129093,0.000000,-0.001208,19.030365,0.000000,0.000000,0.000000,17560
3.129093,0.000000,-0.000604,19.030365,0.000000,0.000000,0.000000,17570
3.129093,0.000000,-0.000302,19.030365,0.000000,0.000000,0.000000,17580
3.129093,0.000000,-0.000151,19.030365,0.000000,0.000000,0.000000,17590
3.129093,0.000000,-0.000075,19.030365,0.000000,0.000000,0.000000,17600
3.129093,0.000000,-0.000038,19.030365,0.000000,0.000000,0.000000,17610
3.129093,0.000000,-0.000019,19.030365,0.000000,0.000000,0.000000,17620
3.129093,0.000000,-0.000009,19.030365,0.000000,0.000000,0.000000,17630
3.129093,0.000000,-0.000005,19.030365,0.000000,0.000000,0.000000,17640
3.129093,0.000000,-0.000002,19.030365,0.000000,0.000000,0.000000,17650
3.129093,0.000000,-0.000001,19.030365,0.000000,0.000000,0.000000,17660
3.129093,0.000000,-0.000001,19.030365,0.000000,0.000000,0.000000,17670
3.129093,0.000000,-0.000000,19.030365,0.000000,0.000000,0.000000,17680
3.129093,0.000000,-0.000000,19.030365,0.000000,0.000000,0.000000,17690
3.129093,0.000000,-0.000000,19.030365,0.000000,0.000000,0.000000,17700
3.127559,0.000000,-0.076699,19.030365,0.000000,0.000000,0.000000,17710
3.129093,0.000000,0.038350,19.030365,0.000000,0.000000,0.000000,17720
3.129093,0.000000,0.019175,19.030365,0.000000,0.000000,0.000000,17730
3.129093,0.000000,0.009587,19.030365,0.000000,0.000000,0.000000,17740
3.129093,0.000000,0.004794,19.030365,0.000000,0.000000,0.000000,17750
3.129093,0.000000,0.002397,19.030365,0.000000,0.000000,0.000000,17760
3.129093,0.000000,0.001198,19.030365,0.000000,0.000000,0.000000,17770
3.129093,0.000000,0.000599,19.030365,0.000000,0.000000,0.000000,17780
3.129093,0.000000,0.000300,19.030365,0.000000,0.000000,0.000000,17790
3.129093,0.000000,0.000150,19.030365,0.000000,0.000000,0.000000,17800
3.129093,0.000000,0.000075,19.030365,0.000000,0.000000,0.000000,17810
3.129093,0.000000,0.000037,19.030365,0.000000,0.000000,0.000000,17820
3.129093,0.000000,0.000019,19.030365,0.000000,0.000000,0.000000,17830
3.129093,0.000000,0.000009,19.030365,0.000000,0.000000,0.000000,17840
3.129093,0.000000,0.000005,19.030365,0.000000,0.000000,0.000000,17850
3.129093,0.000000,0.000002,19.030365,0.000000,0.000000,0.000000,17860
3.129093,0.000000,0.000001,19.030365,0.000000,0.000000,0.000000,17870
3.129093,0.000000,0.000001,19.030365,0.000000,0.000000,0.000000,17880
3.129093,0.000000,0.000000,19.030365,0.000000,0.000000,0.000000,17890
3.129093,0.000000,0.000000,19.030365,0.000000,0.000000,0.000000,17900
3.129093,0.000000,0.000000,19.030365,0.000000,0.000000,0.000000,17910
3.129093,0.000000,0.000000,19.030365,0.000000,0.000000,0.000000,17920
3.129093,0.000000,0.000000,19.030365,0.000000,0.000000,0.000000,17930
3.129093,0.000000,0.000000,19.030365,0.000000,0.000000,0.000000,17940
3.129093,0.000000,0.000000,19.030365,0.000000,0.000000,0.000000,17950
3.129093,0.000000,0.000000,19.030365,0.000000,0.000000,0.000000,17960
3.129093,0.000000,0.000000,19.030365,0.000000,0.000000,0.000000,17970
3.129093,0.000000,0.000000,19.030365,0.000000,0.000000,0.000000,17980
3.129093,0.000000,0.000000,19.030365,0.000000,0.000000,0.000000,17990
3.129093,0.000000,0.000000,19.030365,0.000000,0.000000,0.000000,18000
3.129093,0.000000,0.000000,19.030365,0.000000,0.000000,0.000000,18010
3.129093,0.000000,0.000000,19.030365,0.000000,0.000000,0.000000,18020
3.129093,0.000000,0.000000,19.030365,0.000000,0.000000,0.000000,18030
3.129093,0.000000,0.000000,19.030365,0.000000,0.000000,0.000000,18040
3.129093,0.000000,0.000000,19.030365,0.000000,0.000000,0.000000,18050
3.129093,0.000000,0.000000,19.030365,0.000000,0.000000,0.000000,18060
3.129093,0.000000,0.000000,19.030365,0.000000,0.000000,0.000000,18070
3.129093,0.000000,0.000000,19.030365,0.000000,0.000000,0.000000,18080
3.129093,0.000000,0.000000,19.030365,0.000000,0.000000,0.000000,18090
3.129093,0.000000,0.000000,19.030365,0.000000,0.000000,0.000000,18100
3.129093,0.000000,0.000000,19.030365,0.000000,0.000000,0.000000,18110
3.129093,0.000000,0.000000,19.030365,0.000000,0.000000,0.000000,18120
3.129093,0.000000,0.000000,19.030365,0.000000,0.000000,0.000000,18130
3.129093,0.000000,0.000000,19.030365,0.000000,0.000000,0.000000,18140
3.129093,0.000000,0.000000,19.030365,0.000000,0.000000,0.000000,18150
3.129093,0.000000,0.000000,19.030365,0.000000,0.000000,0.000000,18160
3.129093,0.000000,0.000000,19.030365,0.000000,0.000000,0.000000,18170
3.129093,0.000000,0.000000,19.030365,0.000000,0.000000,0.000000,18180
3.129093,0.000000,0.000000,19.030365,0.000000,0.000000,0.000000,18190
3.129093,0.000000,0.000000,19.030365,0.000000,0.000000,0.000000,18200
3.129093,0.000000,0.000000,19.030365,0.000000,0.000000,0.000000,18210
3.130627,0.000000,0.076699,19.030365,0.000000,0.000000,0.000000,18220
3.129093,0.000000,-0.038350,19.030365,0.000000,0.000000,0.000000,18230
3.129093,0.000000,-0.019175,19.030365,0.000000,0.000000,0.000000,18240
3.129093,0.000000,-0.009587,19.030365,0.000000,0.000000,0.000000,18250
3.129093,0.000000,-0.004794,19.030365,0.000000,0.000000,0.000000,18260
3.129093,0.000000,-0.002397,19.030365,0.000000,0.000000,0.000000,18270
3.130627,0.000000,0.075501,19.030365,0.000000,0.000000,0.000000,18280
3.129093,0.000000,-0.038949,19.030365,0.000000,0.000000,0.000000,18290
3.129093,0.000000,-0.019474,19.030365,0.000000,0.000000,0.000000,18300
3.130627,0.000000,0.066962,19.030365,0.000000,0.000000,0.000000,18310