3.124491,0.000000,0.000000,0.094174,0.000000,-0.000000,0.000000,25580
3.124491,0.000000,0.000000,0.094174,0.000000,-0.000000,0.000000,25590
3.124491,0.000000,0.000000,0.094174,0.000000,-0.000000,0.000000,25600
3.124491,0.000000,0.000000,0.094174,0.000000,-0.000000,0.000000,25610
3.124491,0.000000,0.000000,0.094174,0.000000,-0.000000,0.000000,25620
3.124491,0.000000,0.000000,0.094174,0.000000,-0.000000,0.000000,25630
3.124491,0.000000,0.000000,0.094174,0.000000,-0.000000,0.000000,25640
3.124491,0.000000,0.000000,0.094174,0.000000,-0.000000,0.000000,25650
3.124491,0.000000,0.000000,0.094174,0.000000,-0.000000,0.000000,25660
3.124491,0.000000,0.000000,0.094174,0.000000,-0.000000,0.000000,25670
3.124491,0.000000,0.000000,0.094174,0.000000,-0.000000,0.000000,25680
3.124491,0.000000,0.000000,0.094174,0.000000,-0.000000,0.000000,25690
3.124491,0.000000,0.000000,0.094174,0.000000,-0.000000,0.000000,25700
3.124491,0.000000,0.000000,0.094174,0.000000,-0.000000,0.000000,25710
3.124491,0.000000,0.000000,0.094174,0.000000,-0.000000,0.000000,25720
3.124491,0.000000,0.000000,0.094174,0.000000,-0.000000,0.000000,25730
3.124491,0.000000,0.000000,0.094174,0.000000,-0.000000,0.000000,25740
3.124491,0.000000,0.000000,0.094174,0.000000,-0.000000,0.000000,25750
3.124491,0.000000,0.000000,0.094174,0.000000,-0.000000,0.000000,25760
3.124491,0.000000,0.000000,0.094174,0.000000,-0.000000,0.000000,25770
3.124491,0.000000,0.000000,0.094174,0.000000,-0.000000,0.000000,25780
3.124491,0.000000,0.000000,0.094174,0.000000,-0.000000,0.000000,25790
3.124491,0.000000,0.000000,0.094174,0.000000,-0.000000,0.000000,25800
3.124491,0.000000,0.000000,0.094174,0.000000,-0.000000,0.000000,25810
3.124491,0.000000,0.000000,0.094174,0.000000,-0.000000,0.000000,25820
3.124491,0.000000,0.000000,0.094174,0.000000,-0.000000,0.000000,25830
3.124491,0.000000,0.000000,0.094174,0.000000,-0.000000,0.000000,25840
3.124491,0.000000,0.000000,0.094174,0.000000,-0.000000,0.000000,25850
3.124491,0.000000,0.000000,0.094174,0.000000,-0.000000,0.000000,25860
3.124491,0.000000,0.000000,0.094174,0.000000,-0.000000,0.000000,25870
3.124491,0.000000,0.000000,0.094174,0.000000,-0.000000,0.000000,25880
3.124491,0.000000,0.000000,0.094174,0.000000,-0.000000,0.000000,25890
3.124491,0.000000,0.000000,0.094174,0.000000,-0.000000,0.000000,25900
3.124491,0.000000,0.000000,0.094174,0.000000,-0.000000,0.000000,25910
3.124491,0.000000,0.000000,0.094174,0.000000,-0.000000,0.000000,25920
3.124491,0.000000,0.000000,0.094174,0.000000,-0.000000,0.000000,25930
3.124491,0.000000,0.000000,0.094174,0.000000,-0.000000,0.000000,25940
3.124491,0.000000,0.000000,0.094174,0.000000,-0.000000,0.000000,25950
3.124491,0.000000,0.000000,0.094174,0.000000,-0.000000,0.000000,25960
3.124491,0.000000,0.000000,0.094174,0.000000,-0.000000,0.000000,25970
3.124491,0.000000,0.000000,0.094174,0.000000,-0.000000,0.000000,25980
3.124491,0.000000,0.000000,0.094174,0.000000,-0.000000,0.000000,25990
3.124491,0.000000,0.000000,0.094174,0.000000,-0.000000,0.000000,26000
3.124491,0.000000,0.000000,0.094174,0.000000,-0.000000,0.000000,26010
3.124491,0.000000,0.000000,0.094174,0.000000,-0.000000,0.000000,26020
3.124491,0.000000,0.000000,0.094174,0.000000,-0.000000,0.000000,26030
3.124491,0.000000,0.000000,0.094174,0.000000,-0.000000,0.000000,26040
3.124491,0.000000,0.000000,0.094174,0.000000,-0.000000,0.000000,26050
3.124491,0.000000,0.000000,0.094174,0.000000,-0.000000,0.000000,26060
3.124491,0.000000,0.000000,0.094174,0.000000,-0.000000,0.000000,26070
3.124491,0.000000,0.000000,0.094174,0.000000,-0.000000,0.000000,26080
3.124491,0.000000,0.000000,0.094174,0.000000,-0.000000,0.000000,26090
3.124491,0.000000,0.000000,0.094174,0.000000,-0.000000,0.000000,26100
3.124491,0.000000,0.000000,0.094174,0.000000,-0.000000,0.000000,26110
3.124491,0.000000,0.000000,0.094174,0.000000,-0.000000,0.000000,26120
3.124491,0.000000,0.000000,0.094174,0.000000,-0.000000,0.000000,26130
3.124491,0.000000,0.000000,0.094174,0.000000,-0.000000,0.000000,26140
3.124491,0.000000,0.000000,0.094174,0.000000,-0.000000,0.000000,26150
3.124491,0.000000,0.000000,0.094174,0.000000,-0.000000,0.000000,26160
3.124491,0.000000,0.000000,0.094174,0.000000,-0.000000,0.000000,26170
3.124491,0.000000,0.000000,0.094174,0.000000,-0.000000,0.000000,26180
3.124491,0.000000,0.000000,0.094174,0.000000,-0.000000,0.000000,26190
3.124491,0.000000,0.000000,0.094174,0.000000,-0.000000,0.000000,26200
3.124491,0.000000,0.000000,0.094174,0.000000,-0.000000,0.000000,26210
3.124491,0.000000,0.000000,0.094174,0.000000,-0.000000,0.000000,26220
3.124491,0.000000,0.000000,0.094174,0.000000,-0.000000,0.000000,26230
3.124491,0.000000,0.000000,0.094174,0.000000,-0.000000,0.000000,26240
3.124491,0.000000,0.000000,0.094174,0.000000,-0.000000,0.000000,26250
3.124491,0.000000,0.000000,0.094174,0.000000,-0.000000,0.000000,26260
3.124491,0.000000,0.000000,0.094174,0.000000,-0.000000,0.000000,26270
3.124491,0.000000,0.000000,0.094174,0.000000,-0.000000,0.000000,26280
3.124491,0.000000,0.000000,0.094174,0.000000,-0.000000,0.000000,26290
3.124491,0.000000,0.000000,0.094174,0.000000,-0.000000,0.000000,26300
3.124491,0.000000,0.000000,0.094174,0.000000,-0.000000,0.000000,26310
3.124491,0.000000,0.000000,0.094174,0.000000,-0.000000,0.000000,26320
3.124491,0.000000,0.000000,0.094174,0.000000,-0.000000,0.000000,26330
3.124491,0.000000,0.000000,0.094174,0.000000,-0.000000,0.000000,26340
3.124491,0.000000,0.000000,0.094174,0.000000,-0.000000,0.000000,26350
3.124491,0.000000,0.000000,0.094174,0.000000,-0.000000,0.000000,26360
3.124491,0.000000,0.000000,0.094174,0.000000,-0.000000,0.000000,26370
3.124491,0.000000,0.000000,0.094174,0.000000,-0.000000,0.000000,26380
3.124491,0.000000,0.000000,0.094174,0.000000,-0.000000,0.000000,26390
3.124491,0.000000,0.000000,0.094174,0.000000,-0.000000,0.000000,26400
3.124491,0.000000,0.000000,0.094174,0.000000,-0.000000,0.000000,26410
3.124491,0.000000,0.000000,0.094174,0.000000,-0.000000,0.000000,26420
3.124491,0.000000,0.000000,0.094174,0.000000,-0.000000,0.000000,26430
3.124491,0.000000,0.000000,0.094174,0.000000,-0.000000,0.000000,26440
3.124491,0.000000,0.000000,0.094174,0.000000,-0.000000,0.000000,26450
3.124491,0.000000,0.000000,0.094174,0.000000,-0.000000,0.000000,26460
3.124491,0.000000,0.000000,0.094174,0.000000,-0.000000,0.000000,26470
3.124491,0.000000,0.000000,0.094174,0.000000,-0.000000,0.000000,26480
3.124491,0.000000,0.000000,0.094174,0.000000,-0.000000,0.000000,26490
3.124491,0.000000,0.000000,0.094174,0.000000,-0.000000,0.000000,26500
3.124491,0.000000,0.000000,0.094174,0.000000,-0.000000,0.000000,26510
3.124491,0.000000,0.000000,0.094174,0.000000,-0.000000,0.000000,26520
3.124491,0.000000,0.000000,0.094174,0.000000,-0.000000,0.000000,26530
3.124491,0.000000,0.000000,0.094174,0.000000,-0.000000,0.000000,26540
3.124491,0.000000,0.000000,0.094174,0.000000,-0.000000,0.000000,26550
3.124491,0.000000,0.000000,0.094174,0.000000,-0.000000,0.000000,26560
3.124491,0.000000,0.000000,0.094174,0.000000,-0.000000,0.000000,26570
3.124491,0.000000,0.000000,0.094174,0.000000,-0.000000,0.000000,26580
3.124491,0.000000,0.000000,0.094174,0.000000,-0.000000,0.000000,26590
3.124491,0.000000,0.000000,0.094174,0.000000,-0.000000,0.000000,26600
3.124491,0.000000,0.000000,0.094174,0.000000,-0.000000,0.000000,26610
3.124491,0.000000,0.000000,0.094174,0.000000,-0.000000,0.000000,26620
3.124491,0.000000,0.000000,0.094174,0.000000,-0.000000,0.000000,26630
3.124491,0.000000,0.000000,0.094174,0.000000,-0.000000,0.000000,26640
3.124491,0.000000,0.000000,0.094174,0.000000,-0.000000,0.000000,26650
3.124491,0.000000,0.000000,0.094174,0.000000,-0.000000,0.000000,26660
3.124491,0.000000,0.000000,0.094174,0.000000,-0.000000,0.000000,26670
3.124491,0.000000,0.000000,0.094174,0.000000,-0.000000,0.000000,26680
3.124491,0.000000,0.000000,0.094174,0.000000,-0.000000,0.000000,26690
3.124491,0.000000,0.000000,0.094174,0.000000,-0.000000,0.000000,26700
3.124491,0.000000,0.000000,0.094174,0.000000,-0.000000,0.000000,26710
3.124491,0.000000,0.000000,0.094174,0.000000,-0.000000,0.000000,26720
3.124491,0.000000,0.000000,0.094174,0.000000,-0.000000,0.000000,26730
3.124491,0.000000,0.000000,0.094174,0.000000,-0.000000,0.000000,26740
3.124491,0.000000,0.000000,0.094174,0.000000,-0.000000,0.000000,26750
3.124491,0.000000,0.000000,0.094174,0.000000,-0.000000,0.000000,26760
3.124491,0.000000,0.000000,0.094174,0.000000,-0.000000,0.000000,26770
3.124491,0.000000,0.000000,0.094174,0.000000,-0.000000,0.000000,26780
3.124491,0.000000,0.000000,0.094174,0.000000,-0.000000,0.000000,26790
3.124491,0.000000,0.000000,0.094174,0.000000,-0.000000,0.000000,26800
3.124491,0.000000,0.000000,0.094174,0.000000,-0.000000,0.000000,26810
3.124491,0.000000,0.000000,0.094174,0.000000,-0.000000,0.000000,26820
3.124491,0.000000,0.000000,0.094174,0.000000,-0.000000,0.000000,26830
3.124491,0.000000,0.000000,0.094174,0.000000,-0.000000,0.000000,26840
3.124491,0.000000,0.000000,0.094174,0.000000,-0.000000,0.000000,26850
3.124491,0.000000,0.000000,0.094174,0.000000,-0.000000,0.000000,26860
3.124491,0.000000,0.000000,0.094174,0.000000,-0.000000,0.000000,26870
3.124491,0.000000,0.000000,0.094174,0.000000,-0.000000,0.000000,26880
3.124491,0.000000,0.000000,0.094174,0.000000,-0.000000,0.000000,26890
3.124491,0.000000,0.000000,0.094174,0.000000,-0.000000,0.000000,26900
3.124491,0.000000,0.000000,0.094174,0.000000,-0.000000,0.000000,26910
3.124491,0.000000,0.000000,0.094174,0.000000,-0.000000,0.000000,26920
3.124491,0.000000,0.000000,0.094174,0.000000,-0.000000,0.000000,26930
3.124491,0.000000,0.000000,0.094174,0.000000,-0.000000,0.000000,26940
3.124491,0.000000,0.000000,0.094174,0.000000,-0.000000,0.000000,26950
3.124491,0.000000,0.000000,0.094174,0.000000,-0.000000,0.000000,26960
3.124491,0.000000,0.000000,0.094174,0.000000,-0.000000,0.000000,26970
3.124491,0.000000,0.000000,0.094174,0.000000,-0.000000,0.000000,26980
3.124491,0.000000,0.000000,0.094174,0.000000,-0.000000,0.000000,26990
3.124491,0.000000,0.000000,0.094174,0.000000,-0.000000,0.000000,27000
3.124491,0.000000,0.000000,0.094174,0.000000,-0.000000,0.000000,27010
3.124491,0.000000,0.000000,0.094174,0.000000,-0.000000,0.000000,27020
3.124491,0.000000,0.000000,0.094174,0.000000,-0.000000,0.000000,27030
3.124491,0.000000,0.000000,0.094174,0.000000,-0.000000,0.000000,27040
3.124491,0.000000,0.000000,0.094174,0.000000,-0.000000,0.000000,27050
3.124491,0.000000,0.000000,0.094174,0.000000,-0.000000,0.000000,27060
3.124491,0.000000,0.000000,0.094174,0.000000,-0.000000,0.000000,27070
3.124491,0.000000,0.000000,0.094174,0.000000,-0.000000,0.000000,27080
3.124491,0.000000,0.000000,0.094174,0.000000,-0.000000,0.000000,27090
3.124491,0.000000,0.000000,0.094174,0.000000,-0.000000,0.000000,27100
3.124491,0.000000,0.000000,0.094174,0.000000,-0.000000,0.000000,27110
3.124491,0.000000,0.000000,0.094174,0.000000,-0.000000,0.000000,27120
3.124491,0.000000,0.000000,0.094174,0.000000,-0.000000,0.000000,27130
3.124491,0.000000,0.000000,0.094174,0.000000,-0.000000,0.000000,27140
3.124491,0.000000,0.000000,0.094174,0.000000,-0.000000,0.000000,27150
3.124491,0.000000,0.000000,0.094174,0.000000,-0.000000,0.000000,27160
3.124491,0.000000,0.000000,0.094174,0.000000,-0.000000,0.000000,27170
3.124491,0.000000,0.000000,0.094174,0.000000,-0.000000,0.000000,27180
3.124491,0.000000,0.000000,0.094174,0.000000,-0.000000,0.000000,27190
3.124491,0.000000,0.000000,0.094174,0.000000,-0.000000,0.000000,27200
3.124491,0.000000,0.000000,0.094174,0.000000,-0.000000,0.000000,27210
3.124491,0.000000,0.000000,0.094174,0.000000,-0.000000,0.000000,27220
3.124491,0.000000,0.000000,0.094174,0.000000,-0.000000,0.000000,27230
3.124491,0.000000,0.000000,0.094174,0.000000,-0.000000,0.000000,27240
3.124491,0.000000,0.000000,0.094174,0.000000,-0.000000,0.000000,27250
3.124491,0.000000,0.000000,0.094174,0.000000,-0.000000,0.000000,27260
3.124491,0.000000,0.000000,0.094174,0.000000,-0.000000,0.000000,27270
3.124491,0.000000,0.000000,0.094174,0.000000,-0.000000,0.000000,27280
3.124491,0.000000,0.000000,0.094174,0.000000,-0.000000,0.000000,27290
3.124491,0.000000,0.000000,0.094174,0.000000,-0.000000,0.000000,27300
3.124491,0.000000,0.000000,0.094174,0.000000,-0.000000,0.000000,27310
3.124491,0.000000,0.000000,0.094174,0.000000,-0.000000,0.000000,27320
3.124491,0.000000,0.000000,0.094174,0.000000,-0.000000,0.000000,27330
3.124491,0.000000,0.000000,0.094174,0.000000,-0.000000,0.000000,27340
3.124491,0.000000,0.000000,0.094174,0.000000,-0.000000,0.000000,27350
3.124491,0.000000,0.000000,0.094174,0.000000,-0.000000,0.000000,27360
3.124491,0.000000,0.000000,0.094174,0.000000,-0.000000,0.000000,27370
3.124491,0.000000,0.000000,0.094174,0.000000,-0.000000,0.000000,27380
3.124491,0.000000,0.000000,0.094174,0.000000,-0.000000,0.000000,27390
3.124491,0.000000,0.000000,0.094174,0.000000,-0.000000,0.000000,27400
3.124491,0.000000,0.000000,0.094174,0.000000,-0.000000,0.000000,27410
3.124491,0.000000,0.000000,0.094174,0.000000,-0.000000,0.000000,27420
3.124491,0.000000,0.000000,0.094174,0.000000,-0.000000,0.000000,27430
3.124491,0.000000,0.000000,0.094174,0.000000,-0.000000,0.000000,27440
3.124491,0.000000,0.000000,0.094174,0.000000,-0.000000,0.000000,27450
3.124491,0.000000,0.000000,0.094174,0.000000,-0.000000,0.000000,27460
3.124491,0.000000,0.000000,0.094174,0.000000,-0.000000,0.000000,27470
3.124491,0.000000,0.000000,0.094174,0.000000,-0.000000,0.000000,27480
3.124491,0.000000,0.000000,0.094174,0.000000,-0.000000,0.000000,27490
3.124491,0.000000,0.000000,0.094174,0.000000,-0.000000,0.000000,27500
3.124491,0.000000,0.000000,0.094174,0.000000,-0.000000,0.000000,27510
3.124491,0.000000,0.000000,0.094174,0.000000,-0.000000,0.000000,27520
3.124491,0.000000,0.000000,0.094174,0.000000,-0.000000,0.000000,27530
3.124491,0.000000,0.000000,0.094174,0.000000,-0.000000,0.000000,27540
3.124491,0.000000,0.000000,0.094174,0.000000,-0.000000,0.000000,27550
3.124491,0.000000,0.000000,0.094174,0.000000,-0.000000,0.000000,27560
3.124491,0.000000,0.000000,0.094174,0.000000,-0.000000,0.000000,27570
3.124491,0.000000,0.000000,0.094174,0.000000,-0.000000,0.000000,27580
3.124491,0.000000,0.000000,0.094174,0.000000,-0.000000,0.000000,27590
3.124491,0.000000,0.000000,0.094174,0.000000,-0.000000,0.000000,27600
3.124491,0.000000,0.000000,0.094174,0.000000,-0.000000,0.000000,27610
3.124491,0.000000,0.000000,0.094174,0.000000,-0.000000,0.000000,27620
3.124491,0.000000,0.000000,0.094174,0.000000,-0.000000,0.000000,27630
3.124491,0.000000,0.000000,0.094174,0.000000,-0.000000,0.000000,27640
3.124491,0.000000,0.000000,0.094174,0.000000,-0.000000,0.000000,27650
3.124491,0.000000,0.000000,0.094174,0.000000,-0.000000,0.000000,27660
3.124491,0.000000,0.000000,0.094174,0.000000,-0.000000,0.000000,27670
3.124491,0.000000,0.000000,0.094174,0.000000,-0.000000,0.000000,27680
3.124491,0.000000,0.000000,0.094174,0.000000,-0.000000,0.000000,27690
3.124491,0.000000,0.000000,0.094174,0.000000,-0.000000,0.000000,27700
3.124491,0.000000,0.000000,0.094174,0.000000,-0.000000,0.000000,27710
3.124491,0.000000,0.000000,0.094174,0.000000,-0.000000,0.000000,27720
3.124491,0.000000,0.000000,0.094174,0.000000,-0.000000,0.000000,27730
3.124491,0.000000,0.000000,0.094174,0.000000,-0.000000,0.000000,27740
3.124491,0.000000,0.000000,0.094174,0.000000,-0.000000,0.000000,27750
3.124491,0.000000,0.000000,0.094174,0.000000,-0.000000,0.000000,27760
3.124491,0.000000,0.000000,0.094174,0.000000,-0.000000,0.000000,27770
3.124491,0.000000,0.000000,0.094174,0.000000,-0.000000,0.000000,27780
3.124491,0.000000,0.000000,0.094174,0.000000,-0.000000,0.000000,27790
3.124491,0.000000,0.000000,0.094174,0.000000,-0.000000,0.000000,27800
3.124491,0.000000,0.000000,0.094174,0.000000,-0.000000,0.000000,27810
3.124491,0.000000,0.000000,0.094174,0.000000,-0.000000,0.000000,27820
3.124491,0.000000,0.000000,0.094174,0.000000,-0.000000,0.000000,27830
3.124491,0.000000,0.000000,0.094174,0.000000,-0.000000,0.000000,27840
3.124491,0.000000,0.000000,0.094174,0.000000,-0.000000,0.000000,27850
3.124491,0.000000,0.000000,0.094174,0.000000,-0.000000,0.000000,27860
3.124491,0.000000,0.000000,0.094174,0.000000,-0.000000,0.000000,27870
3.124491,0.000000,0.000000,0.094174,0.000000,-0.000000,0.000000,27880
3.124491,0.000000,0.000000,0.094174,0.000000,-0.000000,0.000000,27890
3.124491,0.000000,0.000000,0.094174,0.000000,-0.000000,0.000000,27900
3.124491,0.000000,0.000000,0.094174,0.000000,-0.000000,0.000000,27910
3.124491,0.000000,0.000000,0.094174,0.000000,-0.000000,0.000000,27920
3.124491,0.000000,0.000000,0.094174,0.000000,-0.000000,0.000000,27930
3.124491,0.000000,0.000000,0.094174,0.000000,-0.000000,0.000000,27940
3.124491,0.000000,0.000000,0.094174,0.000000,-0.000000,0.000000,27950
3.124491,0.000000,0.000000,0.094174,0.000000,-0.000000,0.000000,27960
3.124491,0.000000,0.000000,0.094174,0.000000,-0.000000,0.000000,27970
3.124491,0.000000,0.000000,0.094174,0.000000,-0.000000,0.000000,27980
3.124491,0.000000,0.000000,0.094174,0.000000,-0.000000,0.000000,27990
3.124491,0.000000,0.000000,0.094174,0.000000,-0.000000,0.000000,28000
3.124491,0.000000,0.000000,0.094174,0.000000,-0.000000,0.000000,28010
3.124491,0.000000,0.000000,0.094174,0.000000,-0.000000,0.000000,28020
3.124491,0.000000,0.000000,0.094174,0.000000,-0.000000,0.000000,28030
3.124491,0.000000,0.000000,0.094174,0.000000,-0.000000,0.000000,28040
3.124491,0.000000,0.000000,0.094174,0.000000,-0.000000,0.000000,28050
3.124491,0.000000,0.000000,0.094174,0.000000,-0.000000,0.000000,28060
3.124491,0.000000,0.000000,0.094174,0.000000,-0.000000,0.000000,28070
3.124491,0.000000,0.000000,0.094174,0.000000,-0.000000,0.000000,28080
3.124491,0.000000,0.000000,0.094174,0.000000,-0.000000,0.000000,28090
3.124491,0.000000,0.000000,0.094174,0.000000,-0.000000,0.000000,28100
3.124491,0.000000,0.000000,0.094174,0.000000,-0.000000,0.000000,28110
3.124491,0.000000,0.000000,0.094174,0.000000,-0.000000,0.000000,28120
3.124491,0.000000,0.000000,0.094174,0.000000,-0.000000,0.000000,28130
3.124491,0.000000,0.000000,0.094174,0.000000,-0.000000,0.000000,28140
3.124491,0.000000,0.000000,0.094174,0.000000,-0.000000,0.000000,28150
3.124491,0.000000,0.000000,0.094174,0.000000,-0.000000,0.000000,28160
3.124491,0.000000,0.000000,0.094174,0.000000,-0.000000,0.000000,28170
3.124491,0.000000,0.000000,0.094174,0.000000,-0.000000,0.000000,28180
3.124491,0.000000,0.000000,0.094174,0.000000,-0.000000,0.000000,28190
3.124491,0.000000,0.000000,0.094174,0.000000,-0.000000,0.000000,28200
3.124491,0.000000,0.000000,0.094174,0.000000,-0.000000,0.000000,28210
3.124491,0.000000,0.000000,0.094174,0.000000,-0.000000,0.000000,28220
3.124491,0.000000,0.000000,0.094174,0.000000,-0.000000,0.000000,28230
3.124491,0.000000,0.000000,0.094174,0.000000,-0.000000,0.000000,28240
3.124491,0.000000,0.000000,0.094174,0.000000,-0.000000,0.000000,28250
3.124491,0.000000,0.000000,0.094174,0.000000,-0.000000,0.000000,28260
3.124491,0.000000,0.000000,0.094174,0.000000,-0.000000,0.000000,28270
3.124491,0.000000,0.000000,0.094174,0.000000,-0.000000,0.000000,28280
3.124491,0.000000,0.000000,0.094174,0.000000,-0.000000,0.000000,28290
3.124491,0.000000,0.000000,0.094174,0.000000,-0.000000,0.000000,28300
3.124491,0.000000,0.000000,0.094174,0.000000,-0.000000,0.000000,28310
3.124491,0.000000,0.000000,0.094174,0.000000,-0.000000,0.000000,28320
3.124491,0.000000,0.000000,0.094174,0.000000,-0.000000,0.000000,28330
3.124491,0.000000,0.000000,0.094174,0.000000,-0.000000,0.000000,28340
3.124491,0.000000,0.000000,0.094174,0.000000,-0.000000,0.000000,28350
3.124491,0.000000,0.000000,0.094174,0.000000,-0.000000,0.000000,28360
3.124491,0.000000,0.000000,0.094174,0.000000,-0.000000,0.000000,28370
3.124491,0.000000,0.000000,0.094174,0.000000,-0.000000,0.000000,28380
3.124491,0.000000,0.000000,0.094174,0.000000,-0.000000,0.000000,28390
3.124491,0.000000,0.000000,0.094174,0.000000,-0.000000,0.000000,28400
3.124491,0.000000,0.000000,0.094174,0.000000,-0.000000,0.000000,28410
3.124491,0.000000,0.000000,0.094174,0.000000,-0.000000,0.000000,28420
3.124491,0.000000,0.000000,0.094174,0.000000,-0.000000,0.000000,28430
3.124491,0.000000,0.000000,0.094174,0.000000,-0.000000,0.000000,28440
3.124491,0.000000,0.000000,0.094174,0.000000,-0.000000,0.000000,28450
3.124491,0.000000,0.000000,0.094174,0.000000,-0.000000,0.000000,28460
3.124491,0.000000,0.000000,0.094174,0.000000,-0.000000,0.000000,28470
3.124491,0.000000,0.000000,0.094174,0.000000,-0.000000,0.000000,28480
3.124491,0.000000,0.000000,0.094174,0.000000,-0.000000,0.000000,28490
3.124491,0.000000,0.000000,0.094174,0.000000,-0.000000,0.000000,28500
3.124491,0.000000,0.000000,0.094174,0.000000,-0.000000,0.000000,28510
3.124491,0.000000,0.000000,0.094174,0.000000,-0.000000,0.000000,28520
3.124491,0.000000,0.000000,0.094174,0.000000,-0.000000,0.000000,28530
3.124491,0.000000,0.000000,0.094174,0.000000,-0.000000,0.000000,28540
3.124491,0.000000,0.000000,0.094174,0.000000,-0.000000,0.000000,28550
3.124491,0.000000,0.000000,0.094174,0.000000,-0.000000,0.000000,28560
3.124491,0.000000,0.000000,0.094174,0.000000,-0.000000,0.000000,28570
3.124491,0.000000,0.000000,0.094174,0.000000,-0.000000,0.000000,28580
3.124491,0.000000,0.000000,0.094174,0.000000,-0.000000,0.000000,28590
3.124491,0.000000,0.000000,0.094174,0.000000,-0.000000,0.000000,28600
3.124491,0.000000,0.000000,0.094174,0.000000,-0.000000,0.000000,28610
3.124491,0.000000,0.000000,0.094174,0.000000,-0.000000,0.000000,28620
3.124491,0.000000,0.000000,0.094174,0.000000,-0.000000,0.000000,28630
3.124491,0.000000,0.000000,0.094174,0.000000,-0.000000,0.000000,28640
3.124491,0.000000,0.000000,0.094174,0.000000,-0.000000,0.000000,28650
3.124491,0.000000,0.000000,0.094174,0.000000,-0.000000,0.000000,28660
3.124491,0.000000,0.000000,0.094174,0.000000,-0.000000,0.000000,28670
3.124491,0.000000,0.000000,0.094174,0.000000,-0.000000,0.000000,28680
3.124491,0.000000,0.000000,0.094174,0.000000,-0.000000,0.000000,28690
3.124491,0.000000,0.000000,0.094174,0.000000,-0.000000,0.000000,28700
3.124491,0.000000,0.000000,0.094174,0.000000,-0.000000,0.000000,28710
3.124491,0.000000,0.000000,0.094174,0.000000,-0.000000,0.000000,28720
3.124491,0.000000,0.000000,0.094174,0.000000,-0.000000,0.000000,28730
3.124491,0.000000,0.000000,0.094174,0.000000,-0.000000,0.000000,28740
3.124491,0.000000,0.000000,0.094174,0.000000,-0.000000,0.000000,28750
3.124491,0.000000,0.000000,0.094174,0.000000,-0.000000,0.000000,28760
3.124491,0.000000,0.000000,0.094174,0.000000,-0.000000,0.000000,28770
3.124491,0.000000,0.000000,0.094174,0.000000,-0.000000,0.000000,28780
3.124491,0.000000,0.000000,0.094174,0.000000,-0.000000,0.000000,28790
3.124491,0.000000,0.000000,0.094174,0.000000,-0.000000,0.000000,28800
3.124491,0.000000,0.000000,0.094174,0.000000,-0.000000,0.000000,28810
3.124491,0.000000,0.000000,0.094174,0.000000,-0.000000,0.000000,28820
3.124491,0.000000,0.000000,0.094174,0.000000,-0.000000,0.000000,28830
3.124491,0.000000,0.000000,0.094174,0.000000,-0.000000,0.000000,28840
3.124491,0.000000,0.000000,0.094174,0.000000,-0.000000,0.000000,28850
3.124491,0.000000,0.000000,0.094174,0.000000,-0.000000,0.000000,28860
3.124491,0.000000,0.000000,0.094174,0.000000,-0.000000,0.000000,28870
3.124491,0.000000,0.000000,0.094174,0.000000,-0.000000,0.000000,28880
3.124491,0.000000,0.000000,0.094174,0.000000,-0.000000,0.000000,28890
3.124491,0.000000,0.000000,0.094174,0.000000,-0.000000,0.000000,28900
3.124491,0.000000,0.000000,0.094174,0.000000,-0.000000,0.000000,28910
3.124491,0.000000,0.000000,0.094174,0.000000,-0.000000,0.000000,28920
3.124491,0.000000,0.000000,0.094174,0.000000,-0.000000,0.000000,28930
3.124491,0.000000,0.000000,0.094174,0.000000,-0.000000,0.000000,28940
3.124491,0.000000,0.000000,0.094174,0.000000,-0.000000,0.000000,28950
3.124491,0.000000,0.000000,0.094174,0.000000,-0.000000,0.000000,28960
3.124491,0.000000,0.000000,0.094174,0.000000,-0.000000,0.000000,28970
3.124491,0.000000,0.000000,0.094174,0.000000,-0.000000,0.000000,28980
3.124491,0.000000,0.000000,0.094174,0.000000,-0.000000,0.000000,28990
3.124491,0.000000,0.000000,0.094174,0.000000,-0.000000,0.000000,29000
3.124491,0.000000,0.000000,0.094174,0.000000,-0.000000,0.000000,29010
3.124491,0.000000,0.000000,0.094174,0.000000,-0.000000,0.000000,29020
3.124491,0.000000,0.000000,0.094174,0.000000,-0.000000,0.000000,29030
3.124491,0.000000,0.000000,0.094174,0.000000,-0.000000,0.000000,29040
3.124491,0.000000,0.000000,0.094174,0.000000,-0.000000,0.000000,29050
3.124491,0.000000,0.000000,0.094174,0.000000,-0.000000,0.000000,29060
3.124491,0.000000,0.000000,0.094174,0.000000,-0.000000,0.000000,29070
3.124491,0.000000,0.000000,0.094174,0.000000,-0.000000,0.000000,29080
3.124491,0.000000,0.000000,0.094174,0.000000,-0.000000,0.000000,29090
3.124491,0.000000,0.000000,0.094174,0.000000,-0.000000,0.000000,29100
3.124491,0.000000,0.000000,0.094174,0.000000,-0.000000,0.000000,29110
3.124491,0.000000,0.000000,0.094174,0.000000,-0.000000,0.000000,29120
3.124491,0.000000,0.000000,0.094174,0.000000,-0.000000,0.000000,29130
3.124491,0.000000,0.000000,0.094174,0.000000,-0.000000,0.000000,29140
3.124491,0.000000,0.000000,0.094174,0.000000,-0.000000,0.000000,29150
3.124491,0.000000,0.000000,0.094174,0.000000,-0.000000,0.000000,29160
3.124491,0.000000,0.000000,0.094174,0.000000,-0.000000,0.000000,29170
3.124491,0.000000,0.000000,0.094174,0.000000,-0.000000,0.000000,29180
3.124491,0.000000,0.000000,0.094174,0.000000,-0.000000,0.000000,29190
3.124491,0.000000,0.000000,0.094174,0.000000,-0.000000,0.000000,29200
3.124491,0.000000,0.000000,0.094174,0.000000,-0.000000,0.000000,29210
3.124491,0.000000,0.000000,0.094174,0.000000,-0.000000,0.000000,29220
3.124491,0.000000,0.000000,0.094174,0.000000,-0.000000,0.000000,29230
3.124491,0.000000,0.000000,0.094174,0.000000,-0.000000,0.000000,29240
3.124491,0.000000,0.000000,0.094174,0.000000,-0.000000,0.000000,29250
3.124491,0.000000,0.000000,0.094174,0.000000,-0.000000,0.000000,29260
3.124491,0.000000,0.000000,0.094174,0.000000,-0.000000,0.000000,29270
3.124491,0.000000,0.000000,0.094174,0.000000,-0.000000,0.000000,29280
3.124491,0.000000,0.000000,0.094174,0.000000,-0.000000,0.000000,29290
3.124491,0.000000,0.000000,0.094174,0.000000,-0.000000,0.000000,29300
3.124491,0.000000,0.000000,0.094174,0.000000,-0.000000,0.000000,29310
3.124491,0.000000,0.000000,0.094174,0.000000,-0.000000,0.000000,29320
3.124491,0.000000,0.000000,0.094174,0.000000,-0.000000,0.000000,29330
3.124491,0.000000,0.000000,0.094174,0.000000,-0.000000,0.000000,29340
3.124491,0.000000,0.000000,0.094174,0.000000,-0.000000,0.000000,29350
3.124491,0.000000,0.000000,0.094174,0.000000,-0.000000,0.000000,29360
3.124491,0.000000,0.000000,0.094174,0.000000,-0.000000,0.000000,29370
3.124491,0.000000,0.000000,0.094174,0.000000,-0.000000,0.000000,29380
3.124491,0.000000,0.000000,0.094174,0.000000,-0.000000,0.000000,29390
3.124491,0.000000,0.000000,0.094174,0.000000,-0.000000,0.000000,29400
3.124491,0.000000,0.000000,0.094174,0.000000,-0.000000,0.000000,29410
3.124491,0.000000,0.000000,0.094174,0.000000,-0.000000,0.000000,29420
3.124491,0.000000,0.000000,0.094174,0.000000,-0.000000,0.000000,29430
3.124491,0.000000,0.000000,0.094174,0.000000,-0.000000,0.000000,29440
3.124491,0.000000,0.000000,0.094174,0.000000,-0.000000,0.000000,29450
3.124491,0.000000,0.000000,0.094174,0.000000,-0.000000,0.000000,29460
3.124491,0.000000,0.000000,0.094174,0.000000,-0.000000,0.000000,29470
3.124491,0.000000,0.000000,0.094174,0.000000,-0.000000,0.000000,29480
3.124491,0.000000,0.000000,0.094174,0.000000,-0.000000,0.000000,29490
3.124491,0.000000,0.000000,0.094174,0.000000,-0.000000,0.000000,29500
3.124491,0.000000,0.000000,0.094174,0.000000,-0.000000,0.000000,29510
3.124491,0.000000,0.000000,0.094174,0.000000,-0.000000,0.000000,29520
3.124491,0.000000,0.000000,0.094174,0.000000,-0.000000,0.000000,29530
3.124491,0.000000,0.000000,0.094174,0.000000,-0.000000,0.000000,29540
3.124491,0.000000,0.000000,0.094174,0.000000,-0.000000,0.000000,29550
3.124491,0.000000,0.000000,0.094174,0.000000,-0.000000,0.000000,29560
3.124491,0.000000,0.000000,0.094174,0.000000,-0.000000,0.000000,29570
3.124491,0.000000,0.000000,0.094174,0.000000,-0.000000,0.000000,29580
3.124491,0.000000,0.000000,0.094174,0.000000,-0.000000,0.000000,29590
3.124491,0.000000,0.000000,0.094174,0.000000,-0.000000,0.000000,29600
3.124491,0.000000,0.000000,0.094174,0.000000,-0.000000,0.000000,29610
3.124491,0.000000,0.000000,0.094174,0.000000,-0.000000,0.000000,29620
3.124491,0.000000,0.000000,0.094174,0.000000,-0.000000,0.000000,29630
3.124491,0.000000,0.000000,0.094174,0.000000,-0.000000,0.000000,29640
3.124491,0.000000,0.000000,0.094174,0.000000,-0.000000,0.000000,29650
3.124491,0.000000,0.000000,0.094174,0.000000,-0.000000,0.000000,29660
3.124491,0.000000,0.000000,0.094174,0.000000,-0.000000,0.000000,29670
3.124491,0.000000,0.000000,0.094174,0.000000,-0.000000,0.000000,29680
3.124491,0.000000,0.000000,0.094174,0.000000,-0.000000,0.000000,29690
3.124491,0.000000,0.000000,0.094174,0.000000,-0.000000,0.000000,29700
3.124491,0.000000,0.000000,0.094174,0.000000,-0.000000,0.000000,29710
3.124491,0.000000,0.000000,0.094174,0.000000,-0.000000,0.000000,29720
3.124491,0.000000,0.000000,0.094174,0.000000,-0.000000,0.000000,29730
3.124491,0.000000,0.000000,0.094174,0.000000,-0.000000,0.000000,29740
3.124491,0.000000,0.000000,0.094174,0.000000,-0.000000,0.000000,29750
3.124491,0.000000,0.000000,0.094174,0.000000,-0.000000,0.000000,29760
3.124491,0.000000,0.000000,0.094174,0.000000,-0.000000,0.000000,29770
3.124491,0.000000,0.000000,0.094174,0.000000,-0.000000,0.000000,29780
3.124491,0.000000,0.000000,0.094174,0.000000,-0.000000,0.000000,29790
3.124491,0.000000,0.000000,0.094174,0.000000,-0.000000,0.000000,29800
3.124491,0.000000,0.000000,0.094174,0.000000,-0.000000,0.000000,29810
3.124491,0.000000,0.000000,0.094174,0.000000,-0.000000,0.000000,29820
3.124491,0.000000,0.000000,0.094174,0.000000,-0.000000,0.000000,29830
3.124491,0.000000,0.000000,0.094174,0.000000,-0.000000,0.000000,29840
3.124491,0.000000,0.000000,0.094174,0.000000,-0.000000,0.000000,29850
3.124491,0.000000,0.000000,0.094174,0.000000,-0.000000,0.000000,29860
3.124491,0.000000,0.000000,0.094174,0.000000,-0.000000,0.000000,29870
3.124491,0.000000,0.000000,0.094174,0.000000,-0.000000,0.000000,29880
3.124491,0.000000,0.000000,0.094174,0.000000,-0.000000,0.000000,29890
3.124491,0.000000,0.000000,0.094174,0.000000,-0.000000,0.000000,29900
3.124491,0.000000,0.000000,0.094174,0.000000,-0.000000,0.000000,29910
3.124491,0.000000,0.000000,0.094174,0.000000,-0.000000,0.000000,29920
3.124491,0.000000,0.000000,0.094174,0.000000,-0.000000,0.000000,29930
3.124491,0.000000,0.000000,0.094174,0.000000,-0.000000,0.000000,29940
3.124491,0.000000,0.000000,0.094174,0.000000,-0.000000,0.000000,29950
3.124491,0.000000,0.000000,0.094174,0.000000,-0.000000,0.000000,29960
3.124491,0.000000,0.000000,0.094174,0.000000,-0.000000,0.000000,29970
3.124491,0.000000,0.000000,0.094174,0.000000,-0.000000,0.000000,29980
3.124491,0.000000,0.000000,0.094174,0.000000,-0.000000,0.000000,29990
3.124491,0.000000,0.000000,0.094174,0.000000,-0.000000,0.000000,30000
3.124491,0.000000,0.000000,0.094174,0.000000,-0.000000,0.000000,30010
3.124491,0.000000,0.000000,0.094174,0.000000,-0.000000,0.000000,30020
3.124491,0.000000,0.000000,0.094174,0.000000,-0.000000,0.000000,30030
3.124491,0.000000,0.000000,0.094174,0.000000,-0.000000,0.000000,30040
3.124491,0.000000,0.000000,0.094174,0.000000,-0.000000,0.000000,30050
3.124491,0.000000,0.000000,0.094174,0.000000,-0.000000,0.000000,30060
3.124491,0.000000,0.000000,0.094174,0.000000,-0.000000,0.000000,30070
3.124491,0.000000,0.000000,0.094174,0.000000,-0.000000,0.000000,30080
3.124491,0.000000,0.000000,0.094174,0.000000,-0.000000,0.000000,30090
3.124491,0.000000,0.000000,0.094174,0.000000,-0.000000,0.000000,30100
3.124491,0.000000,0.000000,0.094174,0.000000,-0.000000,0.000000,30110
3.124491,0.000000,0.000000,0.094174,0.000000,-0.000000,0.000000,30120
3.124491,0.000000,0.000000,0.094174,0.000000,-0.000000,0.000000,30130
3.124491,0.000000,0.000000,0.094174,0.000000,-0.000000,0.000000,30140
3.124491,0.000000,0.000000,0.094174,0.000000,-0.000000,0.000000,30150
3.124491,0.000000,0.000000,0.094174,0.000000,-0.000000,0.000000,30160
3.124491,0.000000,0.000000,0.094174,0.000000,-0.000000,0.000000,30170
3.124491,0.000000,0.000000,0.094174,0.000000,-0.000000,0.000000,30180
3.124491,0.000000,0.000000,0.094174,0.000000,-0.000000,0.000000,30190
3.124491,0.000000,0.000000,0.094174,0.000000,-0.000000,0.000000,30200
3.124491,0.000000,0.000000,0.094174,0.000000,-0.000000,0.000000,30210
3.124491,0.000000,0.000000,0.094174,0.000000,-0.000000,0.000000,30220
3.124491,0.000000,0.000000,0.094174,0.000000,-0.000000,0.000000,30230
3.124491,0.000000,0.000000,0.094174,0.000000,-0.000000,0.000000,30240
3.124491,0.000000,0.000000,0.094174,0.000000,-0.000000,0.000000,30250
3.124491,0.000000,0.000000,0.094174,0.000000,-0.000000,0.000000,30260
3.124491,0.000000,0.000000,0.094174,0.000000,-0.000000,0.000000,30270
3.124491,0.000000,0.000000,0.094174,0.000000,-0.000000,0.000000,30280
3.124491,0.000000,0.000000,0.094174,0.000000,-0.000000,0.000000,30290
3.124491,0.000000,0.000000,0.094174,0.000000,-0.000000,0.000000,30300
3.124491,0.000000,0.000000,0.094174,0.000000,-0.000000,0.000000,30310
3.124491,0.000000,0.000000,0.094174,0.000000,-0.000000,0.000000,30320
3.124491,0.000000,0.000000,0.094174,0.000000,-0.000000,0.000000,30330
3.124491,0.000000,0.000000,0.094174,0.000000,-0.000000,0.000000,30340
3.124491,0.000000,0.000000,0.094174,0.000000,-0.000000,0.000000,30350
3.124491,0.000000,0.000000,0.094174,0.000000,-0.000000,0.000000,30360
3.124491,0.000000,0.000000,0.094174,0.000000,-0.000000,0.000000,30370
3.124491,0.000000,0.000000,0.094174,0.000000,-0.000000,0.000000,30380
3.124491,0.000000,0.000000,0.094174,0.000000,-0.000000,0.000000,30390
3.124491,0.000000,0.000000,0.094174,0.000000,-0.000000,0.000000,30400
3.124491,0.000000,0.000000,0.094174,0.000000,-0.000000,0.000000,30410
3.124491,0.000000,0.000000,0.094174,0.000000,-0.000000,0.000000,30420
3.124491,0.000000,0.000000,0.094174,0.000000,-0.000000,0.000000,30430
3.124491,0.000000,0.000000,0.094174,0.000000,-0.000000,0.000000,30440
3.124491,0.000000,0.000000,0.094174,0.000000,-0.000000,0.000000,30450
3.124491,0.000000,0.000000,0.094174,0.000000,-0.000000,0.000000,30460
3.124491,0.000000,0.000000,0.094174,0.000000,-0.000000,0.000000,30470
3.124491,0.000000,0.000000,0.094174,0.000000,-0.000000,0.000000,30480
3.124491,0.000000,0.000000,0.094174,0.000000,-0.000000,0.000000,30490
3.124491,0.000000,0.000000,0.094174,0.000000,-0.000000,0.000000,30500
3.124491,0.000000,0.000000,0.094174,0.000000,-0.000000,0.000000,30510
3.124491,0.000000,0.000000,0.094174,0.000000,-0.000000,0.000000,30520
3.124491,0.000000,0.000000,0.094174,0.000000,-0.000000,0.000000,30530
3.124491,0.000000,0.000000,0.094174,0.000000,-0.000000,0.000000,30540
3.124491,0.000000,0.000000,0.094174,0.000000,-0.000000,0.000000,30550
3.124491,0.000000,0.000000,0.094174,0.000000,-0.000000,0.000000,30560
3.124491,0.000000,0.000000,0.094174,0.000000,-0.000000,0.000000,30570
3.124491,0.000000,0.000000,0.094174,0.000000,-0.000000,0.000000,30580
3.124491,0.000000,0.000000,0.094174,0.000000,-0.000000,0.000000,30590
3.124491,0.000000,0.000000,0.094174,0.000000,-0.000000,0.000000,30600
3.124491,0.000000,0.000000,0.094174,0.000000,-0.000000,0.000000,30610
3.124491,0.000000,0.000000,0.094174,0.000000,-0.000000,0.000000,30620
3.124491,0.000000,0.000000,0.094174,0.000000,-0.000000,0.000000,30630
3.124491,0.000000,0.000000,0.094174,0.000000,-0.000000,0.000000,30640
3.124491,0.000000,0.000000,0.094174,0.000000,-0.000000,0.000000,30650
3.124491,0.000000,0.000000,0.094174,0.000000,-0.000000,0.000000,30660
3.124491,0.000000,0.000000,0.094174,0.000000,-0.000000,0.000000,30670
3.124491,0.000000,0.000000,0.094174,0.000000,-0.000000,0.000000,30680
3.124491,0.000000,0.000000,0.094174,0.000000,-0.000000,0.000000,30690
3.124491,0.000000,0.000000,0.094174,0.000000,-0.000000,0.000000,30700
3.124491,0.000000,0.000000,0.094174,0.000000,-0.000000,0.000000,30710
3.124491,0.000000,0.000000,0.094174,0.000000,-0.000000,0.000000,30720
3.124491,0.000000,0.000000,0.094174,0.000000,-0.000000,0.000000,30730
3.124491,0.000000,0.000000,0.094174,0.000000,-0.000000,0.000000,30740
3.124491,0.000000,0.000000,0.094174,0.000000,-0.000000,0.000000,30750
3.124491,0.000000,0.000000,0.094174,0.000000,-0.000000,0.000000,30760
3.124491,0.000000,0.000000,0.094174,0.000000,-0.000000,0.000000,30770
3.124491,0.000000,0.000000,0.094174,0.000000,-0.000000,0.000000,30780
3.124491,0.000000,0.000000,0.094174,0.000000,-0.000000,0.000000,30790
3.124491,0.000000,0.000000,0.094174,0.000000,-0.000000,0.000000,30800
3.124491,0.000000,0.000000,0.094174,0.000000,-0.000000,0.000000,30810
3.124491,0.000000,0.000000,0.094174,0.000000,-0.000000,0.000000,30820
3.124491,0.000000,0.000000,0.094174,0.000000,-0.000000,0.000000,30830
3.124491,0.000000,0.000000,0.094174,0.000000,-0.000000,0.000000,30840
3.124491,0.000000,0.000000,0.094174,0.000000,-0.000000,0.000000,30850
3.124491,0.000000,0.000000,0.094174,0.000000,-0.000000,0.000000,30860
3.124491,0.000000,0.000000,0.094174,0.000000,-0.000000,0.000000,30870
3.124491,0.000000,0.000000,0.094174,0.000000,-0.000000,0.000000,30880
3.124491,0.000000,0.000000,0.094174,0.000000,-0.000000,0.000000,30890
3.124491,0.000000,0.000000,0.094174,0.000000,-0.000000,0.000000,30900
3.124491,0.000000,0.000000,0.094174,0.000000,-0.000000,0.000000,30910
3.124491,0.000000,0.000000,0.094174,0.000000,-0.000000,0.000000,30920
3.124491,0.000000,0.000000,0.094174,0.000000,-0.000000,0.000000,30930
3.124491,0.000000,0.000000,0.094174,0.000000,-0.000000,0.000000,30940
3.124491,0.000000,0.000000,0.094174,0.000000,-0.000000,0.000000,30950
3.124491,0.000000,0.000000,0.094174,0.000000,-0.000000,0.000000,30960
3.124491,0.000000,0.000000,0.094174,0.000000,-0.000000,0.000000,30970
3.124491,0.000000,0.000000,0.094174,0.000000,-0.000000,0.000000,30980
3.124491,0.000000,0.000000,0.094174,0.000000,-0.000000,0.000000,30990
3.124491,0.000000,0.000000,0.094174,0.000000,-0.000000,0.000000,31000
3.124491,0.000000,0.000000,0.094174,0.000000,-0.000000,0.000000,31010
3.124491,0.000000,0.000000,0.094174,0.000000,-0.000000,0.000000,31020
3.124491,0.000000,0.000000,0.094174,0.000000,-0.000000,0.000000,31030
3.124491,0.000000,0.000000,0.094174,0.000000,-0.000000,0.000000,31040
3.124491,0.000000,0.000000,0.094174,0.000000,-0.000000,0.000000,31050
3.124491,0.000000,0.000000,0.094174,0.000000,-0.000000,0.000000,31060
3.124491,0.000000,0.000000,0.094174,0.000000,-0.000000,0.000000,31070
3.124491,0.000000,0.000000,0.094174,0.000000,-0.000000,0.000000,31080
3.124491,0.000000,0.000000,0.094174,0.000000,-0.000000,0.000000,31090
3.124491,0.000000,0.000000,0.094174,0.000000,-0.000000,0.000000,31100
3.124491,0.000000,0.000000,0.094174,0.000000,-0.000000,0.000000,31110
3.124491,0.000000,0.000000,0.094174,0.000000,-0.000000,0.000000,31120
3.124491,0.000000,0.000000,0.094174,0.000000,-0.000000,0.000000,31130
3.124491,0.000000,0.000000,0.094174,0.000000,-0.000000,0.000000,31140
3.124491,0.000000,0.000000,0.094174,0.000000,-0.000000,0.000000,31150
3.124491,0.000000,0.000000,0.094174,0.000000,-0.000000,0.000000,31160
3.124491,0.000000,0.000000,0.094174,0.000000,-0.000000,0.000000,31170
3.124491,0.000000,0.000000,0.094174,0.000000,-0.000000,0.000000,31180
3.124491,0.000000,0.000000,0.094174,0.000000,-0.000000,0.000000,31190
3.124491,0.000000,0.000000,0.094174,0.000000,-0.000000,0.000000,31200
3.124491,0.000000,0.000000,0.094174,0.000000,-0.000000,0.000000,31210
3.124491,0.000000,0.000000,0.094174,0.000000,-0.000000,0.000000,31220
3.124491,0.000000,0.000000,0.094174,0.000000,-0.000000,0.000000,31230
3.124491,0.000000,0.000000,0.094174,0.000000,-0.000000,0.000000,31240
3.124491,0.000000,0.000000,0.094174,0.000000,-0.000000,0.000000,31250
3.124491,0.000000,0.000000,0.094174,0.000000,-0.000000,0.000000,31260
3.124491,0.000000,0.000000,0.094174,0.000000,-0.000000,0.000000,31270
3.124491,0.000000,0.000000,0.094174,0.000000,-0.000000,0.000000,31280
3.124491,0.000000,0.000000,0.094174,0.000000,-0.000000,0.000000,31290
3.124491,0.000000,0.000000,0.094174,0.000000,-0.000000,0.000000,31300
3.124491,0.000000,0.000000,0.094174,0.000000,-0.000000,0.000000,31310
3.124491,0.000000,0.000000,0.094174,0.000000,-0.000000,0.000000,31320
3.124491,0.000000,0.000000,0.094174,0.000000,-0.000000,0.000000,31330
3.124491,0.000000,0.000000,0.094174,0.000000,-0.000000,0.000000,31340
3.124491,0.000000,0.000000,0.094174,0.000000,-0.000000,0.000000,31350
3.124491,0.000000,0.000000,0.094174,0.000000,-0.000000,0.000000,31360
3.124491,0.000000,0.000000,0.094174,0.000000,-0.000000,0.000000,31370
3.124491,0.000000,0.000000,0.094174,0.000000,-0.000000,0.000000,31380
3.124491,0.000000,0.000000,0.094174,0.000000,-0.000000,0.000000,31390
3.124491,0.000000,0.000000,0.094174,0.000000,-0.000000,0.000000,31400
3.124491,0.000000,0.000000,0.094174,0.000000,-0.000000,0.000000,31410
3.124491,0.000000,0.000000,0.094174,0.000000,-0.000000,0.000000,31420
3.124491,0.000000,0.000000,0.094174,0.000000,-0.000000,0.000000,31430
3.124491,0.000000,0.000000,0.094174,0.000000,-0.000000,0.000000,31440
3.124491,0.000000,0.000000,0.094174,0.000000,-0.000000,0.000000,31450
3.124491,0.000000,0.000000,0.094174,0.000000,-0.000000,0.000000,31460
3.124491,0.000000,0.000000,0.094174,0.000000,-0.000000,0.000000,31470
3.124491,0.000000,0.000000,0.094174,0.000000,-0.000000,0.000000,31480
3.124491,0.000000,0.000000,0.094174,0.000000,-0.000000,0.000000,31490
3.124491,0.000000,0.000000,0.094174,0.000000,-0.000000,0.000000,31500
3.124491,0.000000,0.000000,0.094174,0.000000,-0.000000,0.000000,31510
3.124491,0.000000,0.000000,0.094174,0.000000,-0.000000,0.000000,31520
3.124491,0.000000,0.000000,0.094174,0.000000,-0.000000,0.000000,31530
3.124491,0.000000,0.000000,0.094174,0.000000,-0.000000,0.000000,31540
3.124491,0.000000,0.000000,0.094174,0.000000,-0.000000,0.000000,31550
3.124491,0.000000,0.000000,0.094174,0.000000,-0.000000,0.000000,31560
3.124491,0.000000,0.000000,0.094174,0.000000,-0.000000,0.000000,31570
3.124491,0.000000,0.000000,0.094174,0.000000,-0.000000,0.000000,31580
3.124491,0.000000,0.000000,0.094174,0.000000,-0.000000,0.000000,31590
3.124491,0.000000,0.000000,0.094174,0.000000,-0.000000,0.000000,31600
3.124491,0.000000,0.000000,0.094174,0.000000,-0.000000,0.000000,31610
3.124491,0.000000,0.000000,0.094174,0.000000,-0.000000,0.000000,31620
3.124491,0.000000,0.000000,0.094174,0.000000,-0.000000,0.000000,31630
3.124491,0.000000,0.000000,0.094174,0.000000,-0.000000,0.000000,31640
3.124491,0.000000,0.000000,0.094174,0.000000,-0.000000,0.000000,31650
3.124491,0.000000,0.000000,0.094174,0.000000,-0.000000,0.000000,31660
3.124491,0.000000,0.000000,0.094174,0.000000,-0.000000,0.000000,31670
3.124491,0.000000,0.000000,0.094174,0.000000,-0.000000,0.000000,31680
3.124491,0.000000,0.000000,0.094174,0.000000,-0.000000,0.000000,31690
3.124491,0.000000,0.000000,0.094174,0.000000,-0.000000,0.000000,31700
3.124491,0.000000,0.000000,0.094174,0.000000,-0.000000,0.000000,31710
3.124491,0.000000,0.000000,0.094174,0.000000,-0.000000,0.000000,31720
3.124491,0.000000,0.000000,0.094174,0.000000,-0.000000,0.000000,31730
3.124491,0.000000,0.000000,0.094174,0.000000,-0.000000,0.000000,31740
3.124491,0.000000,0.000000,0.094174,0.000000,-0.000000,0.000000,31750
3.124491,0.000000,0.000000,0.094174,0.000000,-0.000000,0.000000,31760
3.124491,0.000000,0.000000,0.094174,0.000000,-0.000000,0.000000,31770
3.124491,0.000000,0.000000,0.094174,0.000000,-0.000000,0.000000,31780
3.124491,0.000000,0.000000,0.094174,0.000000,-0.000000,0.000000,31790
3.124491,0.000000,0.000000,0.094174,0.000000,-0.000000,0.000000,31800
3.124491,0.000000,0.000000,0.094174,0.000000,-0.000000,0.000000,31810
3.124491,0.000000,0.000000,0.094174,0.000000,-0.000000,0.000000,31820
3.124491,0.000000,0.000000,0.094174,0.000000,-0.000000,0.000000,31830
3.124491,0.000000,0.000000,0.094174,0.000000,-0.000000,0.000000,31840
3.124491,0.000000,0.000000,0.094174,0.000000,-0.000000,0.000000,31850
3.124491,0.000000,0.000000,0.094174,0.000000,-0.000000,0.000000,31860
3.124491,0.000000,0.000000,0.094174,0.000000,-0.000000,0.000000,31870
3.124491,0.000000,0.000000,0.094174,0.000000,-0.000000,0.000000,31880
3.124491,0.000000,0.000000,0.094174,0.000000,-0.000000,0.000000,31890
3.124491,0.000000,0.000000,0.094174,0.000000,-0.000000,0.000000,31900
3.124491,0.000000,0.000000,0.094174,0.000000,-0.000000,0.000000,31910
3.124491,0.000000,0.000000,0.094174,0.000000,-0.000000,0.000000,31920
3.124491,0.000000,0.000000,0.094174,0.000000,-0.000000,0.000000,31930
3.124491,0.000000,0.000000,0.094174,0.000000,-0.000000,0.000000,31940
3.124491,0.000000,0.000000,0.094174,0.000000,-0.000000,0.000000,31950
3.124491,0.000000,0.000000,0.094174,0.000000,-0.000000,0.000000,31960
3.124491,0.000000,0.000000,0.094174,0.000000,-0.000000,0.000000,31970
3.124491,0.000000,0.000000,0.094174,0.000000,-0.000000,0.000000,31980
3.124491,0.000000,0.000000,0.094174,0.000000,-0.000000,0.000000,31990
3.124491,0.000000,0.000000,0.094174,0.000000,-0.000000,0.000000,32000
3.124491,0.000000,0.000000,0.094174,0.000000,-0.000000,0.000000,32010
3.124491,0.000000,0.000000,0.094174,0.000000,-0.000000,0.000000,32020
3.124491,0.000000,0.000000,0.094174,0.000000,-0.000000,0.000000,32030
3.124491,0.000000,0.000000,0.094174,0.000000,-0.000000,0.000000,32040
3.124491,0.000000,0.000000,0.094174,0.000000,-0.000000,0.000000,32050
3.124491,0.000000,0.000000,0.094174,0.000000,-0.000000,0.000000,32060
3.124491,0.000000,0.000000,0.094174,0.000000,-0.000000,0.000000,32070
3.124491,0.000000,0.000000,0.094174,0.000000,-0.000000,0.000000,32080
3.124491,0.000000,0.000000,0.094174,0.000000,-0.000000,0.000000,32090
3.124491,0.000000,0.000000,0.094174,0.000000,-0.000000,0.000000,32100
3.124491,0.000000,0.000000,0.094174,0.000000,-0.000000,0.000000,32110
3.124491,0.000000,0.000000,0.094174,0.000000,-0.000000,0.000000,32120
3.124491,0.000000,0.000000,0.094174,0.000000,-0.000000,0.000000,32130
3.124491,0.000000,0.000000,0.094174,0.000000,-0.000000,0.000000,32140
3.124491,0.000000,0.000000,0.094174,0.000000,-0.000000,0.000000,32150
3.124491,0.000000,0.000000,0.094174,0.000000,-0.000000,0.000000,32160
3.124491,0.000000,0.000000,0.094174,0.000000,-0.000000,0.000000,32170
3.124491,0.000000,0.000000,0.094174,0.000000,-0.000000,0.000000,32180
3.124491,0.000000,0.000000,0.094174,0.000000,-0.000000,0.000000,32190
3.124491,0.000000,0.000000,0.094174,0.000000,-0.000000,0.000000,32200
3.124491,0.000000,0.000000,0.094174,0.000000,-0.000000,0.000000,32210
3.124491,0.000000,0.000000,0.094174,0.000000,-0.000000,0.000000,32220
3.124491,0.000000,0.000000,0.094174,0.000000,-0.000000,0.000000,32230
3.124491,0.000000,0.000000,0.094174,0.000000,-0.000000,0.000000,32240
3.124491,0.000000,0.000000,0.094174,0.000000,-0.000000,0.000000,32250
3.124491,0.000000,0.000000,0.094174,0.000000,-0.000000,0.000000,32260
3.124491,0.000000,0.000000,0.094174,0.000000,-0.000000,0.000000,32270
3.124491,0.000000,0.000000,0.094174,0.000000,-0.000000,0.000000,32280
3.124491,0.000000,0.000000,0.094174,0.000000,-0.000000,0.000000,32290
3.124491,0.000000,0.000000,0.094174,0.000000,-0.000000,0.000000,32300
3.124491,0.000000,0.000000,0.094174,0.000000,-0.000000,0.000000,32310
3.124491,0.000000,0.000000,0.094174,0.000000,-0.000000,0.000000,32320
3.124491,0.000000,0.000000,0.094174,0.000000,-0.000000,0.000000,32330
3.124491,0.000000,0.000000,0.094174,0.000000,-0.000000,0.000000,32340
3.124491,0.000000,0.000000,0.094174,0.000000,-0.000000,0.000000,32350
3.124491,0.000000,0.000000,0.094174,0.000000,-0.000000,0.000000,32360
3.124491,0.000000,0.000000,0.094174,0.000000,-0.000000,0.000000,32370
3.124491,0.000000,0.000000,0.094174,0.000000,-0.000000,0.000000,32380
3.124491,0.000000,0.000000,0.094174,0.000000,-0.000000,0.000000,32390
3.124491,0.000000,0.000000,0.094174,0.000000,-0.000000,0.000000,32400
3.124491,0.000000,0.000000,0.094174,0.000000,-0.000000,0.000000,32410
3.124491,0.000000,0.000000,0.094174,0.000000,-0.000000,0.000000,32420
3.124491,0.000000,0.000000,0.094174,0.000000,-0.000000,0.000000,32430
3.124491,0.000000,0.000000,0.094174,0.000000,-0.000000,0.000000,32440
3.124491,0.000000,0.000000,0.094174,0.000000,-0.000000,0.000000,32450
3.124491,0.000000,0.000000,0.094174,0.000000,-0.000000,0.000000,32460
3.124491,0.000000,0.000000,0.094174,0.000000,-0.000000,0.000000,32470
3.124491,0.000000,0.000000,0.094174,0.000000,-0.000000,0.000000,32480
3.124491,0.000000,0.000000,0.094174,0.000000,-0.000000,0.000000,32490
3.124491,0.000000,0.000000,0.094174,0.000000,-0.000000,0.000000,32500
3.124491,0.000000,0.000000,0.094174,0.000000,-0.000000,0.000000,32510
3.124491,0.000000,0.000000,0.094174,0.000000,-0.000000,0.000000,32520
3.124491,0.000000,0.000000,0.094174,0.000000,-0.000000,0.000000,32530
3.124491,0.000000,0.000000,0.094174,0.000000,-0.000000,0.000000,32540
3.124491,0.000000,0.000000,0.094174,0.000000,-0.000000,0.000000,32550
3.124491,0.000000,0.000000,0.094174,0.000000,-0.000000,0.000000,32560
3.124491,0.000000,0.000000,0.094174,0.000000,-0.000000,0.000000,32570
3.124491,0.000000,0.000000,0.094174,0.000000,-0.000000,0.000000,32580
3.124491,0.000000,0.000000,0.094174,0.000000,-0.000000,0.000000,32590
3.124491,0.000000,0.000000,0.094174,0.000000,-0.000000,0.000000,32600
3.124491,0.000000,0.000000,0.094174,0.000000,-0.000000,0.000000,32610
3.124491,0.000000,0.000000,0.094174,0.000000,-0.000000,0.000000,32620
3.124491,0.000000,0.000000,0.094174,0.000000,-0.000000,0.000000,32630
3.124491,0.000000,0.000000,0.094174,0.000000,-0.000000,0.000000,32640
3.124491,0.000000,0.000000,0.094174,0.000000,-0.000000,0.000000,32650
3.124491,0.000000,0.000000,0.094174,0.000000,-0.000000,0.000000,32660
3.124491,0.000000,0.000000,0.094174,0.000000,-0.000000,0.000000,32670
3.124491,0.000000,0.000000,0.094174,0.000000,-0.000000,0.000000,32680
3.124491,0.000000,0.000000,0.094174,0.000000,-0.000000,0.000000,32690
3.124491,0.000000,0.000000,0.094174,0.000000,-0.000000,0.000000,32700
3.124491,0.000000,0.000000,0.094174,0.000000,-0.000000,0.000000,32710
3.124491,0.000000,0.000000,0.094174,0.000000,-0.000000,0.000000,32720
3.124491,0.000000,0.000000,0.094174,0.000000,-0.000000,0.000000,32730
3.124491,0.000000,0.000000,0.094174,0.000000,-0.000000,0.000000,32740
3.124491,0.000000,0.000000,0.094174,0.000000,-0.000000,0.000000,32750
3.124491,0.000000,0.000000,0.094174,0.000000,-0.000000,0.000000,32760
3.124491,0.000000,0.000000,0.094174,0.000000,-0.000000,0.000000,32770
3.124491,0.000000,0.000000,0.094174,0.000000,-0.000000,0.000000,32780
3.124491,0.000000,0.000000,0.094174,0.000000,-0.000000,0.000000,32790
3.124491,0.000000,0.000000,0.094174,0.000000,-0.000000,0.000000,32800
3.124491,0.000000,0.000000,0.094174,0.000000,-0.000000,0.000000,32810
3.124491,0.000000,0.000000,0.094174,0.000000,-0.000000,0.000000,32820
3.124491,0.000000,0.000000,0.094174,0.000000,-0.000000,0.000000,32830
3.124491,0.000000,0.000000,0.094174,0.000000,-0.000000,0.000000,32840
3.124491,0.000000,0.000000,0.094174,0.000000,-0.000000,0.000000,32850
3.124491,0.000000,0.000000,0.094174,0.000000,-0.000000,0.000000,32860
3.124491,0.000000,0.000000,0.094174,0.000000,-0.000000,0.000000,32870
3.124491,0.000000,0.000000,0.094174,0.000000,-0.000000,0.000000,32880
3.124491,0.000000,0.000000,0.094174,0.000000,-0.000000,0.000000,32890
3.124491,0.000000,0.000000,0.094174,0.000000,-0.000000,0.000000,32900
3.124491,0.000000,0.000000,0.094174,0.000000,-0.000000,0.000000,32910
3.124491,0.000000,0.000000,0.094174,0.000000,-0.000000,0.000000,32920
3.124491,0.000000,0.000000,0.094174,0.000000,-0.000000,0.000000,32930
3.124491,0.000000,0.000000,0.094174,0.000000,-0.000000,0.000000,32940
3.124491,0.000000,0.000000,0.094174,0.000000,-0.000000,0.000000,32950
3.124491,0.000000,0.000000,0.094174,0.000000,-0.000000,0.000000,32960
3.124491,0.000000,0.000000,0.094174,0.000000,-0.000000,0.000000,32970
3.124491,0.000000,0.000000,0.094174,0.000000,-0.000000,0.000000,32980
3.124491,0.000000,0.000000,0.094174,0.000000,-0.000000,0.000000,32990
3.124491,0.000000,0.000000,0.094174,0.000000,-0.000000,0.000000,33000
3.124491,0.000000,0.000000,0.094174,0.000000,-0.000000,0.000000,33010
3.124491,0.000000,0.000000,0.094174,0.000000,-0.000000,0.000000,33020
3.124491,0.000000,0.000000,0.094174,0.000000,-0.000000,0.000000,33030
3.124491,0.000000,0.000000,0.094174,0.000000,-0.000000,0.000000,33040
3.124491,0.000000,0.000000,0.094174,0.000000,-0.000000,0.000000,33050
3.124491,0.000000,0.000000,0.094174,0.000000,-0.000000,0.000000,33060
3.124491,0.000000,0.000000,0.094174,0.000000,-0.000000,0.000000,33070
3.124491,0.000000,0.000000,0.094174,0.000000,-0.000000,0.000000,33080
3.124491,0.000000,0.000000,0.094174,0.000000,-0.000000,0.000000,33090
3.124491,0.000000,0.000000,0.094174,0.000000,-0.000000,0.000000,33100
3.124491,0.000000,0.000000,0.094174,0.000000,-0.000000,0.000000,33110
3.124491,0.000000,0.000000,0.094174,0.000000,-0.000000,0.000000,33120
3.124491,0.000000,0.000000,0.094174,0.000000,-0.000000,0.000000,33130
3.124491,0.000000,0.000000,0.094174,0.000000,-0.000000,0.000000,33140
3.124491,0.000000,0.000000,0.094174,0.000000,-0.000000,0.000000,33150
3.124491,0.000000,0.000000,0.094174,0.000000,-0.000000,0.000000,33160
3.124491,0.000000,0.000000,0.094174,0.000000,-0.000000,0.000000,33170
3.124491,0.000000,0.000000,0.094174,0.000000,-0.000000,0.000000,33180
3.124491,0.000000,0.000000,0.094174,0.000000,-0.000000,0.000000,33190
3.124491,0.000000,0.000000,0.094174,0.000000,-0.000000,0.000000,33200
3.124491,0.000000,0.000000,0.094174,0.000000,-0.000000,0.000000,33210
3.124491,0.000000,0.000000,0.094174,0.000000,-0.000000,0.000000,33220
3.124491,0.000000,0.000000,0.094174,0.000000,-0.000000,0.000000,33230
3.124491,0.000000,0.000000,0.094174,0.000000,-0.000000,0.000000,33240
3.124491,0.000000,0.000000,0.094174,0.000000,-0.000000,0.000000,33250
3.124491,0.000000,0.000000,0.094174,0.000000,-0.000000,0.000000,33260
3.124491,0.000000,0.000000,0.094174,0.000000,-0.000000,0.000000,33270
3.124491,0.000000,0.000000,0.094174,0.000000,-0.000000,0.000000,33280
3.124491,0.000000,0.000000,0.094174,0.000000,-0.000000,0.000000,33290
3.124491,0.000000,0.000000,0.094174,0.000000,-0.000000,0.000000,33300
3.124491,0.000000,0.000000,0.094174,0.000000,-0.000000,0.000000,33310
3.124491,0.000000,0.000000,0.094174,0.000000,-0.000000,0.000000,33320
3.124491,0.000000,0.000000,0.094174,0.000000,-0.000000,0.000000,33330
3.124491,0.000000,0.000000,0.094174,0.000000,-0.000000,0.000000,33340
3.124491,0.000000,0.000000,0.094174,0.000000,-0.000000,0.000000,33350
3.124491,0.000000,0.000000,0.094174,0.000000,-0.000000,0.000000,33360
3.124491,0.000000,0.000000,0.094174,0.000000,-0.000000,0.000000,33370
3.124491,0.000000,0.000000,0.094174,0.000000,-0.000000,0.000000,33380
3.124491,0.000000,0.000000,0.094174,0.000000,-0.000000,0.000000,33390
3.124491,0.000000,0.000000,0.094174,0.000000,-0.000000,0.000000,33400
3.124491,0.000000,0.000000,0.094174,0.000000,-0.000000,0.000000,33410
3.124491,0.000000,0.000000,0.094174,0.000000,-0.000000,0.000000,33420
3.124491,0.000000,0.000000,0.094174,0.000000,-0.000000,0.000000,33430
3.124491,0.000000,0.000000,0.094174,0.000000,-0.000000,0.000000,33440
3.124491,0.000000,0.000000,0.094174,0.000000,-0.000000,0.000000,33450
3.124491,0.000000,0.000000,0.094174,0.000000,-0.000000,0.000000,33460
3.124491,0.000000,0.000000,0.094174,0.000000,-0.000000,0.000000,33470
3.124491,0.000000,0.000000,0.094174,0.000000,-0.000000,0.000000,33480
3.124491,0.000000,0.000000,0.094174,0.000000,-0.000000,0.000000,33490
3.124491,0.000000,0.000000,0.094174,0.000000,-0.000000,0.000000,33500
3.124491,0.000000,0.000000,0.094174,0.000000,-0.000000,0.000000,33510
3.124491,0.000000,0.000000,0.094174,0.000000,-0.000000,0.000000,33520
3.124491,0.000000,0.000000,0.094174,0.000000,-0.000000,0.000000,33530
3.124491,0.000000,0.000000,0.094174,0.000000,-0.000000,0.000000,33540
3.124491,0.000000,0.000000,0.094174,0.000000,-0.000000,0.000000,33550
3.124491,0.000000,0.000000,0.094174,0.000000,-0.000000,0.000000,33560
3.124491,0.000000,0.000000,0.094174,0.000000,-0.000000,0.000000,33570
3.124491,0.000000,0.000000,0.094174,0.000000,-0.000000,0.000000,33580
3.124491,0.000000,0.000000,0.094174,0.000000,-0.000000,0.000000,33590
3.124491,0.000000,0.000000,0.094174,0.000000,-0.000000,0.000000,33600
3.124491,0.000000,0.000000,0.094174,0.000000,-0.000000,0.000000,33610
3.124491,0.000000,0.000000,0.094174,0.000000,-0.000000,0.000000,33620
3.124491,0.000000,0.000000,0.094174,0.000000,-0.000000,0.000000,33630
3.124491,0.000000,0.000000,0.094174,0.000000,-0.000000,0.000000,33640
3.124491,0.000000,0.000000,0.094174,0.000000,-0.000000,0.000000,33650
3.124491,0.000000,0.000000,0.094174,0.000000,-0.000000,0.000000,33660
3.124491,0.000000,0.000000,0.094174,0.000000,-0.000000,0.000000,33670
3.124491,0.000000,0.000000,0.094174,0.000000,-0.000000,0.000000,33680
3.124491,0.000000,0.000000,0.094174,0.000000,-0.000000,0.000000,33690
3.124491,0.000000,0.000000,0.094174,0.000000,-0.000000,0.000000,33700
3.124491,0.000000,0.000000,0.094174,0.000000,-0.000000,0.000000,33710
3.124491,0.000000,0.000000,0.094174,0.000000,-0.000000,0.000000,33720
3.124491,0.000000,0.000000,0.094174,0.000000,-0.000000,0.000000,33730
3.124491,0.000000,0.000000,0.094174,0.000000,-0.000000,0.000000,33740
3.124491,0.000000,0.000000,0.094174,0.000000,-0.000000,0.000000,33750
3.124491,0.000000,0.000000,0.094174,0.000000,-0.000000,0.000000,33760
3.124491,0.000000,0.000000,0.094174,0.000000,-0.000000,0.000000,33770
3.124491,0.000000,0.000000,0.094174,0.000000,-0.000000,0.000000,33780
3.124491,0.000000,0.000000,0.094174,0.000000,-0.000000,0.000000,33790
3.124491,0.000000,0.000000,0.094174,0.000000,-0.000000,0.000000,33800
3.124491,0.000000,0.000000,0.094174,0.000000,-0.000000,0.000000,33810
3.124491,0.000000,0.000000,0.094174,0.000000,-0.000000,0.000000,33820
3.124491,0.000000,0.000000,0.094174,0.000000,-0.000000,0.000000,33830
3.124491,0.000000,0.000000,0.094174,0.000000,-0.000000,0.000000,33840
3.124491,0.000000,0.000000,0.094174,0.000000,-0.000000,0.000000,33850
3.124491,0.000000,0.000000,0.094174,0.000000,-0.000000,0.000000,33860
3.124491,0.000000,0.000000,0.094174,0.000000,-0.000000,0.000000,33870
3.124491,0.000000,0.000000,0.094174,0.000000,-0.000000,0.000000,33880
3.124491,0.000000,0.000000,0.094174,0.000000,-0.000000,0.000000,33890
3.124491,0.000000,0.000000,0.094174,0.000000,-0.000000,0.000000,33900
3.124491,0.000000,0.000000,0.094174,0.000000,-0.000000,0.000000,33910
3.124491,0.000000,0.000000,0.094174,0.000000,-0.000000,0.000000,33920
3.124491,0.000000,0.000000,0.094174,0.000000,-0.000000,0.000000,33930
3.124491,0.000000,0.000000,0.094174,0.000000,-0.000000,0.000000,33940
3.124491,0.000000,0.000000,0.094174,0.000000,-0.000000,0.000000,33950
3.124491,0.000000,0.000000,0.094174,0.000000,-0.000000,0.000000,33960
3.124491,0.000000,0.000000,0.094174,0.000000,-0.000000,0.040000,33970
3.124491,0.000000,0.000000,0.094174,0.000000,-0.000000,0.090000,33980
3.124491,0.000000,0.000000,0.094174,0.000000,-0.000000,0.140000,33990
3.124491,0.000000,0.000000,0.094174,0.000000,-0.000000,0.190000,34000
3.124491,0.000000,0.000000,0.094174,0.000000,-0.000000,0.240000,34010
3.124491,0.000000,0.000000,0.094174,0.000000,-0.000000,0.290000,34020
3.124491,0.000000,0.000000,0.094174,0.000000,-0.000000,0.340000,34030
3.124491,0.000000,0.000000,0.094174,0.000000,-0.000000,0.390000,34040
3.124491,0.000000,0.000000,0.094174,0.000000,-0.000000,0.440000,34050
3.124491,0.000000,0.000000,0.094174,0.000000,-0.000000,0.490000,34060
3.124491,0.000000,0.000000,0.094174,0.000000,-0.000000,0.540000,34070
3.124491,0.000000,0.000000,0.094174,0.000000,-0.000000,0.590000,34080
3.124491,0.000000,0.000000,0.094174,0.000000,-0.000000,0.640000,34090
3.124491,0.000000,0.000000,0.101418,0.724414,0.181103,0.690000,34100
3.124491,0.000000,0.000000,0.115906,1.448829,0.498035,0.740000,34110
3.126025,0.000000,0.076699,0.137639,2.173243,0.916837,0.790000,34120
3.127559,0.000000,0.115049,0.166615,2.897657,1.412042,0.840000,34130
3.127559,0.000000,0.057524,0.195592,2.897657,1.783446,0.890000,34140
3.129093,0.000000,0.105461,0.231813,3.622072,2.243102,0.940000,34150
3.130627,0.000000,0.129430,0.268033,3.622072,2.587845,0.990000,34160
3.132161,0.000000,0.141414,0.304254,3.622073,2.846402,1.040000,34170
3.133695,0.000000,0.147406,0.347719,4.346484,3.221422,1.090000,34180
3.135229,0.000000,0.150402,0.391184,4.346487,3.502689,1.140000,34190
3.136763,0.000000,0.151900,0.441893,5.070901,3.894742,1.190000,34200
3.136763,0.000000,0.075950,0.492602,5.070898,4.188781,1.240000,34210
3.138297,0.000000,0.114674,0.550555,5.795315,4.590414,1.290000,34220
3.139831,0.000000,0.134036,0.608508,5.795318,4.891640,1.340000,34230
3.141365,0.000000,0.143717,0.666461,5.795312,5.117558,1.390000,34240
3.142899,0.000000,0.148558,0.731658,6.519729,5.468101,1.440000,34250
3.144433,0.000000,0.150978,0.796856,6.519729,5.731008,1.490000,34260
3.145967,0.000000,0.152188,0.876541,7.968557,6.290395,1.540000,34270
3.147501,0.000000,0.152793,0.948983,7.244146,6.528833,1.590000,34280
3.149035,0.000000,0.153096,1.028668,7.968551,6.888762,1.640000,34290
3.150568,0.000000,0.153247,1.108354,7.968557,7.158711,1.690000,34300
3.152102,0.000000,0.153323,1.195284,8.692980,7.542278,1.740000,34310
3.152102,0.000000,0.076661,1.282213,8.692968,7.829951,1.790000,34320
3.153636,0.000000,0.115030,1.376387,9.417391,8.226810,1.840000,34330
3.155170,0.000000,0.134214,1.470561,9.417379,8.524452,1.890000,34340
3.156704,0.000000,0.143806,1.564735,9.417391,8.747686,1.940000,34350
3.156704,0.000000,0.071903,1.666153,10.141802,9.096215,1.990000,34360
3.159772,0.306797,0.189350,1.767571,10.141802,9.357613,2.040000,34370
3.161306,0.000000,0.171374,1.876233,10.866213,9.734762,2.090000,34380
3.161306,0.000000,0.085687,1.984895,10.866213,10.017625,2.140000,34390
3.162840,0.000000,0.119531,2.100801,11.590624,10.410875,2.190000,34400
3.162840,0.000000,0.059765,2.216708,11.590624,10.705812,2.240000,34410
3.162840,0.000000,0.029883,2.339858,12.315059,11.108125,2.290000,34420
3.164374,0.000000,0.091641,2.463009,12.315035,11.409853,2.340000,34430
3.164374,0.000000,0.045820,2.593403,13.039470,11.817258,2.390000,34440
3.164374,0.000000,0.022910,2.723798,13.039446,12.122805,2.440000,34450
3.164374,0.000000,0.011455,2.861437,13.763881,12.533074,2.490000,34460
3.164374,0.000000,0.005728,2.999075,13.763857,12.840771,2.540000,34470
3.164374,0.000000,0.002864,3.136714,13.763881,13.071548,2.590000,34480
3.164374,0.000000,0.001432,3.281597,14.488292,13.425735,2.640000,34490
3.164374,0.000000,0.000716,3.426480,14.488292,13.691374,2.690000,34500
3.164374,0.000000,0.000358,3.571362,14.488268,13.890596,2.740000,34510
3.162840,0.000000,-0.076520,3.723490,15.212703,14.221124,2.790000,34520
3.162840,0.000000,-0.038260,3.882861,15.937114,14.650122,2.840000,34530
3.162840,0.000000,-0.019130,4.042232,15.937138,14.971875,2.890000,34540
3.162840,0.000000,-0.009565,4.208847,16.661501,15.394281,2.940000,34550
3.161306,0.000000,-0.081470,4.375463,16.661549,15.711099,2.990000,34560
3.159772,0.000000,-0.117434,4.549322,17.385960,16.129814,3.040000,34570
3.161306,0.000000,0.017982,4.723181,17.385912,16.443838,3.090000,34580
3.161306,0.000000,0.008991,4.897041,17.385960,16.679367,3.140000,34590
3.159772,0.000000,-0.072204,5.085389,18.834782,17.218220,3.190000,34600
3.159772,0.000000,-0.036102,5.273736,18.834734,17.622349,3.240000,34610
3.161306,0.000000,0.058648,5.462084,18.834782,17.925457,3.290000,34620
3.161306,0.000000,0.029324,5.664920,20.283604,18.514994,3.340000,34630
3.161306,0.000000,0.014662,5.867756,20.283604,18.957146,3.390000,34640
3.159772,0.000000,-0.069368,6.077836,21.008015,19.469864,3.440000,34650
3.161306,0.000000,0.042015,6.280672,20.283604,19.673298,3.490000,34660
3.161306,0.000000,0.021008,6.490752,21.008015,20.006977,3.540000,34670
3.161306,0.000000,0.010504,6.708076,21.732426,20.438339,3.590000,34680
3.161306,0.000000,0.005252,6.925401,21.732426,20.761860,3.640000,34690
3.161306,0.000000,0.002626,7.149969,22.456837,21.185604,3.690000,34700
3.161306,0.000000,0.001313,7.374538,22.456884,21.503424,3.740000,34710
3.162840,0.000000,0.077344,7.599106,22.456837,21.741776,3.790000,34720
3.162840,0.000000,0.038672,7.830919,23.181248,22.101643,3.840000,34730
3.161306,0.000000,-0.057351,8.062732,23.181295,22.371557,3.890000,34740
3.161306,0.000000,-0.028676,8.294544,23.181248,22.573978,3.940000,34750
3.161306,0.000000,-0.014338,8.533601,23.905659,22.906898,3.990000,34760
3.161306,0.000000,-0.007169,8.779902,24.630070,23.337692,4.040000,34770
3.159772,0.000000,-0.080284,9.026202,24.630070,23.660786,4.090000,34780
3.159772,0.000000,-0.040142,9.272503,24.630070,23.903107,4.140000,34790
3.159772,0.000000,-0.020071,9.526049,25.354576,24.265974,4.190000,34800
3.159772,0.000000,-0.010035,9.786838,26.078892,24.719204,4.240000,34810
3.159772,0.000000,-0.005018,10.047626,26.078892,25.059124,4.290000,34820
3.159772,0.000000,-0.002509,10.308415,26.078892,25.314064,4.340000,34830
3.159772,0.000000,-0.001254,10.576449,26.803398,25.686398,4.390000,34840
3.159772,0.000000,-0.000627,10.851727,27.527714,26.146725,4.440000,34850
3.158238,0.000000,-0.077013,11.127004,27.527714,26.491970,4.490000,34860
3.161306,0.306797,0.114892,11.395038,26.803398,26.569826,4.540000,34870
3.161306,0.000000,0.057446,11.677559,28.252125,26.990402,4.590000,34880
3.159772,0.000000,-0.047976,11.967324,28.976536,27.486935,4.640000,34890
3.159772,0.000000,-0.023988,12.257091,28.976631,27.859358,4.690000,34900
3.161306,0.000000,0.064705,12.546856,28.976536,28.138653,4.740000,34910
3.161306,0.000000,0.032353,12.843865,29.700947,28.529224,4.790000,34920
3.161306,0.000000,0.016176,13.140876,29.701042,28.822180,4.840000,34930
3.161306,0.000000,0.008088,13.437885,29.700947,29.041870,4.890000,34940
3.159772,0.000000,-0.072655,13.749384,31.149864,29.568869,4.940000,34950
3.159772,0.000000,-0.036328,14.060882,31.149769,29.964092,4.990000,34960
3.159772,0.000000,-0.018164,14.372380,31.149864,30.260534,5.040000,34970
3.159772,0.000000,-0.009082,14.683878,31.149769,30.482841,5.090000,34980
3.159772,0.000000,-0.004541,15.009865,32.598686,31.011803,5.140000,34990
3.159772,0.000000,-0.002270,15.335851,32.598591,31.408501,5.190000,35000
3.159772,0.000000,-0.001135,15.669082,33.323097,31.887150,5.240000,35010
3.161306,0.000000,0.076132,16.002312,33.323002,32.246113,5.290000,35020
3.161306,0.000000,0.038066,16.342787,34.047508,32.696465,5.340000,35030
3.161306,0.000000,0.019033,16.683262,34.047508,33.034225,5.390000,35040
3.162840,0.000000,0.086204,17.030981,34.771919,33.468651,5.440000,35050
3.162840,0.000000,0.043102,17.378700,34.771919,33.794468,5.490000,35060
3.162840,0.000000,0.021551,17.733662,35.496140,34.219887,5.540000,35070
3.162840,0.000000,0.010775,18.088625,35.496330,34.538998,5.590000,35080
3.161306,0.000000,-0.071300,18.450832,36.220741,34.959435,5.640000,35090
3.161306,0.000000,-0.035650,18.813040,36.220741,35.274761,5.690000,35100
3.161306,0.000000,-0.017825,19.175247,36.220741,35.511253,5.740000,35110
3.161306,0.000000,-0.008912,19.544699,36.945152,35.869728,5.790000,35120
3.161306,0.000000,-0.004456,19.928638,38.393974,36.500790,5.840000,35130
3.161306,0.000000,-0.002228,20.312578,38.393974,36.974083,5.890000,35140
3.162840,0.000000,0.075573,20.696518,38.393974,37.329056,5.940000,35150
3.164374,0.000000,0.114486,21.087700,39.118195,37.776340,5.990000,35160
3.162840,0.000000,-0.019456,21.486128,39.842796,38.292953,6.040000,35170
3.162840,0.000000,-0.009728,21.884556,39.842796,38.680412,6.090000,35180
3.164374,0.000000,0.071835,22.275740,39.118385,38.789906,6.140000,35190
3.162840,0.000000,-0.040782,22.681412,40.567207,39.234230,6.190000,35200
3.162840,0.000000,-0.020391,23.087084,40.567207,39.567474,6.240000,35210
3.161306,0.000000,-0.086883,23.492756,40.567207,39.817406,6.290000,35220
3.161306,0.000000,-0.043441,23.905672,41.291618,40.185959,6.340000,35230
3.162840,0.000000,0.054967,24.318588,41.291618,40.462372,6.389999,35240
3.161306,0.000000,-0.049204,24.745993,42.740440,41.031891,6.440001,35250
3.161306,0.000000,-0.024602,25.166153,42.016029,41.277924,6.490000,35260
3.161306,0.000000,-0.012301,25.593557,42.740440,41.643555,6.540000,35270
3.161306,0.000000,-0.006151,26.020962,42.740440,41.917778,6.590000,35280
3.161306,0.000000,-0.003075,26.455610,43.464851,42.304546,6.640000,35290
3.161306,0.000000,-0.001538,26.890259,43.464851,42.594620,6.690000,35300
3.161306,0.000000,-0.000769,27.324907,43.464851,42.812180,6.740000,35310
3.159772,0.000000,-0.077084,27.774044,44.913673,43.337555,6.790000,35320
3.158238,0.000000,-0.115241,28.215939,44.189453,43.550529,6.840000,35330
3.158238,0.000000,-0.057621,28.665075,44.913673,43.891312,6.890000,35340
3.159772,0.000000,0.047889,29.114212,44.913673,44.146904,6.940000,35350
3.158238,0.000000,-0.052755,29.577837,46.362495,44.700798,6.990000,35360
3.156704,0.000000,-0.103077,30.041462,46.362495,45.116219,7.040000,35370
3.159772,0.306797,0.101860,30.505087,46.362495,45.427788,7.090000,35380
3.159772,0.000000,0.050930,30.975956,47.086906,45.842567,7.139999,35390
3.159772,0.000000,0.025465,31.446825,47.086906,46.153656,7.190001,35400
3.159772,0.000000,0.012733,31.924938,47.811317,46.568069,7.240000,35410
3.158238,0.000000,-0.070333,32.403053,47.811508,46.878929,7.290000,35420
3.158238,0.000000,-0.035166,32.888409,48.535538,47.293079,7.340000,35430
3.156704,0.000000,-0.094283,33.373768,48.535919,47.603790,0.000000,35440
3.158238,0.000000,0.029558,33.801170,42.740250,46.387905,0.000000,35450
3.152102,-0.613594,-0.292018,34.141647,34.047699,43.302853,0.000000,35460
3.139831,-1.227188,-0.759603,34.402435,26.078796,38.996838,0.000000,35470
3.124491,-1.533985,-1.146794,34.598026,19.559097,34.137402,0.000000,35480
3.107617,-1.687384,-1.417089,34.742912,14.488602,29.225201,0.000000,35490
3.087675,-1.994181,-1.705635,34.844330,10.141754,24.454338,0.000000,35500
3.066200,-2.147555,-1.926595,34.924015,7.968521,20.332884,0.000000,35510
3.044724,-2.147579,-2.037087,34.974724,5.070877,16.517382,0.000000,35520
3.023248,-2.147579,-2.092333,35.010944,3.622055,13.293550,0.000000,35530
3.001772,-2.147579,-2.119956,35.025433,1.448822,10.332369,0.000000,35540
2.980297,-2.147555,-2.133756,35.032677,0.724411,7.930379,0.000000,35550
2.960355,-1.994181,-2.063968,35.032677,0.000000,5.947784,0.000000,35560
2.940413,-1.994181,-2.029074,35.032677,0.000000,4.460838,0.000000,35570
2.923539,-1.687384,-1.858229,35.032677,0.000000,3.345629,0.000000,35580
2.906665,-1.687384,-1.772806,35.032677,0.000000,2.509222,0.000000,35590
2.892860,-1.380563,-1.576685,35.032677,0.000000,1.881916,0.000000,35600
2.880588,-1.227188,-1.401936,35.032677,0.000000,1.411437,0.000000,35610
2.869850,-1.073790,-1.237863,35.032677,0.000000,1.058578,0.000000,35620
2.860646,-0.920391,-1.079127,35.032677,0.000000,0.793933,0.000000,35630
2.852976,-0.766993,-0.923060,35.032677,0.000000,0.595450,0.000000,35640
2.846840,-0.613594,-0.768327,35.032677,0.000000,0.446588,0.000000,35650
2.843772,-0.306797,-0.537562,35.032677,0.000000,0.334941,0.000000,35660
2.842238,0.000000,-0.345480,35.032677,0.000000,0.251205,0.000000,35670
2.842238,0.000000,-0.172740,35.032677,0.000000,0.188404,0.000000,35680
2.843772,0.000000,-0.009671,35.032677,0.000000,0.141303,0.000000,35690
2.848374,0.460196,0.225262,35.032677,0.000000,0.105977,0.000000,35700
2.852976,0.460196,0.342729,35.032677,0.000000,0.079483,0.000000,35710
2.860646,0.766993,0.554861,35.032677,0.000000,0.059612,0.000000,35720
2.868316,0.766993,0.660927,35.032677,0.000000,0.044709,0.000000,35730
2.879054,1.073790,0.867358,35.032677,0.000000,0.033532,0.000000,35740
2.889792,1.073790,0.970574,35.032677,0.000000,0.025149,0.000000,35750
2.902063,1.227164,1.098869,35.032677,0.000000,0.018862,0.000000,35760
2.915869,1.380587,1.239728,35.032677,0.000000,0.014146,0.000000,35770
2.931209,1.533985,1.386857,35.032677,0.000000,0.010610,0.000000,35780
2.946549,1.533985,1.460421,35.032677,0.000000,0.007957,0.000000,35790
2.964957,1.840782,1.650602,35.032677,0.000000,0.005968,0.000000,35800
2.983365,1.840782,1.745692,35.032677,0.000000,0.004476,0.000000,35810
3.001772,1.840758,1.793225,35.032677,0.000000,0.003357,0.000000,35820
3.020180,1.840782,1.817004,35.032677,0.000000,0.002518,0.000000,35830
3.040122,1.994181,1.905592,35.032677,0.000000,0.001888,0.000000,35840
3.061598,2.147579,2.026586,35.032677,0.000000,0.001416,0.000000,35850
3.081539,1.994157,2.010371,35.032677,0.000000,0.001062,0.000000,35860
3.101481,1.994181,2.002276,35.032677,0.000000,0.000797,0.000000,35870
3.122957,2.147579,2.074928,35.032677,0.000000,0.000597,0.000000,35880
3.142899,1.994181,2.034554,35.032677,0.000000,0.000448,0.000000,35890
3.162840,1.994157,2.014355,35.032677,0.000000,0.000336,0.000000,35900
3.182782,1.994181,2.004268,35.032677,0.000000,0.000252,0.000000,35910
3.202724,1.994181,1.999224,35.032677,0.000000,0.000189,0.000000,35920
3.221132,1.840782,1.920003,35.032677,0.000000,0.000142,0.000000,35930
3.239539,1.840782,1.880393,35.032677,0.000000,0.000106,0.000000,35940
3.256413,1.687360,1.783876,35.032677,0.000000,0.000080,0.000000,35950
3.271753,1.533985,1.658931,35.032677,0.000000,0.000060,0.000000,35960
3.287093,1.533985,1.596458,35.032677,0.000000,0.000045,0.000000,35970
3.300899,1.380587,1.488522,35.032677,0.000000,0.000034,0.000000,35980
3.313170,1.227188,1.357855,35.032677,0.000000,0.000025,0.000000,35990
3.323908,1.073790,1.215822,35.032677,0.000000,0.000019,0.000000,36000
3.334646,1.073766,1.144794,35.032677,0.000000,0.000014,0.000000,36010
3.342316,0.766993,0.955893,35.032677,0.000000,0.000011,0.000000,36020
3.349986,0.766993,0.861443,35.032677,0.000000,0.000008,0.000000,36030
3.354588,0.460196,0.660819,35.032677,0.000000,0.000006,0.000000,36040
3.357656,0.306797,0.483808,35.032677,0.000000,0.000004,0.000000,36050
3.359190,0.000000,0.318603,35.032677,0.000000,0.000003,0.000000,36060
3.360724,0.000000,0.236001,35.032677,0.000000,0.000003,0.000000,36070
3.359190,0.000000,0.041301,35.032677,0.000000,0.000002,0.000000,36080
3.356122,-0.306797,-0.132748,35.032677,0.000000,0.000001,0.000000,36090
3.353054,-0.306797,-0.219772,35.032677,0.000000,0.000001,0.000000,36100
3.348452,-0.460196,-0.339984,35.032677,0.000000,0.000001,0.000000,36110
3.342316,-0.613594,-0.476789,35.032677,0.000000,0.000001,0.000000,36120
3.334646,-0.766993,-0.621891,35.032677,0.000000,0.000000,0.000000,36130
3.325442,-0.920367,-0.771129,35.032677,0.000000,0.000000,0.000000,36140
3.314704,-1.073790,-0.922459,35.032677,0.000000,0.000000,0.000000,36150
3.303967,-1.073790,-0.998124,35.032677,0.000000,0.000000,0.000000,36160
3.291695,-1.227188,-1.112656,35.032677,0.000000,0.000000,0.000000,36170
3.279423,-1.227188,-1.169922,35.032677,0.000000,0.000000,0.000000,36180
3.265617,-1.380587,-1.275254,35.032677,0.000000,0.000000,0.000000,36190
3.250277,-1.533985,-1.404620,35.032677,0.000000,0.000000,0.000000,36200
3.234937,-1.533961,-1.469290,35.032677,0.000000,0.000000,0.000000,36210
3.219598,-1.533985,-1.501638,35.032677,0.000000,0.000000,0.000000,36220
3.204258,-1.533985,-1.517812,35.032677,0.000000,0.000000,0.000000,36230
3.187384,-1.687384,-1.602598,35.032677,0.000000,0.000000,0.000000,36240
3.170510,-1.687384,-1.644991,35.032677,0.000000,0.000000,0.000000,36250
3.155170,-1.533961,-1.589476,35.032677,0.000000,0.000000,0.000000,36260
3.138297,-1.687384,-1.638430,35.032677,0.000000,0.000000,0.000000,36270
3.121423,-1.687384,-1.662907,35.032677,0.000000,0.000000,0.000000,36280
3.104549,-1.687384,-1.675145,35.032677,0.000000,0.000000,0.000000,36290
3.089209,-1.533985,-1.604565,35.032677,0.000000,0.000000,0.000000,36300
3.073869,-1.533985,-1.569275,35.032677,0.000000,0.000000,0.000000,36310
3.058530,-1.533961,-1.551618,35.032677,0.000000,0.000000,0.000000,36320
3.044724,-1.380587,-1.466102,35.032677,0.000000,0.000000,0.000000,36330
3.030918,-1.380587,-1.423344,35.032677,0.000000,0.000000,0.000000,36340
3.018646,-1.227188,-1.325266,35.032677,0.000000,0.000000,0.000000,36350
3.006374,-1.227188,-1.276227,35.032677,0.000000,0.000000,0.000000,36360
2.995636,-1.073790,-1.175008,35.032677,0.000000,0.000000,0.000000,36370
2.984899,-1.073766,-1.124387,35.032677,0.000000,0.000000,0.000000,36380
2.977229,-0.766993,-0.945690,35.032677,0.000000,0.000000,0.000000,36390
2.969559,-0.766993,-0.856341,35.032677,0.000000,0.000000,0.000000,36400
2.963423,-0.613594,-0.734968,35.032677,0.000000,0.000000,0.000000,36410
2.957287,-0.613594,-0.674281,35.032677,0.000000,0.000000,0.000000,36420
2.952685,-0.460196,-0.567238,35.032677,0.000000,0.000000,0.000000,36430
2.951151,0.000000,-0.360318,35.032677,0.000000,0.000000,0.000000,36440
2.949617,0.000000,-0.256858,35.032677,0.000000,0.000000,0.000000,36450
2.948083,0.000000,-0.205128,35.032677,0.000000,0.000000,0.000000,36460
2.949617,0.000000,-0.025865,35.032677,0.000000,0.000000,0.000000,36470
2.951151,0.000000,0.063767,35.032677,0.000000,0.000000,0.000000,36480
2.954219,0.306797,0.185282,35.032677,0.000000,0.000000,0.000000,36490
2.957287,0.306797,0.246039,35.032677,0.000000,0.000000,0.000000,36500
2.963423,0.613594,0.429817,35.032677,0.000000,0.000000,0.000000,36510
2.968025,0.460196,0.445006,35.032677,0.000000,0.000000,0.000000,36520
2.975695,0.766993,0.605999,35.032677,0.000000,0.000000,0.000000,36530
2.983365,0.766993,0.686496,35.032677,0.000000,0.000000,0.000000,36540
2.991035,0.766993,0.726744,35.032677,0.000000,0.000000,0.000000,36550
3.000238,0.920367,0.823556,35.032677,0.000000,0.000000,0.000000,36560
3.009442,0.920391,0.871973,35.032677,0.000000,0.000000,0.000000,36570
3.020180,1.073790,0.972881,35.032677,0.000000,0.000000,0.000000,36580
3.030918,1.073790,1.023336,35.032677,0.000000,0.000000,0.000000,36590
3.043190,1.227188,1.125262,35.032677,0.000000,0.000000,0.000000,36600
3.053928,1.073790,1.099526,35.032677,0.000000,0.000000,0.000000,36610
3.066200,1.227188,1.163357,35.032677,0.000000,0.000000,0.000000,36620
3.078471,1.227164,1.195261,35.032677,0.000000,0.000000,0.000000,36630
3.092277,1.380587,1.287924,35.032677,0.000000,0.000000,0.000000,36640
3.104549,1.227188,1.257556,35.032677,0.000000,0.000000,0.000000,36650
3.116821,1.227188,1.242372,35.032677,0.000000,0.000000,0.000000,36660
3.129093,1.227188,1.234780,35.032677,0.000000,0.000000,0.000000,36670
3.141365,1.227188,1.230984,35.032677,0.000000,0.000000,0.000000,36680
3.155170,1.380587,1.305785,35.032677,0.000000,0.000000,0.000000,36690
3.165908,1.073766,1.189776,35.032677,0.000000,0.000000,0.000000,36700
3.178180,1.227188,1.208482,35.032677,0.000000,0.000000,0.000000,36710
3.188918,1.073790,1.141136,35.032677,0.000000,0.000000,0.000000,36720
3.199656,1.073790,1.107463,35.032677,0.000000,0.000000,0.000000,36730
3.208860,0.920391,1.013927,35.032677,0.000000,0.000000,0.000000,36740
3.218064,0.920391,0.967159,35.032677,0.000000,0.000000,0.000000,36750
3.227268,0.920391,0.943775,35.032677,0.000000,0.000000,0.000000,36760
3.234937,0.766993,0.855384,35.032677,0.000000,0.000000,0.000000,36770
3.242607,0.766993,0.811188,35.032677,0.000000,0.000000,0.000000,36780
3.247209,0.460172,0.635680,35.032677,0.000000,0.000000,0.000000,36790
3.253345,0.613594,0.624637,35.032677,0.000000,0.000000,0.000000,36800
3.257947,0.460196,0.542416,35.032677,0.000000,0.000000,0.000000,36810
3.261015,0.306797,0.424607,35.032677,0.000000,0.000000,0.000000,36820
3.264083,0.306797,0.365702,35.032677,0.000000,0.000000,0.000000,36830
3.264083,0.000000,0.182851,35.032677,0.000000,0.000000,0.000000,36840
3.265617,0.000000,0.168125,35.032677,0.000000,0.000000,0.000000,36850
3.265617,0.000000,0.084062,35.032677,0.000000,0.000000,0.000000,36860
3.264083,0.000000,-0.034668,35.032677,0.000000,0.000000,0.000000,36870
3.261015,-0.306797,-0.170733,35.032677,0.000000,0.000000,0.000000,36880
3.257947,-0.306797,-0.238765,35.032677,0.000000,0.000000,0.000000,36890
3.254879,-0.306797,-0.272781,35.032677,0.000000,0.000000,0.000000,36900
3.250277,-0.460196,-0.366488,35.032677,0.000000,0.000000,0.000000,36910
3.244141,-0.613594,-0.490041,35.032677,0.000000,0.000000,0.000000,36920
3.239539,-0.460172,-0.475106,35.032677,0.000000,0.000000,0.000000,36930
3.233403,-0.613594,-0.544350,35.032677,0.000000,0.000000,0.000000,36940
3.225734,-0.766993,-0.655671,35.032677,0.000000,0.000000,0.000000,36950
3.218064,-0.766993,-0.711332,35.032677,0.000000,0.000000,0.000000,36960
3.211928,-0.613594,-0.662463,35.032677,0.000000,0.000000,0.000000,36970
3.202724,-0.920391,-0.791427,35.032677,0.000000,0.000000,0.000000,36980
3.193520,-0.920391,-0.855909,35.032677,0.000000,0.000000,0.000000,36990
3.185850,-0.766993,-0.811451,35.032677,0.000000,0.000000,0.000000,37000
3.176646,-0.920391,-0.865921,35.032677,0.000000,0.000000,0.000000,37010
3.167442,-0.920391,-0.893156,35.032677,0.000000,0.000000,0.000000,37020
3.156704,-1.073766,-0.983461,35.032677,0.000000,0.000000,0.000000,37030
3.147501,-0.920391,-0.951926,35.032677,0.000000,0.000000,0.000000,37040
3.138297,-0.920391,-0.936159,35.032677,0.000000,0.000000,0.000000,37050
3.129093,-0.920391,-0.928275,35.032677,0.000000,0.000000,0.000000,37060
3.119889,-0.920391,-0.924333,35.032677,0.000000,0.000000,0.000000,37070
3.110685,-0.920391,-0.922362,35.032677,0.000000,0.000000,0.000000,37080
3.103015,-0.766993,-0.844677,35.032677,0.000000,0.000000,0.000000,37090
3.093811,-0.920391,-0.882534,35.032677,0.000000,0.000000,0.000000,37100
3.086141,-0.766993,-0.824763,35.032677,0.000000,0.000000,0.000000,37110
3.078471,-0.766993,-0.795878,35.032677,0.000000,0.000000,0.000000,37120
3.072335,-0.613594,-0.704736,35.032677,0.000000,0.000000,0.000000,37130
3.064666,-0.766969,-0.735852,35.032677,0.000000,0.000000,0.000000,37140
3.058530,-0.613594,-0.674723,35.032677,0.000000,0.000000,0.000000,37150
3.053928,-0.460196,-0.567459,35.032677,0.000000,0.000000,0.000000,37160
3.049326,-0.460196,-0.513827,35.032677,0.000000,0.000000,0.000000,37170
3.044724,-0.460196,-0.487011,35.032677,0.000000,0.000000,0.000000,37180
3.041656,-0.306797,-0.396904,35.032677,0.000000,0.000000,0.000000,37190
3.038588,-0.306797,-0.351851,35.032677,0.000000,0.000000,0.000000,37200
3.035520,-0.306797,-0.329324,35.032677,0.000000,0.000000,0.000000,37210
3.033986,0.000000,-0.241361,35.032677,0.000000,0.000000,0.000000,37220
3.033986,0.000000,-0.120681,35.032677,0.000000,0.000000,0.000000,37230
3.033986,0.000000,-0.060340,35.032677,0.000000,0.000000,0.000000,37240
3.033986,0.000000,-0.030170,35.032677,0.000000,0.000000,0.000000,37250
3.035520,0.000000,0.061614,35.032677,0.000000,0.000000,0.000000,37260
3.037054,0.000000,0.107506,35.032677,0.000000,0.000000,0.000000,37270
3.040122,0.306797,0.207152,35.032677,0.000000,0.000000,0.000000,37280
3.041656,0.000000,0.180275,35.032677,0.000000,0.000000,0.000000,37290
3.044724,0.306797,0.243536,35.032677,0.000000,0.000000,0.000000,37300
3.047792,0.306797,0.275167,35.032677,0.000000,0.000000,0.000000,37310
3.052394,0.460196,0.367681,35.032677,0.000000,0.000000,0.000000,37320
3.056996,0.460196,0.413938,35.032677,0.000000,0.000000,0.000000,37330
3.061598,0.460196,0.437067,35.032677,0.000000,0.000000,0.000000,37340
3.066200,0.460196,0.448631,35.032677,0.000000,0.000000,0.000000,37350
3.070801,0.460196,0.454413,35.032677,0.000000,0.000000,0.000000,37360
3.076937,0.613570,0.533992,35.032677,0.000000,0.000000,0.000000,37370
3.081539,0.460196,0.497094,35.032677,0.000000,0.000000,0.000000,37380
3.089209,0.766993,0.632043,35.032677,0.000000,0.000000,0.000000,37390
3.093811,0.460196,0.546119,35.032677,0.000000,0.000000,0.000000,37400
3.101481,0.766993,0.656556,35.032677,0.000000,0.000000,0.000000,37410
3.106083,0.460196,0.558376,35.032677,0.000000,0.000000,0.000000,37420
3.113753,0.766993,0.662684,35.032677,0.000000,0.000000,0.000000,37430
3.119889,0.613594,0.638139,35.032677,0.000000,0.000000,0.000000,37440
3.126025,0.613594,0.625867,35.032677,0.000000,0.000000,0.000000,37450
3.132161,0.613594,0.619730,35.032677,0.000000,0.000000,0.000000,37460
3.136763,0.460196,0.539963,35.032677,0.000000,0.000000,0.000000,37470
3.142899,0.613594,0.576779,35.032677,0.000000,0.000000,0.000000,37480
3.149035,0.613594,0.595186,35.032677,0.000000,0.000000,0.000000,37490
3.153636,0.460196,0.527691,35.032677,0.000000,0.000000,0.000000,37500
3.159772,0.613594,0.570642,35.032677,0.000000,0.000000,0.000000,37510
3.164374,0.460172,0.515407,35.032677,0.000000,0.000000,0.000000,37520
3.168976,0.460196,0.487801,35.032677,0.000000,0.000000,0.000000,37530
3.172044,0.306797,0.397299,35.032677,0.000000,0.000000,0.000000,37540
3.176646,0.460196,0.428747,35.032677,0.000000,0.000000,0.000000,37550
3.179714,0.306797,0.367772,35.032677,0.000000,0.000000,0.000000,37560
3.181248,0.000000,0.260585,35.032677,0.000000,0.000000,0.000000,37570
3.184316,0.306797,0.283691,35.032677,0.000000,0.000000,0.000000,37580
3.185850,0.000000,0.218545,35.032677,0.000000,0.000000,0.000000,37590
3.187384,0.000000,0.185972,35.032677,0.000000,0.000000,0.000000,37600
3.188918,0.000000,0.169685,35.032677,0.000000,0.000000,0.000000,37610
3.188918,0.000000,0.084843,35.032677,0.000000,0.000000,0.000000,37620
3.188918,0.000000,0.042421,35.032677,0.000000,0.000000,0.000000,37630
3.188918,0.000000,0.021211,35.032677,0.000000,0.000000,0.000000,37640
3.187384,0.000000,-0.066094,35.032677,0.000000,0.000000,0.000000,37650
3.185850,0.000000,-0.109746,35.032677,0.000000,0.000000,0.000000,37660
3.184316,0.000000,-0.131572,35.032677,0.000000,0.000000,0.000000,37670
3.182782,0.000000,-0.142485,35.032677,0.000000,0.000000,0.000000,37680
3.181248,0.000000,-0.147942,35.032677,0.000000,0.000000,0.000000,37690
3.179714,0.000000,-0.150670,35.032677,0.000000,0.000000,0.000000,37700
3.176646,-0.306797,-0.228734,35.032677,0.000000,0.000000,0.000000,37710
3.173578,-0.306797,-0.267765,35.032677,0.000000,0.000000,0.000000,37720
3.170510,-0.306797,-0.287281,35.032677,0.000000,0.000000,0.000000,37730
3.167442,-0.306797,-0.297039,35.032677,0.000000,0.000000,0.000000,37740
3.164374,-0.306797,-0.301918,35.032677,0.000000,0.000000,0.000000,37750
3.161306,-0.306773,-0.304346,35.032677,0.000000,0.000000,0.000000,37760
3.156704,-0.460196,-0.382271,35.032677,0.000000,0.000000,0.000000,37770
3.153636,-0.306797,-0.344534,35.032677,0.000000,0.000000,0.000000,37780
3.150568,-0.306797,-0.325665,35.032677,0.000000,0.000000,0.000000,37790
3.145967,-0.460196,-0.392930,35.032677,0.000000,0.000000,0.000000,37800
3.142899,-0.306797,-0.349864,35.032677,0.000000,0.000000,0.000000,37810
3.139831,-0.306797,-0.328330,35.032677,0.000000,0.000000,0.000000,37820
3.136763,-0.306797,-0.317564,35.032677,0.000000,0.000000,0.000000,37830
3.132161,-0.460196,-0.388880,35.032677,0.000000,0.000000,0.000000,37840
3.129093,-0.306797,-0.347838,35.032677,0.000000,0.000000,0.000000,37850
3.126025,-0.306797,-0.327318,35.032677,0.000000,0.000000,0.000000,37860
3.122957,-0.306797,-0.317057,35.032677,0.000000,0.000000,0.000000,37870
3.119889,-0.306797,-0.311927,35.032677,0.000000,0.000000,0.000000,37880
3.116821,-0.306797,-0.309362,35.032677,0.000000,0.000000,0.000000,37890
3.113753,-0.306797,-0.308080,35.032677,0.000000,0.000000,0.000000,37900
3.112219,0.000000,-0.230739,35.032677,0.000000,0.000000,0.000000,37910
3.109151,-0.306797,-0.268768,35.032677,0.000000,0.000000,0.000000,37920
3.107617,0.000000,-0.211083,35.032677,0.000000,0.000000,0.000000,37930
3.106083,0.000000,-0.182241,35.032677,0.000000,0.000000,0.000000,37940
3.104549,0.000000,-0.167820,35.032677,0.000000,0.000000,0.000000,37950
3.103015,0.000000,-0.160609,35.032677,0.000000,0.000000,0.000000,37960
3.101481,0.000000,-0.157004,35.032677,0.000000,0.000000,0.000000,37970
3.101481,0.000000,-0.078502,35.032677,0.000000,0.000000,0.000000,37980
3.099947,0.000000,-0.115950,35.032677,0.000000,0.000000,0.000000,37990
3.099947,0.000000,-0.057975,35.032677,0.000000,0.000000,0.000000,38000
3.099947,0.000000,-0.028988,35.032677,0.000000,0.000000,0.000000,38010
3.099947,0.000000,-0.014494,35.032677,0.000000,0.000000,0.000000,38020
3.101481,0.000000,0.069452,35.032677,0.000000,0.000000,0.000000,38030
3.101481,0.000000,0.034726,35.032677,0.000000,0.000000,0.000000,38040
3.103015,0.000000,0.094062,35.032677,0.000000,0.000000,0.000000,38050
3.103015,0.000000,0.047031,35.032677,0.000000,0.000000,0.000000,38060
3.104549,0.000000,0.100215,35.032677,0.000000,0.000000,0.000000,38070
3.104549,0.000000,0.050107,35.032677,0.000000,0.000000,0.000000,38080
3.106083,0.000000,0.101753,35.032677,0.000000,0.000000,0.000000,38090
3.106083,0.000000,0.050876,35.032677,0.000000,0.000000,0.000000,38100
3.107617,0.000000,0.102137,35.032677,0.000000,0.000000,0.000000,38110
3.109151,0.000000,0.127768,35.032677,0.000000,0.000000,0.000000,38120
3.110685,0.000000,0.140583,35.032677,0.000000,0.000000,0.000000,38130
3.112219,0.000000,0.146991,35.032677,0.000000,0.000000,0.000000,38140
3.112219,0.000000,0.073495,35.032677,0.000000,0.000000,0.000000,38150
3.113753,0.000000,0.113447,35.032677,0.000000,0.000000,0.000000,38160
3.115287,0.000000,0.133423,35.032677,0.000000,0.000000,0.000000,38170
3.116821,0.000000,0.143411,35.032677,0.000000,0.000000,0.000000,38180
3.116821,0.000000,0.071705,35.032677,0.000000,0.000000,0.000000,38190
3.118355,0.000000,0.112552,35.032677,0.000000,0.000000,0.000000,38200
3.119889,0.000000,0.132975,35.032677,0.000000,0.000000,0.000000,38210
3.121423,0.000000,0.143187,35.032677,0.000000,0.000000,0.000000,38220
3.122957,0.000000,0.148293,35.032677,0.000000,0.000000,0.000000,38230
3.124491,0.000000,0.150846,35.032677,0.000000,0.000000,0.000000,38240
3.124491,0.000000,0.075423,35.032677,0.000000,0.000000,0.000000,38250
3.126025,0.000000,0.114411,35.032677,0.000000,0.000000,0.000000,38260
3.126025,0.000000,0.057205,35.032677,0.000000,0.000000,0.000000,38270
3.127559,0.000000,0.105302,35.032677,0.000000,0.000000,0.000000,38280
3.127559,0.000000,0.052651,35.032677,0.000000,0.000000,0.000000,38290
3.129093,0.000000,0.103025,35.032677,0.000000,0.000000,0.000000,38300
3.129093,0.000000,0.051512,35.032677,0.000000,0.000000,0.000000,38310
3.130627,0.000000,0.102455,35.032677,0.000000,0.000000,0.000000,38320
3.130627,0.000000,0.051228,35.032677,0.000000,0.000000,0.000000,38330
3.132161,0.000000,0.102313,35.032677,0.000000,0.000000,0.000000,38340
3.132161,0.000000,0.051157,35.032677,0.000000,0.000000,0.000000,38350
3.132161,0.000000,0.025578,35.032677,0.000000,0.000000,0.000000,38360
3.132161,0.000000,0.012789,35.032677,0.000000,0.000000,0.000000,38370
3.132161,0.000000,0.006395,35.032677,0.000000,0.000000,0.000000,38380
3.132161,0.000000,0.003197,35.032677,0.000000,0.000000,0.000000,38390
3.132161,0.000000,0.001599,35.032677,0.000000,0.000000,0.000000,38400
3.132161,0.000000,0.000799,35.032677,0.000000,0.000000,0.000000,38410
3.132161,0.000000,0.000400,35.032677,0.000000,0.000000,0.000000,38420
3.132161,0.000000,0.000200,35.032677,0.000000,0.000000,0.000000,38430
3.132161,0.000000,0.000100,35.032677,0.000000,0.000000,0.000000,38440
3.132161,0.000000,0.000050,35.032677,0.000000,0.000000,0.000000,38450
3.132161,0.000000,0.000025,35.032677,0.000000,0.000000,0.000000,38460
3.132161,0.000000,0.000012,35.032677,0.000000,0.000000,0.000000,38470
3.132161,0.000000,0.000006,35.032677,0.000000,0.000000,0.000000,38480
3.132161,0.000000,0.000003,35.032677,0.000000,0.000000,0.000000,38490
3.132161,0.000000,0.000002,35.032677,0.000000,0.000000,0.000000,38500
3.130627,0.000000,-0.076698,35.032677,0.000000,0.000000,0.000000,38510
3.130627,0.000000,-0.038349,35.032677,0.000000,0.000000,0.000000,38520
3.130627,0.000000,-0.019175,35.032677,0.000000,0.000000,0.000000,38530
3.130627,0.000000,-0.009587,35.032677,0.000000,0.000000,0.000000,38540
3.130627,0.000000,-0.004794,35.032677,0.000000,0.000000,0.000000,38550
3.130627,0.000000,-0.002397,35.032677,0.000000,0.000000,0.000000,38560
3.132161,0.000000,0.075501,35.032677,0.000000,0.000000,0.000000,38570
3.130627,0.000000,-0.038949,35.032677,0.000000,0.000000,0.000000,38580
3.130627,0.000000,-0.019474,35.032677,0.000000,0.000000,0.000000,38590
3.130627,0.000000,-0.009737,35.032677,0.000000,0.000000,0.000000,38600
3.130627,0.000000,-0.004869,35.032677,0.000000,0.000000,0.000000,38610
3.130627,0.000000,-0.002434,35.032677,0.000000,0.000000,0.000000,38620
3.130627,0.000000,-0.001217,35.032677,0.000000,0.000000,0.000000,38630
3.130627,0.000000,-0.000609,35.032677,0.000000,0.000000,0.000000,38640
3.130627,0.000000,-0.000304,35.032677,0.000000,0.000000,0.000000,38650
3.130627,0.000000,-0.000152,35.032677,0.000000,0.000000,0.000000,38660
3.130627,0.000000,-0.000076,35.032677,0.000000,0.000000,0.000000,38670
3.130627,0.000000,-0.000038,35.032677,0.000000,0.000000,0.000000,38680
3.130627,0.000000,-0.000019,35.032677,0.000000,0.000000,0.000000,38690
3.130627,0.000000,-0.000010,35.032677,0.000000,0.000000,0.000000,38700
3.130627,0.000000,-0.000005,35.032677,0.000000,0.000000,0.000000,38710
3.130627,0.000000,-0.000002,35.032677,0.000000,0.000000,0.000000,38720
3.130627,0.000000,-0.000001,35.032677,0.000000,0.000000,0.000000,38730
3.130627,0.000000,-0.000001,35.032677,0.000000,0.000000,0.000000,38740
3.130627,0.000000,-0.000000,35.032677,0.000000,0.000000,0.000000,38750
3.130627,0.000000,-0.000000,35.032677,0.000000,0.000000,0.000000,38760
3.130627,0.000000,-0.000000,35.032677,0.000000,0.000000,0.000000,38770
3.132161,0.000000,0.076699,35.032677,0.000000,0.000000,0.000000,38780
3.130627,0.000000,-0.038350,35.032677,0.000000,0.000000,0.000000,38790
3.130627,0.000000,-0.019175,35.032677,0.000000,0.000000,0.000000,38800
3.130627,0.000000,-0.009587,35.032677,0.000000,0.000000,0.000000,38810
3.130627,0.000000,-0.004794,35.032677,0.000000,0.000000,0.000000,38820
3.130627,0.000000,-0.002397,35.032677,0.000000,0.000000,0.000000,38830
3.130627,0.000000,-0.001198,35.032677,0.000000,0.000000,0.000000,38840
3.130627,0.000000,-0.000599,35.032677,0.000000,0.000000,0.000000,38850
3.130627,0.000000,-0.000300,35.032677,0.000000,0.000000,0.000000,38860
3.130627,0.000000,-0.000150,35.032677,0.000000,0.000000,0.000000,38870
3.130627,0.000000,-0.000075,35.032677,0.000000,0.000000,0.000000,38880
3.130627,0.000000,-0.000037,35.032677,0.000000,0.000000,0.000000,38890
3.130627,0.000000,-0.000019,35.032677,0.000000,0.000000,0.000000,38900
3.130627,0.000000,-0.000009,35.032677,0.000000,0.000000,0.000000,38910
3.130627,0.000000,-0.000005,35.032677,0.000000,0.000000,0.000000,38920
3.130627,0.000000,-0.000002,35.032677,0.000000,0.000000,0.000000,38930
3.130627,0.000000,-0.000001,35.032677,0.000000,0.000000,0.000000,38940
3.132161,0.000000,0.076699,35.032677,0.000000,0.000000,0.000000,38950
3.130627,0.000000,-0.038350,35.032677,0.000000,0.000000,0.000000,38960
3.130627,0.000000,-0.019175,35.032677,0.000000,0.000000,0.000000,38970
3.130627,0.000000,-0.009587,35.032677,0.000000,0.000000,0.000000,38980
3.130627,0.000000,-0.004794,35.032677,0.000000,0.000000,0.000000,38990
3.130627,0.000000,-0.002397,35.032677,0.000000,0.000000,0.000000,39000
3.130627,0.000000,-0.001198,35.032677,0.000000,0.000000,0.000000,39010
3.130627,0.000000,-0.000599,35.032677,0.000000,0.000000,0.000000,39020
3.130627,0.000000,-0.000300,35.032677,0.000000,0.000000,0.000000,39030
3.132161,0.000000,0.076549,35.032677,0.000000,0.000000,0.000000,39040
3.130627,0.000000,-0.038425,35.032677,0.000000,0.000000,0.000000,39050
3.130627,0.000000,-0.019212,35.032677,0.000000,0.000000,0.000000,39060
3.130627,0.000000,-0.009606,35.032677,0.000000,0.000000,0.000000,39070
3.130627,0.000000,-0.004803,35.032677,0.000000,0.000000,0.000000,39080
3.130627,0.000000,-0.002402,35.032677,0.000000,0.000000,0.000000,39090
3.130627,0.000000,-0.001201,35.032677,0.000000,0.000000,0.000000,39100
3.130627,0.000000,-0.000600,35.032677,0.000000,0.000000,0.000000,39110
3.130627,0.000000,-0.000300,35.032677,0.000000,0.000000,0.000000,39120
3.130627,0.000000,-0.000150,35.032677,0.000000,0.000000,0.000000,39130
3.130627,0.000000,-0.000075,35.032677,0.000000,0.000000,0.000000,39140
3.130627,0.000000,-0.000038,35.032677,0.000000,0.000000,0.000000,39150
3.130627,0.000000,-0.000019,35.032677,0.000000,0.000000,0.000000,39160
3.130627,0.000000,-0.000009,35.032677,0.000000,0.000000,0.000000,39170
3.130627,0.000000,-0.000005,35.032677,0.000000,0.000000,0.000000,39180
3.130627,0.000000,-0.000002,35.032677,0.000000,0.000000,0.000000,39190
3.130627,0.000000,-0.000001,35.032677,0.000000,0.000000,0.000000,39200
3.130627,0.000000,-0.000001,35.032677,0.000000,0.000000,0.000000,39210
3.130627,0.000000,-0.000000,35.032677,0.000000,0.000000,0.000000,39220
3.130627,0.000000,-0.000000,35.032677,0.000000,0.000000,0.000000,39230
3.130627,0.000000,-0.000000,35.032677,0.000000,0.000000,0.000000,39240
3.130627,0.000000,-0.000000,35.032677,0.000000,0.000000,0.000000,39250
3.130627,0.000000,-0.000000,35.032677,0.000000,0.000000,0.000000,39260
3.130627,0.000000,-0.000000,35.032677,0.000000,0.000000,0.000000,39270
3.130627,0.000000,-0.000000,35.032677,0.000000,0.000000,0.000000,39280
3.130627,0.000000,-0.000000,35.032677,0.000000,0.000000,0.000000,39290
3.130627,0.000000,-0.000000,35.032677,0.000000,0.000000,0.000000,39300
3.130627,0.000000,-0.000000,35.032677,0.000000,0.000000,0.000000,39310
3.130627,0.000000,-0.000000,35.032677,0.000000,0.000000,0.000000,39320
3.130627,0.000000,-0.000000,35.032677,0.000000,0.000000,0.000000,39330
3.130627,0.000000,-0.000000,35.032677,0.000000,0.000000,0.000000,39340
3.130627,0.000000,-0.000000,35.032677,0.000000,0.000000,0.000000,39350
3.130627,0.000000,-0.000000,35.032677,0.000000,0.000000,0.000000,39360
3.130627,0.000000,-0.000000,35.032677,0.000000,0.000000,0.000000,39370
3.130627,0.000000,-0.000000,35.032677,0.000000,0.000000,0.000000,39380
3.130627,0.000000,-0.000000,35.032677,0.000000,0.000000,0.000000,39390
3.130627,0.000000,-0.000000,35.032677,0.000000,0.000000,0.000000,39400
3.130627,0.000000,-0.000000,35.032677,0.000000,0.000000,0.000000,39410
3.130627,0.000000,-0.000000,35.032677,0.000000,0.000000,0.000000,39420
3.130627,0.000000,-0.000000,35.032677,0.000000,0.000000,0.000000,39430
3.130627,0.000000,-0.000000,35.032677,0.000000,0.000000,0.000000,39440
3.130627,0.000000,-0.000000,35.032677,0.000000,0.000000,0.000000,39450
3.130627,0.000000,-0.000000,35.032677,0.000000,0.000000,0.000000,39460
3.130627,0.000000,-0.000000,35.032677,0.000000,0.000000,0.000000,39470
3.130627,0.000000,-0.000000,35.032677,0.000000,0.000000,0.000000,39480
3.130627,0.000000,-0.000000,35.032677,0.000000,0.000000,0.000000,39490
3.130627,0.000000,-0.000000,35.032677,0.000000,0.000000,0.000000,39500
3.130627,0.000000,-0.000000,35.032677,0.000000,0.000000,0.000000,39510
3.130627,0.000000,-0.000000,35.032677,0.000000,0.000000,0.000000,39520
3.130627,0.000000,-0.000000,35.032677,0.000000,0.000000,0.000000,39530
3.130627,0.000000,-0.000000,35.032677,0.000000,0.000000,0.000000,39540
3.130627,0.000000,-0.000000,35.032677,0.000000,0.000000,0.000000,39550
3.130627,0.000000,-0.000000,35.032677,0.000000,0.000000,0.000000,39560
3.130627,0.000000,-0.000000,35.032677,0.000000,0.000000,0.000000,39570
3.130627,0.000000,-0.000000,35.032677,0.000000,0.000000,0.000000,39580
3.130627,0.000000,-0.000000,35.032677,0.000000,0.000000,0.000000,39590
3.130627,0.000000,-0.000000,35.032677,0.000000,0.000000,0.000000,39600
3.130627,0.000000,-0.000000,35.032677,0.000000,0.000000,0.000000,39610
3.130627,0.000000,-0.000000,35.032677,0.000000,0.000000,0.000000,39620
3.130627,0.000000,-0.000000,35.032677,0.000000,0.000000,0.000000,39630
3.130627,0.000000,-0.000000,35.032677,0.000000,0.000000,0.000000,39640
3.130627,0.000000,-0.000000,35.032677,0.000000,0.000000,0.000000,39650
3.130627,0.000000,-0.000000,35.032677,0.000000,0.000000,0.000000,39660
3.130627,0.000000,-0.000000,35.032677,0.000000,0.000000,0.000000,39670
3.130627,0.000000,-0.000000,35.032677,0.000000,0.000000,0.000000,39680
3.130627,0.000000,-0.000000,35.032677,0.000000,0.000000,0.000000,39690
3.130627,0.000000,-0.000000,35.032677,0.000000,0.000000,0.000000,39700