3.143127,6.212623,0.000000,20.619745,0.000000,20.619745,0.000000,1.000000,118370
3.143127,6.212623,0.000000,20.619745,0.000000,20.619745,0.000000,1.000000,118387
3.143127,6.212623,0.000000,20.619745,0.000000,20.619745,0.000000,1.000000,118404
3.143127,6.212623,0.000000,20.619745,0.000000,20.619745,0.000000,1.000000,118421
3.143127,6.212623,0.000000,20.619745,0.000000,20.619745,0.000000,1.000000,118438
3.143127,6.212623,0.000000,20.619745,0.000000,20.619745,0.000000,1.000000,118455
3.143127,6.212623,0.000000,20.619745,0.000000,20.619745,0.000000,1.000000,118472
3.143127,6.212623,0.000000,20.619745,0.000000,20.619745,0.000000,1.000000,118489
3.143127,6.212623,0.000000,20.619745,0.000000,20.619745,0.000000,1.000000,118506
3.143127,6.212623,0.000000,20.619745,0.000000,20.619745,0.000000,1.000000,118523
3.143127,6.212623,0.000000,20.619745,0.000000,20.619745,0.000000,1.000000,118540
3.143127,6.212623,0.000000,20.619745,0.000000,20.619745,0.000000,1.000000,118557
3.143127,6.212623,0.000000,20.619745,0.000000,20.619745,0.000000,1.000000,118574
3.143127,6.212623,0.000000,20.619745,0.000000,20.619745,0.000000,1.000000,118591
3.143127,6.212623,0.000000,20.619745,0.000000,20.619745,0.000000,1.000000,118608
3.143127,6.212623,0.000000,20.619745,0.000000,20.619745,0.000000,1.000000,118625
3.143127,6.212623,0.000000,20.619745,0.000000,20.619745,0.000000,1.000000,118642
3.143127,6.212623,0.000000,20.619745,0.000000,20.619745,0.000000,1.000000,118659
3.143127,6.212623,0.000000,20.619745,0.000000,20.619745,0.000000,1.000000,118676
3.143127,6.212623,0.000000,20.619745,0.000000,20.619745,0.000000,1.000000,118693
3.143127,6.212623,0.000000,20.619745,0.000000,20.619745,0.000000,1.000000,118710
3.143127,6.212623,0.000000,20.619745,0.000000,20.619745,0.000000,1.000000,118727
3.143127,6.212623,0.000000,20.619745,0.000000,20.619745,0.000000,1.000000,118744
3.143127,6.212623,0.000000,20.619745,0.000000,20.619745,0.000000,1.000000,118761
3.143127,6.212623,0.000000,20.619745,0.000000,20.619745,0.000000,1.000000,118778
3.143127,6.212623,0.000000,20.619745,0.000000,20.619745,0.000000,1.000000,118795
3.143127,6.212623,0.000000,20.619745,0.000000,20.619745,0.000000,1.000000,118812
3.143127,6.212623,0.000000,20.619745,0.000000,20.619745,0.000000,1.000000,118829
3.143127,6.212623,0.000000,20.619745,0.000000,20.619745,0.000000,1.000000,118846
3.143127,6.212623,0.000000,20.619745,0.000000,20.619745,0.000000,1.000000,118863
3.143127,6.212623,0.000000,20.619745,0.000000,20.619745,0.000000,1.000000,118880
3.143127,6.212623,0.000000,20.619745,0.000000,20.619745,0.000000,1.000000,118897
3.143127,6.212623,0.000000,20.619745,0.000000,20.619745,0.000000,1.000000,118914
3.143127,6.212623,0.000000,20.619745,0.000000,20.619745,0.000000,1.000000,118931
3.143127,6.212623,0.000000,20.619745,0.000000,20.619745,0.000000,1.000000,118948
3.143127,6.212623,0.000000,20.619745,0.000000,20.619745,0.000000,1.000000,118965
3.143127,6.212623,0.000000,20.619745,0.000000,20.619745,0.000000,1.000000,118982
3.143127,6.212623,0.000000,20.619745,0.000000,20.619745,0.000000,1.000000,118999
3.143127,6.212623,0.000000,20.619745,0.000000,20.619745,0.000000,1.000000,119016
3.143127,6.212623,0.000000,20.619745,0.000000,20.619745,0.000000,1.000000,119033
3.143127,6.212623,0.000000,20.619745,0.000000,20.619745,0.000000,1.000000,119050
3.143127,6.212623,0.000000,20.619745,0.000000,20.619745,0.000000,1.000000,119067
3.143127,6.212623,0.000000,20.619745,0.000000,20.619745,0.000000,1.000000,119084
3.143127,6.212623,0.000000,20.619745,0.000000,20.619745,0.000000,1.000000,119101
3.143127,6.212623,0.000000,20.619745,0.000000,20.619745,0.000000,1.000000,119118
3.143127,6.212623,0.000000,20.619745,0.000000,20.619745,0.000000,1.000000,119135
3.143127,6.212623,0.000000,20.619745,0.000000,20.619745,0.000000,1.000000,119152
3.143127,6.212623,0.000000,20.619745,0.000000,20.619745,0.000000,1.000000,119169
3.143127,6.212623,0.000000,20.619745,0.000000,20.619745,0.000000,1.000000,119186
3.143127,6.212623,0.000000,20.619745,0.000000,20.619745,0.000000,1.000000,119203
3.143127,6.212623,0.000000,20.619745,0.000000,20.619745,0.000000,1.000000,119220
3.143127,6.212623,0.000000,20.619745,0.000000,20.619745,0.000000,1.000000,119237
3.143127,6.212623,0.000000,20.619745,0.000000,20.619745,0.000000,1.000000,119254
3.143127,6.212623,0.000000,20.619745,0.000000,20.619745,0.000000,1.000000,119271
3.143127,6.212623,0.000000,20.619745,0.000000,20.619745,0.000000,1.000000,119288
3.143127,6.212623,0.000000,20.619745,0.000000,20.619745,0.000000,1.000000,119305
3.143127,6.212623,0.000000,20.619745,0.000000,20.619745,0.000000,1.000000,119322
3.143127,6.212623,0.000000,20.619745,0.000000,20.619745,0.000000,1.000000,119339
3.143127,6.212623,0.000000,20.619745,0.000000,20.619745,0.000000,1.000000,119356
3.143127,6.212623,0.000000,20.619745,0.000000,20.619745,0.000000,1.000000,119373
3.143127,6.212623,0.000000,20.619745,0.000000,20.619745,0.000000,1.000000,119390
3.143127,6.212623,0.000000,20.619745,0.000000,20.619745,0.000000,1.000000,119407
3.143127,6.212623,0.000000,20.619745,0.000000,20.619745,0.000000,1.000000,119424
3.143127,6.212623,0.000000,20.619745,0.000000,20.619745,0.000000,1.000000,119441
3.143127,6.212623,0.000000,20.619745,0.000000,20.619745,0.000000,1.000000,119458
3.143127,6.212623,0.000000,20.619745,0.000000,20.619745,0.000000,1.000000,119475
3.143127,6.212623,0.000000,20.619745,0.000000,20.619745,0.000000,1.000000,119492
3.143127,6.212623,0.000000,20.619745,0.000000,20.619745,0.000000,1.000000,119509
3.143127,6.212623,0.000000,20.619745,0.000000,20.619745,0.000000,1.000000,119526
3.143127,6.212623,0.000000,20.619745,0.000000,20.619745,0.000000,1.000000,119543
3.143127,6.212623,0.000000,20.619745,0.000000,20.619745,0.000000,1.000000,119560
3.143127,6.212623,0.000000,20.619745,0.000000,20.619745,0.000000,1.000000,119577
3.143127,6.212623,0.000000,20.619745,0.000000,20.619745,0.000000,1.000000,119594
3.143127,6.212623,0.000000,20.619745,0.000000,20.619745,0.000000,1.000000,119611
3.143127,6.212623,0.000000,20.619745,0.000000,20.619745,0.000000,1.000000,119628
3.143127,6.212623,0.000000,20.619745,0.000000,20.619745,0.000000,1.000000,119645
3.143127,6.212623,0.000000,20.619745,0.000000,20.619745,0.000000,1.000000,119662
3.143127,6.212623,0.000000,20.619745,0.000000,20.619745,0.000000,1.000000,119679
3.143127,6.212623,0.000000,20.619745,0.000000,20.619745,0.000000,1.000000,119696
3.143127,6.212623,0.000000,20.619745,0.000000,20.619745,0.000000,1.000000,119713
3.143127,6.212623,0.000000,20.619745,0.000000,20.619745,0.000000,1.000000,119730
3.143127,6.212623,0.000000,20.619745,0.000000,20.619745,0.000000,1.000000,119747
3.143127,6.212623,0.000000,20.619745,0.000000,20.619745,0.000000,1.000000,119764
3.143127,6.212623,0.000000,20.619745,0.000000,20.619745,0.000000,1.000000,119781
3.143127,6.212623,0.000000,20.619745,0.000000,20.619745,0.000000,1.000000,119798
3.143127,6.212623,0.000000,20.619745,0.000000,20.619745,0.000000,1.000000,119815
3.143127,6.212623,0.000000,20.619745,0.000000,20.619745,0.000000,1.000000,119832
3.143127,6.212623,0.000000,20.619745,0.000000,20.619745,0.000000,1.000000,119849
3.143127,6.212623,0.000000,20.619745,0.000000,20.563406,0.000000,1.000000,119866
3.143127,6.212623,0.000000,20.619745,0.000000,20.377159,-1.108488,1.000000,119883
3.143127,6.212623,0.000000,20.600924,-0.627391,20.252481,-1.139155,1.000000,119900
3.143127,6.212623,0.000000,20.575832,-1.254633,20.206577,-1.092109,1.000000,119918
3.138525,-0.070563,0.000000,20.519375,-1.951632,20.138290,-1.056830,0.000000,119935
3.135457,-0.070563,0.000000,20.450371,-2.679606,20.092577,-1.004042,0.000000,119952
3.133923,-0.070563,0.000000,20.406460,-3.250103,20.075747,-0.958726,0.000000,119969
3.130855,-0.070563,0.000000,20.331181,-3.256789,20.050709,-0.935868,0.000000,119986
3.127787,-0.070563,0.000000,20.255903,-3.329400,20.033949,-0.905472,0.000000,120003
3.126253,-0.070563,0.000000,20.193172,-3.152563,20.022730,0.202217,0.000000,120020
3.126253,-0.070563,0.000000,20.180626,-2.519926,20.018599,0.146674,0.000000,120038
3.132389,-0.070563,0.000000,20.168079,-1.398779,20.012453,0.081417,0.000000,120055
3.135457,-0.070563,0.000000,20.168079,-0.621679,20.008339,0.036185,0.000000,120072
3.138525,-0.070563,0.000000,20.168079,-0.414453,20.006824,0.024123,0.000000,120089
3.143127,6.212623,0.206025,20.168079,-0.184201,20.004570,0.119837,1.000000,120106
3.146195,6.212623,0.000000,20.168079,-0.081867,20.003061,0.004765,1.000000,120123
3.149263,6.212623,0.000000,20.168079,-0.036385,20.002052,0.003177,1.000000,120140
3.152331,6.212623,0.211467,20.168079,-0.024257,20.001680,0.113410,1.000000,120157
3.153865,6.212623,0.000000,20.168079,-0.010781,20.001127,0.000628,1.000000,120174
3.155399,6.212623,0.000000,20.168079,-0.004791,20.000757,0.000418,1.000000,120191
3.156933,6.212623,0.000000,20.168079,-0.003194,20.000622,0.000186,1.000000,120208
3.158467,6.212623,0.000000,20.168079,-0.001420,20.000418,0.000083,1.000000,120225
3.160001,6.212623,0.000000,20.168079,-0.000631,20.000282,0.000037,1.000000,120242
3.160001,6.212623,0.000000,20.168079,-0.000421,20.000233,0.000024,1.000000,120259
3.160001,6.212623,0.000000,20.168079,-0.000187,20.000158,0.000011,1.000000,120276
3.158467,6.212623,0.000000,20.168079,-0.000083,20.000109,0.000005,1.000000,120293
3.158467,6.212623,0.000000,20.168079,-0.000037,20.000074,0.000003,1.000000,120310
3.158467,6.212623,0.000000,20.168079,-0.000025,20.000063,0.000001,1.000000,120327
3.156933,6.212623,0.000000,20.168079,-0.000011,20.000046,0.000001,1.000000,120344
3.155399,6.212623,0.000000,20.168079,-0.000005,20.000032,0.000000,1.000000,120361
3.155399,6.212623,0.000000,20.168079,-0.000003,20.000029,0.000000,1.000000,120378
3.155399,6.212623,0.000000,20.168079,-0.000001,20.000021,0.000000,1.000000,120395
3.153865,6.212623,0.000000,20.168079,-0.000001,20.000017,0.000000,1.000000,120412
3.153865,6.212623,0.000000,20.168079,-0.000000,20.000015,0.000000,1.000000,120429
3.152331,6.212623,0.000000,20.168079,-0.000000,20.000011,0.000000,1.000000,120446
3.152331,6.212623,0.000000,20.168079,-0.000000,20.000011,0.000000,1.000000,120463
3.152331,6.212623,0.000000,20.168079,-0.000000,20.000011,0.000000,1.000000,120480
3.150797,6.212623,0.000000,20.168079,-0.000000,20.000011,0.000000,1.000000,120497
3.150797,6.212623,0.000000,20.168079,-0.000000,20.000011,0.000000,1.000000,120514
3.150797,6.212623,0.000000,20.168079,-0.000000,20.000011,0.000000,1.000000,120531
3.150797,6.212623,0.000000,20.168079,-0.000000,20.000011,0.000000,1.000000,120548
3.150797,6.212623,0.000000,20.168079,-0.000000,20.000011,0.000000,1.000000,120565
3.150797,6.212623,0.000000,20.168079,-0.000000,20.000011,0.000000,1.000000,120582
3.150797,6.212623,0.000000,20.168079,-0.000000,20.000011,0.000000,1.000000,120599
3.150797,6.212623,0.000000,20.168079,-0.000000,20.000011,0.000000,1.000000,120616
3.150797,6.212623,0.000000,20.168079,-0.000000,20.000011,0.000000,1.000000,120633
3.150797,6.212623,0.000000,20.168079,-0.000000,20.000011,0.000000,1.000000,120650
3.150797,6.212623,0.000000,20.168079,-0.000000,20.000011,0.000000,1.000000,120667
3.150797,6.212623,0.000000,20.168079,-0.000000,20.000011,0.000000,1.000000,120684
3.150797,6.212623,0.000000,20.168079,-0.000000,20.000011,0.000000,1.000000,120701
3.150797,6.212623,0.000000,20.168079,-0.000000,20.000011,0.000000,1.000000,120718
3.150797,6.212623,0.000000,20.168079,-0.000000,20.000011,0.000000,1.000000,120735
3.150797,6.212623,0.000000,20.168079,-0.000000,20.000011,0.000000,1.000000,120752
3.150797,6.212623,0.000000,20.168079,-0.000000,20.000011,0.000000,1.000000,120769
3.150797,6.212623,0.000000,20.168079,-0.000000,20.000011,0.000000,1.000000,120786
3.150797,6.212623,0.000000,20.168079,-0.000000,20.000011,0.000000,1.000000,120803
3.150797,6.212623,0.000000,20.168079,-0.000000,20.000011,0.000000,1.000000,120820
3.150797,6.212623,0.000000,20.168079,-0.000000,20.000011,0.000000,1.000000,120837
3.150797,6.212623,0.000000,20.168079,-0.000000,20.000011,0.000000,1.000000,120854
3.150797,6.212623,0.000000,20.168079,-0.000000,20.000011,0.000000,1.000000,120871
3.150797,6.212623,0.000000,20.168079,-0.000000,20.000011,0.000000,1.000000,120888
3.150797,6.212623,0.000000,20.168079,-0.000000,20.000011,0.000000,1.000000,120905
3.150797,6.212623,0.000000,20.168079,-0.000000,20.000011,0.000000,1.000000,120922
3.150797,6.212623,0.000000,20.168079,-0.000000,20.000011,0.000000,1.000000,120939
3.150797,6.212623,0.000000,20.168079,-0.000000,20.000011,0.000000,1.000000,120956
3.150797,6.212623,0.000000,20.168079,-0.000000,20.000011,0.000000,1.000000,120973
3.150797,6.212623,0.000000,20.168079,-0.000000,20.000011,0.000000,1.000000,120990
3.150797,6.212623,0.000000,20.168079,-0.000000,20.000011,0.000000,1.000000,121007
3.150797,6.212623,0.000000,20.168079,-0.000000,20.000011,0.000000,1.000000,121024
3.150797,6.212623,0.000000,20.168079,-0.000000,20.000011,0.000000,1.000000,121041
3.150797,6.212623,0.000000,20.168079,-0.000000,20.000011,0.000000,1.000000,121058
3.150797,6.212623,0.000000,20.168079,-0.000000,20.000011,0.000000,1.000000,121075
3.150797,6.212623,0.000000,20.168079,-0.000000,20.000011,0.000000,1.000000,121092
3.150797,6.212623,0.000000,20.168079,-0.000000,20.000011,0.000000,1.000000,121109
3.150797,6.212623,0.000000,20.168079,-0.000000,20.000011,0.000000,1.000000,121126
3.150797,6.212623,0.000000,20.168079,-0.000000,20.000011,0.000000,1.000000,121143
3.150797,6.212623,0.000000,20.168079,-0.000000,20.000011,0.000000,1.000000,121160
3.150797,6.212623,0.000000,20.168079,-0.000000,20.000011,0.000000,1.000000,121177
3.150797,6.212623,0.000000,20.168079,-0.000000,20.000011,0.000000,1.000000,121194
3.150797,6.212623,0.000000,20.168079,-0.000000,20.000011,0.000000,1.000000,121211
3.150797,6.212623,0.000000,20.168079,-0.000000,20.000011,0.000000,1.000000,121228
3.150797,6.212623,0.000000,20.168079,-0.000000,20.000011,0.000000,1.000000,121245
3.150797,6.212623,0.000000,20.168079,-0.000000,20.000011,0.000000,1.000000,121262
3.150797,6.212623,0.000000,20.168079,-0.000000,20.000011,0.000000,1.000000,121279
3.150797,6.212623,0.000000,20.168079,-0.000000,20.000011,0.000000,1.000000,121296
3.150797,6.212623,0.000000,20.168079,-0.000000,20.000011,0.000000,1.000000,121313
3.150797,6.212623,0.000000,20.168079,-0.000000,20.000011,0.000000,1.000000,121330
3.150797,6.212623,0.000000,20.168079,-0.000000,20.000011,0.000000,1.000000,121347
3.150797,6.212623,0.000000,20.168079,-0.000000,20.000011,0.000000,1.000000,121364
3.150797,6.212623,0.000000,20.168079,-0.000000,20.000011,0.000000,1.000000,121381
3.150797,6.212623,0.000000,20.168079,-0.000000,20.000011,0.000000,1.000000,121398
3.150797,6.212623,0.000000,20.168079,-0.000000,20.000011,0.000000,1.000000,121415
3.150797,6.212623,0.000000,20.168079,-0.000000,20.000011,0.000000,1.000000,121432
3.150797,6.212623,0.000000,20.168079,-0.000000,20.000011,0.000000,1.000000,121449
3.150797,6.212623,0.000000,20.168079,-0.000000,20.000011,0.000000,1.000000,121466
3.150797,6.212623,0.000000,20.168079,-0.000000,20.000011,0.000000,1.000000,121483
3.150797,6.212623,0.000000,20.168079,-0.000000,20.000011,0.000000,1.000000,121500
3.150797,6.212623,0.000000,20.168079,-0.000000,20.000011,0.000000,1.000000,121517
3.150797,6.212623,0.000000,20.168079,-0.000000,20.000011,0.000000,1.000000,121534
3.150797,6.212623,0.000000,20.168079,-0.000000,20.000011,0.000000,1.000000,121551
3.150797,6.212623,0.000000,20.168079,-0.000000,20.000011,0.000000,1.000000,121568
3.150797,6.212623,0.000000,20.168079,-0.000000,20.000011,0.000000,1.000000,121585
3.150797,6.212623,0.000000,20.168079,-0.000000,20.000011,0.000000,1.000000,121602
3.150797,6.212623,0.000000,20.168079,-0.000000,20.000011,0.000000,1.000000,121619
3.150797,6.212623,0.000000,20.168079,-0.000000,20.000011,0.000000,1.000000,121636
3.150797,6.212623,0.000000,20.168079,-0.000000,20.000011,0.000000,1.000000,121653
3.150797,6.212623,0.000000,20.168079,-0.000000,20.000011,0.000000,1.000000,121670
3.150797,6.212623,0.000000,20.168079,-0.000000,20.000011,0.000000,1.000000,121687
3.150797,6.212623,0.000000,20.168079,-0.000000,20.000011,0.000000,1.000000,121704
3.150797,6.212623,0.000000,20.168079,-0.000000,20.000011,0.000000,1.000000,121721
3.150797,6.212623,0.000000,20.168079,-0.000000,20.000011,0.000000,1.000000,121738
3.150797,6.212623,0.000000,20.168079,-0.000000,20.000011,0.000000,1.000000,121755
3.150797,6.212623,0.000000,20.168079,-0.000000,20.000011,0.000000,1.000000,121772
3.150797,6.212623,0.000000,20.168079,-0.000000,20.000011,0.000000,1.000000,121789
3.150797,6.212623,0.000000,20.168079,-0.000000,20.000011,0.000000,1.000000,121806
3.150797,6.212623,0.000000,20.168079,-0.000000,20.000011,0.000000,1.000000,121823
3.150797,6.212623,0.000000,20.168079,-0.000000,20.000011,0.000000,1.000000,121840
3.150797,6.212623,0.000000,20.168079,-0.000000,20.000011,0.000000,1.000000,121857
3.150797,6.212623,0.000000,20.168079,-0.000000,17.438026,-2.220917,1.000000,121874
3.147729,6.212623,0.000000,20.105349,-1.812235,14.979177,-2.765811,1.000000,121891
3.143127,6.212623,-0.210221,20.042618,-3.299183,14.073873,-3.588611,1.000000,121908
3.132389,-0.070563,-0.349098,19.835606,-6.624177,12.727139,-3.978329,0.000000,121925
3.115515,-0.070563,-0.598304,19.547041,-10.611259,11.825607,-4.152371,0.000000,121942
3.106311,-0.070563,-0.705662,19.371393,-12.929097,11.493679,-4.144210,0.000000,121959
3.083301,-0.070563,-0.876094,19.007553,-14.458904,10.999903,-3.030044,0.000000,121976
3.064894,-0.070563,-0.866609,18.631165,-16.045002,10.669357,-2.541626,0.000000,121993
3.049554,-0.070563,-0.794217,18.298689,-16.192310,10.448084,-2.297246,0.000000,122010
3.044952,-0.070563,-0.682880,18.148136,-15.813298,10.366615,-1.975720,0.000000,122028
3.040350,-0.070563,-0.422816,17.865845,-13.928580,10.245421,-1.782996,0.000000,122045
3.040350,-0.070563,0.000000,17.627466,-12.393897,10.164291,-1.578067,0.000000,122062
3.041884,-0.070563,0.000000,17.514549,-12.026495,10.134421,-1.593193,0.000000,122079
3.046486,-0.070563,0.000000,17.320084,-10.015081,10.089986,-1.735818,0.000000,122096
3.055690,-0.070563,0.269424,17.131889,-9.260547,10.060240,-1.751472,0.000000,122113
3.066428,-0.070563,0.409498,16.949968,-9.134329,10.040327,-1.774165,0.000000,122130
3.072564,-0.070563,0.477528,16.862146,-9.016951,10.032995,-1.886682,0.000000,122148
3.084835,-0.070563,0.519018,16.680225,-8.468419,10.022089,-2.067203,0.000000,122165
3.098641,-0.070563,0.588605,16.479485,-9.061085,10.014788,-3.051957,0.000000,122182
3.104777,-0.070563,0.596932,16.366570,-9.804558,10.012099,-2.954978,0.000000,122199
3.112447,-0.070563,0.435747,16.103098,-10.700426,10.008101,-2.872161,0.000000,122216
3.123185,-0.070563,0.466374,15.820807,-12.074389,10.005424,-2.650921,0.000000,122233
3.130855,-0.070563,0.411809,15.538517,-13.103247,10.003633,-2.527282,0.000000,122250
3.135457,-0.070563,0.427941,15.400509,-13.335768,10.002973,-2.410989,0.000000,122268
3.144661,6.212623,0.411777,15.130764,-12.548665,10.001991,-2.345169,1.000000,122285
3.153865,6.212623,0.438682,14.873567,-12.338205,10.001334,-2.228441,1.000000,122302
3.160001,6.212623,0.496983,14.748105,-12.407522,10.001092,-2.137529,1.000000,122319
3.167670,6.212623,0.408364,14.503452,-11.439102,10.000732,-2.131580,1.000000,122336
3.176874,6.212623,0.403077,14.277620,-10.869246,10.000491,-2.066662,1.000000,122353
3.186078,6.212623,0.417762,14.058062,-10.825074,10.000330,-1.955869,1.000000,122370
3.192214,6.212623,0.483037,13.951419,-10.771473,10.000271,-1.884221,1.000000,122388
3.198350,6.212623,0.368088,13.744406,-9.875512,10.000182,-3.047321,1.000000,122405
3.204486,6.212623,0.317000,13.506027,-10.662227,10.000123,-3.045534,1.000000,122422
3.202952,6.212623,0.000000,13.368018,-11.708453,10.000101,-3.059936,1.000000,122439
3.201418,6.212623,0.000000,13.079454,-12.173897,10.000069,-2.872928,1.000000,122456
3.196816,6.212623,0.000000,12.778344,-13.147484,10.000048,-2.588964,1.000000,122473
3.192214,6.212623,0.000000,12.483508,-13.858969,10.000033,-1.342939,1.000000,122490
3.189146,6.212623,-0.212272,12.358046,-13.421396,10.000028,-1.385763,1.000000,122508
3.187612,6.212623,0.000000,12.144760,-11.192650,10.000019,-1.307683,1.000000,122525
3.187612,6.212623,0.000000,11.969112,-9.574802,10.000014,-1.323301,1.000000,122542
3.187612,6.212623,0.000000,11.893835,-8.892446,10.000012,-1.329354,1.000000,122559
3.189146,6.212623,0.000000,11.749554,-7.437242,10.000010,-1.349531,1.000000,122576
3.189146,6.212623,0.000000,11.611545,-6.860219,10.000008,-1.321399,1.000000,122593
3.189146,6.212623,0.000000,11.479809,-6.673468,10.000006,-1.289760,1.000000,122610
3.189146,6.212623,0.000000,11.417078,-6.540004,10.000006,-1.253070,1.000000,122628
3.186078,6.212623,0.000000,11.291615,-5.973536,10.000006,-1.229933,1.000000,122645
3.184544,6.212623,0.000000,11.172426,-5.791466,10.000006,-1.187227,1.000000,122662
3.184544,6.212623,0.000000,11.115968,-5.742926,10.000006,-1.164803,1.000000,122679
3.181476,6.212623,0.000000,11.015598,-4.922250,10.000006,-1.167685,1.000000,122696
3.179942,6.212623,0.000000,10.908956,-4.906009,10.000006,-1.120938,1.000000,122713
3.176874,6.212623,0.000000,10.808585,-4.898812,10.000006,-1.081335,1.000000,122730
3.175340,6.212623,0.000000,10.758400,-4.938715,10.000006,-1.051704,1.000000,122748
3.172272,6.212623,0.000000,10.664304,-4.564822,10.000006,-1.031385,1.000000,122765
3.169204,6.212623,0.000000,10.576480,-4.328956,10.000006,-1.005838,1.000000,122782
3.167670,6.212623,0.000000,10.532569,-4.349669,10.000006,-0.984995,1.000000,122799
3.164602,6.212623,0.000000,10.444744,-4.024244,10.000006,-0.964660,1.000000,122816
3.161535,6.212623,0.000000,10.356921,-4.088677,10.000006,-0.921634,1.000000,122833
3.158467,6.212623,0.000000,10.281644,-3.908216,10.000006,-0.911101,1.000000,122850
3.156933,6.212623,0.000000,10.244004,-3.860131,10.000006,-0.884439,1.000000,122868
3.155399,6.212623,0.000000,10.175000,-3.458136,10.000006,0.201283,1.000000,122885
3.155399,6.212623,0.000000,10.149908,-2.164255,10.000006,0.125972,1.000000,122902
3.156933,6.212623,0.000000,10.149908,-1.442836,10.000006,0.083981,1.000000,122919
3.160001,6.212623,0.000000,10.149908,-0.641261,10.000006,0.037325,1.000000,122936
3.161535,6.212623,0.000000,10.149908,-0.285005,10.000006,0.016589,1.000000,122953
3.163069,6.212623,0.000000,10.149908,-0.126669,10.000006,0.011059,1.000000,122970
3.163069,6.212623,0.000000,10.149908,-0.084446,10.000006,0.004915,1.000000,122987
3.163069,6.212623,0.000000,10.149908,-0.037531,10.000006,0.002185,1.000000,123004
3.161535,6.212623,0.000000,10.149908,-0.016681,10.000006,0.001456,1.000000,123021
3.161535,6.212623,0.000000,10.149908,-0.011120,10.000006,0.000647,1.000000,123038
3.161535,6.212623,0.000000,10.149908,-0.004942,10.000006,0.000288,1.000000,123055
3.160001,6.212623,0.000000,10.149908,-0.002197,10.000006,0.000128,1.000000,123072
3.160001,6.212623,0.000000,10.149908,-0.001464,10.000006,0.000085,1.000000,123089
3.158467,6.212623,0.000000,10.149908,-0.000651,10.000006,0.000038,1.000000,123106
3.156933,6.212623,0.000000,10.149908,-0.000289,10.000006,0.000017,1.000000,123123
3.156933,6.212623,0.000000,10.149908,-0.000129,10.000006,0.000011,1.000000,123140
3.155399,6.212623,0.000000,10.149908,-0.000086,10.000006,0.000005,1.000000,123157
3.155399,6.212623,0.000000,10.149908,-0.000038,10.000006,0.000002,1.000000,123174
3.155399,6.212623,0.000000,10.149908,-0.000017,10.000006,0.000001,1.000000,123191
3.153865,6.212623,0.000000,10.149908,-0.000011,10.000006,0.000001,1.000000,123208
3.153865,6.212623,0.000000,10.149908,-0.000005,10.000006,0.000000,1.000000,123225
3.153865,6.212623,0.000000,10.149908,-0.000002,10.000006,0.000000,1.000000,123242
3.153865,6.212623,0.000000,10.149908,-0.000001,10.000006,0.000000,1.000000,123259
3.152331,6.212623,0.000000,10.149908,-0.000001,10.000006,0.000000,1.000000,123276
3.152331,6.212623,0.000000,10.149908,-0.000000,10.000006,0.000000,1.000000,123293
3.153865,6.212623,0.000000,10.149908,-0.000000,10.000006,0.000000,1.000000,123310
3.152331,6.212623,0.000000,10.149908,-0.000000,10.000006,0.000000,1.000000,123327
3.153865,6.212623,0.000000,10.149908,-0.000000,10.000006,0.000000,1.000000,123344
3.152331,6.212623,0.000000,10.149908,-0.000000,10.000006,0.000000,1.000000,123361
3.152331,6.212623,0.000000,10.149908,-0.000000,10.000006,0.000000,1.000000,123378
3.153865,6.212623,0.000000,10.149908,-0.000000,10.000006,0.000000,1.000000,123395
3.153865,6.212623,0.000000,10.149908,-0.000000,10.000006,0.000000,1.000000,123412
3.153865,6.212623,0.000000,10.149908,-0.000000,10.000006,0.000000,1.000000,123429
3.152331,6.212623,0.000000,10.149908,-0.000000,10.000006,0.000000,1.000000,123446
3.152331,6.212623,0.000000,10.149908,-0.000000,10.000006,0.000000,1.000000,123463
3.152331,6.212623,0.000000,10.149908,-0.000000,10.000006,0.000000,1.000000,123480
3.152331,6.212623,0.000000,10.149908,-0.000000,10.000006,0.000000,1.000000,123497
3.153865,6.212623,0.000000,10.149908,-0.000000,10.000006,0.000000,1.000000,123514
3.152331,6.212623,0.000000,10.149908,-0.000000,10.000006,0.000000,1.000000,123531
3.152331,6.212623,0.000000,10.149908,-0.000000,10.000006,0.000000,1.000000,123548
3.152331,6.212623,0.000000,10.149908,-0.000000,10.000006,0.000000,1.000000,123565
3.152331,6.212623,0.000000,10.149908,-0.000000,10.000006,0.000000,1.000000,123582
3.153865,6.212623,0.000000,10.149908,-0.000000,10.000006,0.000000,1.000000,123599
3.153865,6.212623,0.000000,10.149908,-0.000000,10.000006,0.000000,1.000000,123616
3.153865,6.212623,0.000000,10.149908,-0.000000,10.000006,0.000000,1.000000,123633
3.153865,6.212623,0.000000,10.149908,-0.000000,10.000006,0.000000,1.000000,123650
3.153865,6.212623,0.000000,10.149908,-0.000000,10.000006,0.000000,1.000000,123667
3.153865,6.212623,0.000000,10.149908,-0.000000,10.000006,0.000000,1.000000,123684
3.152331,6.212623,0.000000,10.149908,-0.000000,10.000006,0.000000,1.000000,123701
3.152331,6.212623,0.000000,10.149908,-0.000000,10.000006,0.000000,1.000000,123718
3.153865,6.212623,0.000000,10.149908,-0.000000,10.000006,0.000000,1.000000,123735
3.153865,6.212623,0.000000,10.149908,-0.000000,10.000006,0.000000,1.000000,123752
3.152331,6.212623,0.000000,10.149908,-0.000000,10.000006,0.000000,1.000000,123769
3.153865,6.212623,0.000000,10.149908,-0.000000,10.000006,0.000000,1.000000,123786
3.153865,6.212623,0.000000,10.149908,-0.000000,10.000006,0.000000,1.000000,123803
3.152331,6.212623,0.000000,10.149908,-0.000000,10.000006,0.000000,1.000000,123820
3.152331,6.212623,0.000000,10.149908,-0.000000,10.000006,0.000000,1.000000,123837
3.152331,6.212623,0.000000,10.149908,-0.000000,10.000006,0.000000,1.000000,123854
3.152331,6.212623,0.000000,10.149908,-0.000000,11.818188,0.000000,1.000000,123871
3.152331,6.212623,0.000000,10.149908,-0.000000,15.123973,3.224469,1.000000,123888
3.155399,6.212623,0.000000,10.231459,2.160740,20.041672,5.261494,1.000000,123905
3.172272,6.212623,0.495421,10.482384,7.860777,23.333683,6.552121,1.000000,123922
3.184544,6.212623,0.739338,10.683123,11.931814,24.545742,6.896624,1.000000,123939
3.215224,6.212623,1.078541,11.203793,17.988697,26.348806,5.814927,1.000000,123956
3.250505,6.212623,1.399734,11.799739,23.468670,27.555815,5.229080,1.000000,123973
3.281185,6.212623,1.474324,12.420776,27.507309,28.363813,4.819272,1.000000,123990
3.294991,6.212623,1.443078,12.721887,28.375214,28.661304,4.152878,1.000000,124007
3.319535,6.212623,1.237919,13.305287,27.318199,29.103851,3.548649,1.000000,124024
3.334874,6.212623,0.959233,13.825956,26.081690,29.400103,3.176349,1.000000,124041
3.337942,6.212623,0.741753,14.070607,25.542820,29.509176,2.857638,1.000000,124058
3.339476,6.212623,0.363760,14.503452,22.016666,29.671436,2.710795,1.000000,124075
3.330272,6.212623,0.000000,14.892386,19.961599,29.780056,2.697680,1.000000,124092
3.325670,6.212623,-0.216061,15.068033,19.162624,29.820047,2.661732,1.000000,124109
3.308797,6.212623,-0.505088,15.406782,16.671791,29.879539,2.868445,1.000000,124126
3.287321,6.212623,-0.786946,15.732985,15.843544,29.919365,3.071645,1.000000,124143
3.262777,6.212623,-1.031517,16.065460,16.172466,29.946026,3.135592,1.000000,124160
3.250505,6.212623,-1.096735,16.234835,16.427460,29.955841,3.406621,1.000000,124178
3.225962,6.212623,-1.083989,16.586128,16.013733,29.970444,3.780979,1.000000,124195
3.196816,6.212623,-1.248768,16.962517,17.084551,29.980219,4.054174,1.000000,124212
3.184544,6.212623,-1.241569,17.156982,17.871887,29.983818,5.038530,1.000000,124229
3.161535,6.212623,-1.114264,17.596100,18.607342,29.989172,4.869161,1.000000,124246
3.141593,6.212623,-1.006554,18.079130,20.816151,29.992754,4.583227,1.000000,124263
3.123185,-0.070563,-0.958679,18.587254,23.261606,29.995153,4.373890,0.000000,124280
3.112447,-0.070563,-0.997050,18.844452,24.081015,29.996037,4.057433,0.000000,124298
3.098641,-0.070563,-0.784018,19.346302,23.039825,29.997351,4.007016,0.000000,124315
3.083301,-0.070563,-0.757510,19.841877,23.274021,29.998230,4.959685,0.000000,124332
3.074098,-0.070563,-0.811800,20.092802,23.880182,29.998554,4.968862,0.000000,124349
3.063360,-0.070563,-0.616466,20.613472,23.159676,29.999037,5.097788,0.000000,124366
3.057224,-0.070563,-0.444425,21.159233,24.372854,29.999359,4.997890,0.000000,124383
3.054156,-0.070563,-0.282751,21.717541,26.166676,29.999575,4.849187,0.000000,124400
3.054156,-0.070563,0.000000,22.006105,27.063271,29.999655,4.759832,0.000000,124418
3.054156,-0.070563,0.000000,22.564413,25.828995,29.999773,4.582044,0.000000,124435
3.055690,-0.070563,0.000000,23.122719,26.186480,29.999853,4.280709,0.000000,124452
3.058758,-0.070563,0.000000,23.392462,26.449083,29.999882,4.083041,0.000000,124469
3.060292,-0.070563,0.000000,23.925678,24.649927,29.999924,3.918437,0.000000,124486
3.064894,-0.070563,0.000000,24.427526,23.850237,29.999952,3.647918,0.000000,124503
3.069496,-0.070563,0.000000,24.904285,23.704014,29.999973,3.559258,0.000000,124520
3.069496,-0.070563,0.000000,25.136391,23.539516,29.999981,3.256359,0.000000,124538
3.075632,-0.070563,0.209366,25.575510,21.265738,29.999990,3.179688,0.000000,124555
3.077166,-0.070563,0.000000,25.983263,20.185444,29.999998,2.918452,0.000000,124572
3.078700,-0.070563,0.000000,26.177729,19.939150,30.000000,2.814939,0.000000,124589
3.080234,-0.070563,0.000000,26.541569,17.644188,30.000004,2.754924,0.000000,124606
3.080234,-0.070563,0.000000,26.880318,16.554523,30.000008,2.666858,0.000000,124623
3.083301,-0.070563,0.000000,27.200247,16.139931,30.000008,2.521924,0.000000,124640
3.084835,-0.070563,0.000000,27.357075,15.987551,30.000008,2.394006,0.000000,124658
3.086369,-0.070563,0.000000,27.658184,14.563585,30.000008,2.311348,0.000000,124675
3.087903,-0.070563,0.000000,27.940474,13.930712,30.000008,2.191059,0.000000,124692
3.087903,-0.070563,0.000000,28.072210,13.678366,30.000008,2.146832,0.000000,124709
3.090971,-0.070563,0.000000,28.329409,12.282712,30.000008,1.032193,0.000000,124726
3.092505,-0.070563,0.000000,28.542694,10.895667,30.000008,1.017542,0.000000,124743
3.089437,-0.070563,0.000000,28.705795,9.303404,30.000008,1.019268,0.000000,124760
3.087903,-0.070563,0.000000,28.774801,8.502468,30.000008,2.133890,0.000000,124777
3.086369,-0.070563,0.000000,28.919081,7.472964,30.000008,2.160171,0.000000,124794
3.089437,-0.070563,0.000000,29.094730,8.061078,30.000008,2.034655,0.000000,124811
3.090971,-0.070563,0.000000,29.188828,8.510623,30.000008,0.867406,0.000000,124828
3.095573,-0.070563,0.000000,29.351927,7.755442,30.000008,0.838421,0.000000,124845
3.095573,-0.070563,0.000000,29.477388,6.722797,30.000008,0.842419,0.000000,124862
3.097107,-0.070563,0.000000,29.527575,6.154737,30.000008,0.853039,0.000000,124879
3.097107,-0.070563,0.000000,29.609125,4.687058,30.000008,0.901995,0.000000,124896
3.097107,-0.070563,0.000000,29.678129,3.825648,30.000008,0.921275,0.000000,124913
3.097107,-0.070563,0.000000,29.747133,3.582205,30.000008,0.905638,0.000000,124930
3.097107,-0.070563,0.000000,29.778500,3.433681,30.000008,0.899202,0.000000,124947
3.100175,-0.070563,0.000000,29.847504,3.268613,30.000008,-0.190251,0.000000,124964
3.100175,-0.070563,0.000000,29.866323,1.870935,30.000008,-0.163348,0.000000,124981
3.098641,-0.070563,0.000000,29.866323,1.247290,30.000008,-0.072599,0.000000,124998
3.098641,-0.070563,0.000000,29.860050,0.414945,30.000008,-0.024152,0.000000,125015
3.098641,-0.070563,0.000000,29.860050,0.184420,30.000008,-0.010734,0.000000,125032
3.100175,-0.070563,0.000000,29.860050,0.122947,30.000008,-0.007156,0.000000,125049
3.101709,-0.070563,0.000000,29.860050,0.054643,30.000008,-0.003181,0.000000,125066
3.104777,-0.070563,0.000000,29.860050,0.024286,30.000008,-0.001414,0.000000,125083
3.107845,-0.070563,0.000000,29.860050,0.010794,30.000008,-0.000942,0.000000,125100
3.109379,-0.070563,0.000000,29.860050,0.007196,30.000008,-0.000419,0.000000,125118
3.113981,-0.070563,0.000000,29.860050,0.003198,30.000008,-0.000186,0.000000,125135
3.117049,-0.070563,0.000000,29.860050,0.001421,30.000008,-0.000083,0.000000,125152
3.120117,-0.070563,0.212938,29.860050,0.000948,30.000008,0.112721,0.000000,125169
3.124719,-0.070563,0.213953,29.860050,0.000421,30.000008,0.113290,0.000000,125186
3.129321,-0.070563,0.214404,29.860050,0.000187,30.000008,0.113542,0.000000,125203
3.132389,-0.070563,0.000000,29.860050,0.000083,30.000008,-0.000007,0.000000,125220
3.135457,-0.070563,0.222611,29.860050,0.000055,30.000008,0.117896,0.000000,125238
3.140059,-0.070563,0.218252,29.860050,0.000025,30.000008,0.115589,0.000000,125255
3.143127,6.212623,0.000000,29.860050,0.000011,30.000008,-0.000001,1.000000,125272
3.146195,6.212623,0.223751,29.860050,0.000007,30.000008,0.118503,1.000000,125289
3.147729,6.212623,0.000000,29.860050,0.000003,30.000008,-0.000000,1.000000,125306
3.150797,6.212623,0.000000,29.860050,0.000001,30.000008,-0.000000,1.000000,125323
3.153865,6.212623,0.000000,29.860050,0.000001,30.000008,-0.000000,1.000000,125340
3.153865,6.212623,0.000000,29.860050,0.000000,30.000008,-0.000000,1.000000,125357
3.155399,6.212623,0.000000,29.860050,0.000000,30.000008,-0.000000,1.000000,125374
3.155399,6.212623,0.000000,29.860050,0.000000,30.000008,-0.000000,1.000000,125391
3.155399,6.212623,0.000000,29.860050,0.000000,30.000008,-0.000000,1.000000,125408
3.155399,6.212623,0.000000,29.860050,0.000000,30.000008,-0.000000,1.000000,125425
3.155399,6.212623,0.000000,29.860050,0.000000,30.000008,-0.000000,1.000000,125442
3.155399,6.212623,0.000000,29.860050,0.000000,30.000008,-0.000000,1.000000,125459
3.153865,6.212623,0.000000,29.860050,0.000000,30.000008,-0.000000,1.000000,125476
3.153865,6.212623,0.000000,29.860050,0.000000,30.000008,-0.000000,1.000000,125493
3.152331,6.212623,0.000000,29.860050,0.000000,30.000008,-0.000000,1.000000,125510
3.152331,6.212623,0.000000,29.860050,0.000000,30.000008,-0.000000,1.000000,125527
3.150797,6.212623,0.000000,29.860050,0.000000,30.000008,-0.000000,1.000000,125544
3.150797,6.212623,0.000000,29.860050,0.000000,30.000008,-0.000000,1.000000,125561
3.150797,6.212623,0.000000,29.860050,0.000000,30.000008,-0.000000,1.000000,125578
3.149263,6.212623,0.000000,29.860050,0.000000,30.000008,-0.000000,1.000000,125595
3.149263,6.212623,0.000000,29.860050,0.000000,30.000008,-0.000000,1.000000,125612
3.149263,6.212623,0.000000,29.860050,0.000000,30.000008,-0.000000,1.000000,125629
3.147729,6.212623,0.000000,29.860050,0.000000,30.000008,-0.000000,1.000000,125646
3.147729,6.212623,0.000000,29.860050,0.000000,30.000008,-0.000000,1.000000,125663
3.147729,6.212623,0.000000,29.860050,0.000000,30.000008,-0.000000,1.000000,125680
3.147729,6.212623,0.000000,29.860050,0.000000,30.000008,-0.000000,1.000000,125697
3.147729,6.212623,0.000000,29.860050,0.000000,30.000008,-0.000000,1.000000,125714
3.147729,6.212623,0.000000,29.860050,0.000000,30.000008,-0.000000,1.000000,125731
3.147729,6.212623,0.000000,29.860050,0.000000,30.000008,-0.000000,1.000000,125748
3.147729,6.212623,0.000000,29.860050,0.000000,30.000008,-0.000000,1.000000,125765
3.147729,6.212623,0.000000,29.860050,0.000000,30.000008,-0.000000,1.000000,125782
3.147729,6.212623,0.000000,29.860050,0.000000,30.000008,-0.000000,1.000000,125799
3.147729,6.212623,0.000000,29.860050,0.000000,30.000008,-0.000000,1.000000,125816
3.147729,6.212623,0.000000,29.860050,0.000000,30.000008,-0.000000,1.000000,125833
3.147729,6.212623,0.000000,29.860050,0.000000,30.000008,-0.000000,1.000000,125850
3.147729,6.212623,0.000000,29.860050,0.000000,28.181826,-1.750525,1.000000,125867
3.146195,6.212623,0.000000,29.822411,-1.045545,22.171309,-4.360820,1.000000,125884
3.136991,-0.070563,-0.295434,29.646763,-5.413493,18.147738,-5.176079,0.000000,125901
3.127787,-0.070563,-0.503749,29.489935,-8.836593,16.666332,-6.487348,0.000000,125918
3.101709,-0.070563,-0.871567,29.063364,-14.591636,14.462588,-7.141953,0.000000,125935
3.067962,-0.070563,-1.273654,28.505054,-21.261930,12.987354,-5.894413,0.000000,125952
3.049554,-0.070563,-1.462700,28.197672,-24.420706,12.444200,-5.545540,0.000000,125969
3.014272,-0.070563,-1.485260,27.576633,-25.769726,11.636201,-4.852306,0.000000,125986
2.985126,-0.070563,-1.410058,26.968142,-26.996595,11.095309,-4.124087,0.000000,126003
2.962117,-0.070563,-1.240275,26.409834,-27.193378,10.733225,-3.719950,0.000000,126020
2.954447,-0.070563,-1.082516,26.146364,-26.911242,10.599912,-3.191995,0.000000,126038
2.946777,-0.070563,-0.668608,25.663332,-23.740124,10.401595,-2.875621,0.000000,126055
2.946777,-0.070563,-0.297159,25.249306,-21.285192,10.268838,-2.695996,0.000000,126072
2.948311,-0.070563,0.000000,25.054840,-20.672316,10.219959,-2.540060,0.000000,126089
2.962117,-0.070563,0.258523,24.703547,-17.621525,10.147246,-2.734062,0.000000,126106
2.980525,-0.070563,0.592133,24.377344,-16.195957,10.098571,-2.886809,0.000000,126123
3.000466,-0.070563,0.808584,24.069962,-15.632030,10.065987,-2.950802,0.000000,126140
3.012738,-0.070563,0.948113,23.913134,-15.648951,10.053989,-3.190961,0.000000,126158
3.040350,-0.070563,1.103153,23.586929,-14.970806,10.036143,-3.566285,0.000000,126175
3.066428,-0.070563,1.189109,23.241909,-15.784529,10.024197,-3.849428,0.000000,126192
3.078700,-0.070563,1.201797,23.066261,-16.377943,10.019798,-3.978635,0.000000,126209
3.104777,-0.070563,1.147722,22.683601,-16.479647,10.013254,-5.099286,0.000000,126226
3.126253,-0.070563,1.055515,22.250755,-18.546215,10.008874,-4.836219,0.000000,126243
3.147729,6.212623,1.065669,21.767725,-21.555737,10.005941,-4.594491,1.000000,126260
3.156933,6.212623,1.017239,21.523073,-22.525551,10.004862,-4.301237,1.000000,126278
3.173806,6.212623,0.878213,21.027498,-22.209040,10.003256,-4.172381,1.000000,126295
3.190680,6.212623,0.833466,20.538193,-22.695801,10.002181,-3.949405,1.000000,126312
3.196816,6.212623,0.760173,20.299816,-23.076420,10.001785,-4.971369,1.000000,126329
3.210622,6.212623,0.661697,19.816786,-21.896311,10.001196,-5.154392,1.000000,126346
3.222894,6.212623,0.600881,19.296116,-23.184074,10.000802,-5.126024,1.000000,126363
3.227496,6.212623,0.386372,18.769173,-24.732254,10.000538,-5.015646,1.000000,126380
3.229030,6.212623,0.308718,18.493156,-25.688709,10.000441,-4.899569,1.000000,126398
3.230564,6.212623,0.000000,17.947395,-24.869541,10.000297,-4.897627,1.000000,126415
3.230564,6.212623,0.000000,17.401634,-25.341881,10.000199,-4.626106,1.000000,126432
3.229030,6.212623,0.000000,17.131889,-25.886082,10.000164,-4.442931,1.000000,126449
3.225962,6.212623,0.000000,16.598675,-24.329956,10.000111,-4.233307,1.000000,126466
3.221360,6.212623,0.000000,16.084280,-24.056520,10.000075,-3.926549,1.000000,126483
3.218292,6.212623,0.000000,15.594975,-24.144165,10.000051,-3.748377,1.000000,126500
3.216758,6.212623,0.000000,15.362870,-23.832951,10.000043,-3.524308,1.000000,126518
3.212156,6.212623,0.000000,14.917479,-21.535538,10.000031,-3.366206,1.000000,126535
3.209088,6.212623,0.000000,14.497180,-20.584146,10.000022,-3.171860,1.000000,126552
3.207554,6.212623,0.000000,14.296440,-20.414093,10.000019,-3.061104,1.000000,126569
3.204486,6.212623,0.000000,13.920053,-18.134085,10.000014,-2.963727,1.000000,126586
3.202952,6.212623,0.000000,13.562485,-17.190493,10.000010,-2.827860,1.000000,126603
3.199884,6.212623,0.000000,13.223737,-16.910484,10.000009,-2.696190,1.000000,126620
3.198350,6.212623,0.000000,13.060635,-16.710394,10.000008,-2.538727,1.000000,126638
3.195282,6.212623,0.000000,12.746979,-15.093980,10.000006,-2.430778,1.000000,126655
3.192214,6.212623,0.000000,12.452143,-14.375574,10.000006,-1.259891,1.000000,126672
3.190680,6.212623,0.000000,12.332953,-13.556691,10.000006,-1.254252,1.000000,126689
3.190680,6.212623,0.000000,12.125940,-10.973990,10.000006,-1.312000,1.000000,126706
3.195282,6.212623,0.000000,11.950293,-9.338224,10.000006,-2.409506,1.000000,126723
3.196816,6.212623,0.000000,11.780919,-8.820295,10.000006,-2.411898,1.000000,126740
3.195282,6.212623,0.000000,11.680549,-9.225877,10.000006,-2.295412,1.000000,126758
3.192214,6.212623,0.000000,11.467263,-9.327966,10.000006,-1.113238,1.000000,126775
3.189146,6.212623,0.000000,11.279069,-9.024877,10.000006,-1.046717,1.000000,126792
3.187612,6.212623,0.000000,11.203793,-8.525797,10.000006,-1.042101,1.000000,126809
3.187612,6.212623,0.000000,11.072056,-6.925835,10.000006,-1.076314,1.000000,126826
3.187612,6.212623,0.000000,10.965413,-5.796491,10.000006,-1.094355,1.000000,126843
3.187612,6.212623,0.000000,10.865043,-5.294592,10.000006,-1.072032,1.000000,126860
3.187612,6.212623,0.000000,10.814859,-5.202505,10.000006,-1.061599,1.000000,126878
3.187612,6.212623,0.000000,10.720762,-4.612359,10.000006,-1.053867,1.000000,126895
3.186078,6.212623,0.000000,10.626665,-4.559192,10.000006,-1.014880,1.000000,126912
3.184544,6.212623,0.000000,10.582752,-4.503224,10.000006,-0.998500,1.000000,126929
3.181476,6.212623,0.000000,10.488656,-4.301557,10.000006,-0.968157,1.000000,126946
3.179942,6.212623,0.000000,10.413379,-3.863445,10.000006,-0.959992,1.000000,126963
3.176874,6.212623,0.000000,10.338101,-3.738420,10.000006,-0.930115,1.000000,126980
3.175340,6.212623,0.000000,10.294189,-3.956011,10.000006,-0.901301,1.000000,126998
3.172272,6.212623,0.000000,10.225185,-3.431046,10.000006,-0.900998,1.000000,127015
3.170738,6.212623,0.000000,10.156181,-3.337134,10.000006,0.194240,1.000000,127032
3.170738,6.212623,0.000000,10.143634,-2.643006,10.000006,0.153838,1.000000,127049
3.172272,6.212623,0.000000,10.143634,-1.174669,10.000006,0.068372,1.000000,127066
3.172272,6.212623,0.000000,10.143634,-0.522075,10.000006,0.030388,1.000000,127083
3.172272,6.212623,0.000000,10.143634,-0.232033,10.000006,0.020258,1.000000,127100
3.172272,6.212623,0.000000,10.143634,-0.154689,10.000006,0.009004,1.000000,127117
3.170738,6.212623,0.000000,10.143634,-0.068751,10.000006,0.004002,1.000000,127134
3.169204,6.212623,0.000000,10.143634,-0.030556,10.000006,0.002668,1.000000,127151
3.169204,6.212623,0.000000,10.143634,-0.020371,10.000006,0.001186,1.000000,127168
3.166136,6.212623,0.000000,10.143634,-0.009054,10.000006,0.000527,1.000000,127185
3.164602,6.212623,0.000000,10.143634,-0.004024,10.000006,0.000234,1.000000,127202
3.164602,6.212623,0.000000,10.143634,-0.002683,10.000006,0.000156,1.000000,127219
3.161535,6.212623,0.000000,10.143634,-0.001192,10.000006,0.000069,1.000000,127236
3.160001,6.212623,0.000000,10.143634,-0.000530,10.000006,0.000031,1.000000,127253
3.158467,6.212623,0.000000,10.143634,-0.000236,10.000006,0.000021,1.000000,127270
3.156933,6.212623,0.000000,10.143634,-0.000157,10.000006,0.000009,1.000000,127287
3.155399,6.212623,0.000000,10.143634,-0.000070,10.000006,0.000004,1.000000,127304
3.153865,6.212623,0.000000,10.143634,-0.000031,10.000006,0.000003,1.000000,127321
3.152331,6.212623,0.000000,10.143634,-0.000021,10.000006,0.000001,1.000000,127338
3.150797,6.212623,0.000000,10.143634,-0.000009,10.000006,0.000001,1.000000,127355
3.149263,6.212623,0.000000,10.143634,-0.000004,10.000006,0.000000,1.000000,127372
3.149263,6.212623,0.000000,10.143634,-0.000003,10.000006,0.000000,1.000000,127389
3.147729,6.212623,0.000000,10.143634,-0.000001,10.000006,0.000000,1.000000,127406
3.147729,6.212623,0.000000,10.143634,-0.000001,10.000006,0.000000,1.000000,127423
3.146195,6.212623,0.000000,10.143634,-0.000000,10.000006,0.000000,1.000000,127440
3.146195,6.212623,0.000000,10.143634,-0.000000,10.000006,0.000000,1.000000,127457
3.146195,6.212623,0.000000,10.143634,-0.000000,10.000006,0.000000,1.000000,127474
3.146195,6.212623,0.000000,10.143634,-0.000000,10.000006,0.000000,1.000000,127491
3.146195,6.212623,0.000000,10.143634,-0.000000,10.000006,0.000000,1.000000,127508
3.146195,6.212623,0.000000,10.143634,-0.000000,10.000006,0.000000,1.000000,127525
3.146195,6.212623,0.000000,10.143634,-0.000000,10.000006,0.000000,1.000000,127542
3.146195,6.212623,0.000000,10.143634,-0.000000,10.000006,0.000000,1.000000,127559
3.146195,6.212623,0.000000,10.143634,-0.000000,10.000006,0.000000,1.000000,127576
3.146195,6.212623,0.000000,10.143634,-0.000000,10.000006,0.000000,1.000000,127593
3.146195,6.212623,0.000000,10.143634,-0.000000,10.000006,0.000000,1.000000,127610
3.146195,6.212623,0.000000,10.143634,-0.000000,10.000006,0.000000,1.000000,127627
3.146195,6.212623,0.000000,10.143634,-0.000000,10.000006,0.000000,1.000000,127644
3.146195,6.212623,0.000000,10.143634,-0.000000,10.000006,0.000000,1.000000,127661
3.146195,6.212623,0.000000,10.143634,-0.000000,10.000006,0.000000,1.000000,127678
3.146195,6.212623,0.000000,10.143634,-0.000000,10.000006,0.000000,1.000000,127695
3.146195,6.212623,0.000000,10.143634,-0.000000,10.000006,0.000000,1.000000,127712
3.146195,6.212623,0.000000,10.143634,-0.000000,10.000006,0.000000,1.000000,127729
3.146195,6.212623,0.000000,10.143634,-0.000000,10.000006,0.000000,1.000000,127746
3.146195,6.212623,0.000000,10.143634,-0.000000,10.000006,0.000000,1.000000,127763
3.146195,6.212623,0.000000,10.143634,-0.000000,10.000006,0.000000,1.000000,127780
3.146195,6.212623,0.000000,10.143634,-0.000000,10.000006,0.000000,1.000000,127797
3.146195,6.212623,0.000000,10.143634,-0.000000,10.000006,0.000000,1.000000,127814
3.146195,6.212623,0.000000,10.143634,-0.000000,10.000006,0.000000,1.000000,127831
3.146195,6.212623,0.000000,10.143634,-0.000000,10.000006,0.000000,1.000000,127848
3.146195,6.212623,0.000000,10.143634,-0.000000,11.818188,1.748883,1.000000,127865
3.146195,6.212623,0.000000,10.181273,1.184940,17.828707,4.351066,1.000000,127882
3.150797,6.212623,0.000000,10.250278,3.090127,20.041672,5.198982,1.000000,127899
3.167670,6.212623,0.477233,10.520021,8.064697,23.333683,6.513786,1.000000,127916
3.195282,6.212623,0.945007,10.959140,15.154721,25.537428,6.057170,1.000000,127933
3.229030,6.212623,1.357435,11.523721,22.348532,27.012661,5.816504,1.000000,127950
3.245903,6.212623,1.467416,11.831104,25.145138,27.555815,5.245959,1.000000,127968
3.276583,6.212623,1.402124,12.452143,26.509903,28.363813,4.597928,1.000000,127985
3.305729,6.212623,1.373108,13.048089,27.534674,28.904705,3.911544,1.000000,128002
3.314933,6.212623,1.222199,13.336653,27.975239,29.103851,3.580698,1.000000,128019
3.331806,6.212623,0.935225,13.863594,25.119055,29.400103,3.152091,1.000000,128036
3.337942,6.212623,0.552001,14.334078,23.292038,29.598419,2.810232,1.000000,128053
3.334874,6.212623,0.000000,14.748105,21.643669,29.731176,2.658191,1.000000,128070
3.330272,6.212623,0.000000,14.936298,20.702225,29.780056,2.634933,1.000000,128087
3.318001,6.212623,-0.349629,15.293866,18.192463,29.852768,2.715505,1.000000,128104
3.299593,6.212623,-0.666713,15.626342,17.007320,29.901443,2.700704,1.000000,128121
3.288855,6.212623,-0.802406,15.783170,16.565811,29.919365,2.968092,1.000000,128138
3.264311,6.212623,-0.970218,16.109371,15.447918,29.946026,3.304428,1.000000,128155
3.239768,6.212623,-1.078889,16.441847,15.648107,29.963873,3.588614,1.000000,128172
3.227496,6.212623,-1.128317,16.617495,16.286995,29.970444,3.696688,1.000000,128189
3.199884,6.212623,-1.166201,16.993881,16.369522,29.980219,4.063733,1.000000,128206
3.175340,6.212623,-1.148951,17.395361,17.730537,29.986763,4.990522,1.000000,128223
3.153865,6.212623,-1.090143,17.853298,20.496162,29.991142,4.752691,1.000000,128240
3.143127,6.212623,-1.084692,18.097950,21.819168,29.992754,4.475045,1.000000,128258
3.124719,-0.070563,-0.942284,18.606073,22.243671,29.995153,4.299592,0.000000,128275
3.107845,-0.070563,-0.861942,19.114195,23.268690,29.996759,4.055961,0.000000,128292
3.100175,-0.070563,-0.830294,19.365122,23.876692,29.997351,3.925380,0.000000,128309
3.084835,-0.070563,-0.726953,19.860697,22.530756,29.998230,4.979833,0.000000,128326
3.071030,-0.070563,-0.663968,20.375093,23.256941,29.998819,5.019070,0.000000,128343
3.064894,-0.070563,-0.465538,20.920855,25.322201,29.999214,4.906300,0.000000,128360
3.060292,-0.070563,-0.463760,21.203144,26.291117,29.999359,4.794595,0.000000,128378
3.058758,-0.070563,-0.240207,21.761452,25.485813,29.999575,4.741161,0.000000,128395
3.057224,-0.070563,0.000000,22.319761,26.034061,29.999720,4.617733,0.000000,128412
3.057224,-0.070563,0.000000,22.595778,26.556580,29.999773,4.463905,0.000000,128429
3.057224,-0.070563,0.000000,23.141539,24.976471,29.999853,4.311840,0.000000,128446
3.061826,-0.070563,0.000000,23.674753,24.831781,29.999905,3.989179,0.000000,128463
3.063360,-0.070563,0.000000,24.195423,25.325142,29.999939,3.812005,0.000000,128480
3.066428,-0.070563,0.000000,24.440075,25.038486,29.999952,3.542262,0.000000,128498
3.071030,-0.070563,0.000000,24.923105,23.047150,29.999973,3.349516,0.000000,128515
3.072564,-0.070563,0.000000,25.368496,21.952961,29.999987,3.183144,0.000000,128532
3.075632,-0.070563,0.000000,25.581783,21.744884,29.999990,3.038109,0.000000,128549
3.075632,-0.070563,0.000000,25.983263,19.352898,29.999998,2.997792,0.000000,128566
3.078700,-0.070563,0.000000,26.353376,18.150343,30.000002,2.840506,0.000000,128583
3.077166,-0.070563,0.000000,26.710945,17.825026,30.000006,2.728386,0.000000,128600
3.078700,-0.070563,0.000000,26.880318,17.529102,30.000008,2.641014,0.000000,128618
3.083301,-0.070563,0.000000,27.206520,15.806365,30.000008,2.502764,0.000000,128635
3.083301,-0.070563,0.000000,27.520176,15.319494,30.000008,2.390832,0.000000,128652
3.084835,-0.070563,0.000000,27.664457,15.022375,30.000008,2.312720,0.000000,128669
3.086369,-0.070563,0.000000,27.953022,13.646761,30.000008,2.232857,0.000000,128686
3.089437,-0.070563,0.000000,28.222765,13.035336,30.000008,1.036079,0.000000,128703
3.090971,-0.070563,0.000000,28.448597,11.927197,30.000008,0.989461,0.000000,128720
3.090971,-0.070563,0.000000,28.542694,11.088036,30.000008,1.006346,0.000000,128738
3.087903,-0.070563,0.000000,28.705795,8.900980,30.000008,2.141555,0.000000,128755
3.086369,-0.070563,0.000000,28.875172,8.416940,30.000008,2.124863,0.000000,128772
3.087903,-0.070563,0.000000,28.969267,8.747801,30.000008,2.032643,0.000000,128789
3.090971,-0.070563,0.000000,29.170006,8.766994,30.000008,0.860901,0.000000,128806
3.094039,-0.070563,0.000000,29.333107,8.078493,30.000008,0.828034,0.000000,128823
3.094039,-0.070563,0.000000,29.452297,6.866418,30.000008,0.835004,0.000000,128840
3.094039,-0.070563,0.000000,29.502483,6.250484,30.000008,0.858687,0.000000,128857
3.094039,-0.070563,0.000000,29.584032,4.799273,30.000008,0.906686,0.000000,128874
3.094039,-0.070563,0.000000,29.659311,4.154397,30.000008,0.894963,0.000000,128891
3.094039,-0.070563,0.000000,29.696947,4.024125,30.000008,0.901307,0.000000,128908
3.094039,-0.070563,0.000000,29.765953,3.531074,30.000008,0.899144,0.000000,128925
3.097107,-0.070563,0.000000,29.822411,3.033087,30.000008,-0.176542,0.000000,128942
3.097107,-0.070563,0.000000,29.834957,2.440275,30.000008,-0.142037,0.000000,128959
3.095573,-0.070563,0.000000,29.841230,1.223973,30.000008,-0.071242,0.000000,128976
3.095573,-0.070563,0.000000,29.841230,0.543988,30.000008,-0.031663,0.000000,128993
3.097107,-0.070563,0.000000,29.841230,0.241772,30.000008,-0.021109,0.000000,129010
3.098641,-0.070563,0.000000,29.841230,0.161182,30.000008,-0.009382,0.000000,129028
3.100175,-0.070563,0.000000,29.841230,0.071636,30.000008,-0.004170,0.000000,129045
3.103243,-0.070563,0.000000,29.841230,0.031838,30.000008,-0.001853,0.000000,129062
3.104777,-0.070563,0.000000,29.841230,0.021226,30.000008,-0.001235,0.000000,129079
3.107845,-0.070563,0.000000,29.841230,0.009434,30.000008,-0.000549,0.000000,129096
3.112447,-0.070563,0.000000,29.841230,0.004193,30.000008,-0.000244,0.000000,129113
3.117049,-0.070563,0.214056,29.841230,0.001863,30.000008,-0.000163,0.000000,129130
3.118583,-0.070563,0.000000,29.841230,0.001242,30.000008,-0.000072,0.000000,129148
3.123185,-0.070563,0.000000,29.841230,0.000552,30.000008,-0.000032,0.000000,129165
3.127787,-0.070563,0.203056,29.841230,0.000245,30.000008,0.107528,0.000000,129182
3.130855,-0.070563,0.237635,29.841230,0.000164,30.000008,0.125847,0.000000,129199
3.135457,-0.070563,0.224929,29.841230,0.000073,30.000008,0.119123,0.000000,129216
3.140059,-0.070563,0.219282,29.841230,0.000032,30.000008,0.116135,0.000000,129233
3.143127,6.212623,0.000000,29.841230,0.000014,30.000008,-0.000001,1.000000,129250
3.146195,6.212623,0.224056,29.841230,0.000010,30.000008,0.118664,1.000000,129267
3.149263,6.212623,0.000000,29.841230,0.000004,30.000008,-0.000000,1.000000,129284
3.152331,6.212623,0.000000,29.841230,0.000002,30.000008,-0.000000,1.000000,129301
3.152331,6.212623,0.000000,29.841230,0.000001,30.000008,-0.000000,1.000000,129318
3.155399,6.212623,0.000000,29.841230,0.000001,30.000008,-0.000000,1.000000,129335
3.155399,6.212623,0.000000,29.841230,0.000000,30.000008,-0.000000,1.000000,129352
3.155399,6.212623,0.000000,29.841230,0.000000,30.000008,-0.000000,1.000000,129369
3.155399,6.212623,0.000000,29.841230,0.000000,30.000008,-0.000000,1.000000,129386
3.155399,6.212623,0.000000,29.841230,0.000000,30.000008,-0.000000,1.000000,129403
3.155399,6.212623,0.000000,29.841230,0.000000,30.000008,-0.000000,1.000000,129420
3.155399,6.212623,0.000000,29.841230,0.000000,30.000008,-0.000000,1.000000,129437
3.153865,6.212623,0.000000,29.841230,0.000000,30.000008,-0.000000,1.000000,129454
3.153865,6.212623,0.000000,29.841230,0.000000,30.000008,-0.000000,1.000000,129471
3.152331,6.212623,0.000000,29.841230,0.000000,30.000008,-0.000000,1.000000,129488
3.152331,6.212623,0.000000,29.841230,0.000000,30.000008,-0.000000,1.000000,129505
3.150797,6.212623,0.000000,29.841230,0.000000,30.000008,-0.000000,1.000000,129522
3.150797,6.212623,0.000000,29.841230,0.000000,30.000008,-0.000000,1.000000,129539
3.149263,6.212623,0.000000,29.841230,0.000000,30.000008,-0.000000,1.000000,129556
3.149263,6.212623,0.000000,29.841230,0.000000,30.000008,-0.000000,1.000000,129573
3.147729,6.212623,0.000000,29.841230,0.000000,30.000008,-0.000000,1.000000,129590
3.147729,6.212623,0.000000,29.841230,0.000000,30.000008,-0.000000,1.000000,129607
3.147729,6.212623,0.000000,29.841230,0.000000,30.000008,-0.000000,1.000000,129624
3.147729,6.212623,0.000000,29.841230,0.000000,30.000008,-0.000000,1.000000,129641
3.147729,6.212623,0.000000,29.841230,0.000000,30.000008,-0.000000,1.000000,129658
3.147729,6.212623,0.000000,29.841230,0.000000,30.000008,-0.000000,1.000000,129675
3.147729,6.212623,0.000000,29.841230,0.000000,30.000008,-0.000000,1.000000,129692
3.147729,6.212623,0.000000,29.841230,0.000000,30.000008,-0.000000,1.000000,129709
3.147729,6.212623,0.000000,29.841230,0.000000,30.000008,-0.000000,1.000000,129726
3.146195,6.212623,0.000000,29.841230,0.000000,30.000008,-0.000000,1.000000,129743
3.147729,6.212623,0.000000,29.841230,0.000000,30.000008,-0.000000,1.000000,129760
3.146195,6.212623,0.000000,29.841230,0.000000,30.000008,-0.000000,1.000000,129777
3.146195,6.212623,0.000000,29.841230,0.000000,30.000008,-0.000000,1.000000,129794
3.147729,6.212623,0.000000,29.841230,0.000000,30.000008,-0.000000,1.000000,129811
3.146195,6.212623,0.000000,29.841230,0.000000,30.000008,-0.000000,1.000000,129828
3.147729,6.212623,0.000000,29.841230,0.000000,30.000008,-0.000000,1.000000,129845
3.147729,6.212623,0.000000,29.841230,0.000000,28.181826,-1.742108,1.000000,129862
3.146195,6.212623,0.000000,29.834957,-0.209109,24.876041,-3.205523,1.000000,129879
3.143127,6.212623,0.000000,29.740860,-2.462797,19.958345,-5.231525,1.000000,129896
3.127787,-0.070563,-0.431445,29.477388,-8.134430,16.666332,-6.484313,0.000000,129913
3.100175,-0.070563,-0.958745,29.032000,-15.952372,14.462588,-6.812600,0.000000,129930
3.083301,-0.070563,-1.201622,28.762253,-19.626472,13.651210,-6.078404,0.000000,129948
3.048020,-0.070563,-1.403307,28.160034,-23.499529,12.444200,-5.519989,0.000000,129965
3.012738,-0.070563,-1.544075,27.538996,-26.754332,11.636201,-4.778432,0.000000,129982
2.998932,-0.070563,-1.489578,27.237886,-27.873198,11.338711,-4.404893,0.000000,129999
2.972855,-0.070563,-1.292677,26.654484,-26.328432,10.896163,-3.802546,0.000000,130016
2.954447,-0.070563,-1.034715,26.127542,-25.153862,10.599912,-3.260550,0.000000,130033
2.948311,-0.070563,-0.613278,25.650785,-24.143953,10.401595,-2.974285,0.000000,130050
2.948311,-0.070563,-0.408852,25.437500,-23.205482,10.328579,-2.731707,0.000000,130068
2.951379,-0.070563,0.000000,25.042294,-20.002029,10.219959,-2.635226,0.000000,130085
2.965185,-0.070563,0.339663,24.691000,-18.090332,10.147246,-2.719953,0.000000,130102
2.972855,-0.070563,0.482098,24.527897,-17.496990,10.120475,-2.772485,0.000000,130119
2.992796,-0.070563,0.691503,24.207968,-15.513302,10.080649,-3.053235,0.000000,130136
3.014272,-0.070563,0.869797,23.900585,-14.840751,10.053989,-3.304750,0.000000,130153
3.040350,-0.070563,1.102431,23.568111,-15.726727,10.036143,-3.365500,0.000000,130170
3.054156,-0.070563,1.195149,23.398737,-16.130299,10.029572,-3.646783,0.000000,130188
3.078700,-0.070563,1.127728,23.034897,-16.160454,10.019798,-4.016496,0.000000,130205
3.104777,-0.070563,1.182972,22.652235,-17.289146,10.013254,-5.019473,0.000000,130222
3.115515,-0.070563,1.146578,22.438950,-18.635612,10.010845,-4.866069,0.000000,130239
3.133923,-0.070563,0.935700,21.968466,-19.643785,10.007261,-4.710269,0.000000,130256
3.155399,6.212623,0.944241,21.472889,-21.485943,10.004862,-4.377966,1.000000,130273
3.170738,6.212623,0.845763,20.977312,-23.141073,10.003256,-4.197507,1.000000,130290
3.179942,6.212623,0.870635,20.726387,-23.791550,10.002665,-3.949888,1.000000,130308
3.195282,6.212623,0.778971,20.243359,-22.423212,10.001785,-4.943303,1.000000,130325
3.209088,6.212623,0.721182,19.760326,-22.721264,10.001196,-5.018739,1.000000,130342
3.215224,6.212623,0.685317,19.503130,-23.720722,10.000979,-4.988161,1.000000,130359
3.222894,6.212623,0.475029,18.982460,-23.088804,10.000657,-5.058016,1.000000,130376
3.227496,6.212623,0.330438,18.449245,-24.062544,10.000441,-4.932199,1.000000,130393
3.229030,6.212623,0.000000,17.909756,-25.540882,10.000297,-4.787283,1.000000,130410
3.230564,6.212623,0.000000,17.640013,-26.018686,10.000243,-4.693299,1.000000,130428
3.229030,6.212623,0.000000,17.094252,-25.016218,10.000164,-4.476730,1.000000,130445
3.225962,6.212623,0.000000,16.567308,-24.919212,10.000111,-4.184981,1.000000,130462
3.224428,6.212623,0.000000,16.303839,-25.395130,10.000092,-4.008580,1.000000,130479
3.218292,6.212623,0.000000,15.808262,-23.205660,10.000062,-3.790878,1.000000,130496
3.216758,6.212623,0.000000,15.331505,-22.581055,10.000043,-3.583148,1.000000,130513
3.213690,6.212623,0.000000,14.892386,-22.024651,10.000031,-3.421279,1.000000,130530
3.212156,6.212623,0.000000,14.679100,-21.792648,10.000026,-3.244637,1.000000,130548
3.207554,6.212623,0.000000,14.277620,-19.583212,10.000019,-3.101049,1.000000,130565
3.206020,6.212623,0.000000,13.901234,-18.601219,10.000014,-2.959002,1.000000,130582
3.206020,6.212623,0.000000,13.719313,-18.464846,10.000012,-2.885583,1.000000,130599
3.202952,6.212623,0.000000,13.380565,-16.361635,10.000010,-2.794747,1.000000,130616
3.199884,6.212623,0.000000,13.048089,-15.775412,10.000008,-2.618419,1.000000,130633
3.196816,6.212623,0.000000,12.728161,-15.793629,10.000006,-2.489246,1.000000,130650
3.195282,6.212623,0.000000,12.577605,-15.547605,10.000006,-2.328629,1.000000,130668
3.192214,6.212623,0.000000,12.295315,-13.810485,10.000006,-1.222647,1.000000,130685
3.189146,6.212623,0.000000,12.063210,-12.132301,10.000006,-1.216526,1.000000,130702
3.189146,6.212623,0.000000,11.962839,-11.433881,10.000006,-1.212291,1.000000,130719
3.195282,6.212623,0.000000,11.799739,-8.984965,10.000006,-2.362738,1.000000,130736
3.195282,6.212623,0.000000,11.630364,-8.454203,10.000006,-2.317884,1.000000,130753
3.193748,6.212623,0.000000,11.435897,-9.124448,10.000006,-2.242287,1.000000,130770
3.190680,6.212623,0.000000,11.329254,-9.637721,10.000006,-1.033489,1.000000,130788
3.187612,6.212623,0.000000,11.147333,-8.744338,10.000006,-1.004132,1.000000,130805
3.186078,6.212623,0.000000,11.009325,-7.441127,10.000006,-1.018267,1.000000,130822
3.186078,6.212623,0.000000,10.946593,-7.051810,10.000006,-1.012873,1.000000,130839
3.186078,6.212623,0.000000,10.839951,-5.713084,10.000006,-1.043102,1.000000,130856
3.186078,6.212623,0.000000,10.739580,-5.118116,10.000006,-1.032845,1.000000,130873
3.186078,6.212623,0.000000,10.651757,-4.714248,10.000006,-1.027313,1.000000,130890
3.184544,6.212623,0.000000,10.607845,-4.606562,10.000006,-1.003707,1.000000,130908
3.183010,6.212623,0.000000,10.513749,-4.417189,10.000006,-0.972648,1.000000,130925
3.181476,6.212623,0.000000,10.432199,-4.123934,10.000006,-0.953247,1.000000,130942
3.179942,6.212623,0.000000,10.394559,-4.003943,10.000006,-0.943398,1.000000,130959
3.178408,6.212623,0.000000,10.313009,-3.731151,10.000006,-0.922806,1.000000,130976
3.176874,6.212623,0.000000,10.244004,-3.400844,10.000006,-0.911172,1.000000,130993
3.173806,6.212623,0.000000,10.175000,-3.393412,10.000006,-0.887296,1.000000,131010
3.173806,6.212623,0.000000,10.143634,-3.307819,10.000006,0.192533,1.000000,131028
3.172272,6.212623,0.000000,10.112268,-2.236853,10.000006,0.130197,1.000000,131045
3.173806,6.212623,0.000000,10.105996,-1.133542,10.000006,0.065978,1.000000,131062
3.173806,6.212623,0.000000,10.105996,-0.755695,10.000006,0.043986,1.000000,131079
3.173806,6.212623,0.000000,10.105996,-0.335864,10.000006,0.019549,1.000000,131096
3.172272,6.212623,0.000000,10.105996,-0.149273,10.000006,0.008689,1.000000,131113
3.172272,6.212623,0.000000,10.105996,-0.066344,10.000006,0.005792,1.000000,131130
3.170738,6.212623,0.000000,10.105996,-0.044229,10.000006,0.002574,1.000000,131147
3.169204,6.212623,0.000000,10.105996,-0.019657,10.000006,0.001144,1.000000,131164
3.167670,6.212623,0.000000,10.105996,-0.008737,10.000006,0.000763,1.000000,131181
3.166136,6.212623,0.000000,10.105996,-0.005824,10.000006,0.000339,1.000000,131198
3.164602,6.212623,0.000000,10.105996,-0.002589,10.000006,0.000151,1.000000,131215
3.163069,6.212623,0.000000,10.105996,-0.001150,10.000006,0.000067,1.000000,131232
3.161535,6.212623,0.000000,10.105996,-0.000767,10.000006,0.000045,1.000000,131249
3.158467,6.212623,0.000000,10.105996,-0.000341,10.000006,0.000020,1.000000,131266
3.155399,6.212623,0.000000,10.105996,-0.000152,10.000006,0.000009,1.000000,131283
3.153865,6.212623,0.000000,10.105996,-0.000067,10.000006,0.000006,1.000000,131300
3.153865,6.212623,0.000000,10.105996,-0.000045,10.000006,0.000003,1.000000,131317
3.150797,6.212623,0.000000,10.105996,-0.000020,10.000006,0.000001,1.000000,131334
3.149263,6.212623,0.000000,10.105996,-0.000009,10.000006,0.000001,1.000000,131351
3.149263,6.212623,0.000000,10.105996,-0.000006,10.000006,0.000000,1.000000,131368
3.147729,6.212623,0.000000,10.105996,-0.000003,10.000006,0.000000,1.000000,131385
3.146195,6.212623,0.000000,10.105996,-0.000001,10.000006,0.000000,1.000000,131402
3.146195,6.212623,0.000000,10.105996,-0.000001,10.000006,0.000000,1.000000,131419
3.146195,6.212623,0.000000,10.105996,-0.000000,10.000006,0.000000,1.000000,131436
3.146195,6.212623,0.000000,10.105996,-0.000000,10.000006,0.000000,1.000000,131453
3.146195,6.212623,0.000000,10.105996,-0.000000,10.000006,0.000000,1.000000,131470
3.146195,6.212623,0.000000,10.105996,-0.000000,10.000006,0.000000,1.000000,131487
3.146195,6.212623,0.000000,10.105996,-0.000000,10.000006,0.000000,1.000000,131504
3.146195,6.212623,0.000000,10.105996,-0.000000,10.000006,0.000000,1.000000,131521
3.146195,6.212623,0.000000,10.105996,-0.000000,10.000006,0.000000,1.000000,131538
3.146195,6.212623,0.000000,10.105996,-0.000000,10.000006,0.000000,1.000000,131555
3.146195,6.212623,0.000000,10.105996,-0.000000,10.000006,0.000000,1.000000,131572
3.146195,6.212623,0.000000,10.105996,-0.000000,10.000006,0.000000,1.000000,131589
3.146195,6.212623,0.000000,10.105996,-0.000000,10.000006,0.000000,1.000000,131606
3.146195,6.212623,0.000000,10.105996,-0.000000,10.000006,0.000000,1.000000,131623
3.146195,6.212623,0.000000,10.105996,-0.000000,10.000006,0.000000,1.000000,131640
3.146195,6.212623,0.000000,10.105996,-0.000000,10.000006,0.000000,1.000000,131657
3.146195,6.212623,0.000000,10.105996,-0.000000,10.000006,0.000000,1.000000,131674
3.146195,6.212623,0.000000,10.105996,-0.000000,10.000006,0.000000,1.000000,131691
3.146195,6.212623,0.000000,10.105996,-0.000000,10.000006,0.000000,1.000000,131708
3.146195,6.212623,0.000000,10.105996,-0.000000,10.000006,0.000000,1.000000,131725
3.146195,6.212623,0.000000,10.105996,-0.000000,10.000006,0.000000,1.000000,131742
3.146195,6.212623,0.000000,10.105996,-0.000000,10.000006,0.000000,1.000000,131759
3.146195,6.212623,0.000000,10.105996,-0.000000,10.000006,0.000000,1.000000,131776
3.146195,6.212623,0.000000,10.105996,-0.000000,10.000006,0.000000,1.000000,131793
3.146195,6.212623,0.000000,10.105996,-0.000000,10.000006,0.000000,1.000000,131810
3.146195,6.212623,0.000000,10.105996,-0.000000,10.000006,0.000000,1.000000,131827
3.146195,6.212623,0.000000,10.105996,-0.000000,10.000006,0.000000,1.000000,131844
3.146195,6.212623,0.000000,10.105996,-0.000000,11.818188,0.000000,1.000000,131861
3.146195,6.212623,0.000000,10.105996,-0.000000,15.123973,3.244107,1.000000,131878
3.147729,6.212623,0.000000,10.181273,2.021332,20.041672,5.292051,1.000000,131895
3.164602,6.212623,0.499965,10.432199,7.798810,23.333683,6.580578,1.000000,131912
3.175340,6.212623,0.691240,10.632937,11.890503,24.545742,6.895999,1.000000,131929
3.207554,6.212623,1.091255,11.147333,17.830898,26.348806,6.010503,1.000000,131946
3.242836,6.212623,1.405385,11.749554,23.537966,27.555815,5.404885,1.000000,131963
3.275049,6.212623,1.510914,12.376865,27.677544,28.363813,4.976643,1.000000,131980
3.291923,6.212623,1.569735,12.690521,28.906891,28.661304,4.264801,1.000000,131997
3.316467,6.212623,1.294211,13.286468,27.902994,29.103851,3.614604,1.000000,132014
3.334874,6.212623,1.069481,13.825956,26.829523,29.400103,3.209960,1.000000,132031
3.339476,6.212623,0.866389,14.070607,26.041376,29.509176,2.863748,1.000000,132048
3.341010,6.212623,0.419153,14.522272,22.656466,29.671436,2.663595,1.000000,132065
3.334874,6.212623,0.000000,14.911205,20.245930,29.780056,2.580075,1.000000,132082
3.328738,6.212623,0.000000,15.093126,19.561321,29.820047,2.679971,1.000000,132099
3.313399,6.212623,-0.461170,15.431874,16.918659,29.879539,2.773470,1.000000,132116
3.293457,6.212623,-0.716290,15.751803,15.744165,29.919365,2.982908,1.000000,132133
3.267379,6.212623,-1.034215,16.078005,15.919147,29.946026,3.036249,1.000000,132150
3.255107,6.212623,-1.098535,16.241108,16.049534,29.955841,3.332216,1.000000,132168
3.229030,6.212623,-1.135916,16.586128,15.706362,29.970444,3.709605,1.000000,132185
3.201418,6.212623,-1.237755,16.949968,16.599363,29.980219,4.001216,1.000000,132202
3.189146,6.212623,-1.234237,17.144436,17.548496,29.983818,5.066847,1.000000,132219
3.164602,6.212623,-1.128055,17.577280,18.324186,29.989172,4.886755,1.000000,132236
3.144661,6.212623,-1.012676,18.054039,20.481258,29.992754,4.610698,1.000000,132253
3.124719,-0.070563,-0.995492,18.562162,23.043083,29.995153,4.353889,0.000000,132270
3.115515,-0.070563,-0.970454,18.819359,23.935268,29.996037,4.091223,0.000000,132288
3.101709,-0.070563,-0.772198,19.321209,23.044754,29.997351,4.024211,0.000000,132305
3.083301,-0.070563,-0.837485,19.816786,23.276274,29.998230,4.928419,0.000000,132322
3.075632,-0.070563,-0.813979,20.061438,23.672575,29.998554,4.962937,0.000000,132339
3.064894,-0.070563,-0.617435,20.582106,23.137068,29.999037,5.081737,0.000000,132356
3.057224,-0.070563,-0.478948,21.127869,24.362869,29.999359,4.994213,0.000000,132373
3.055690,-0.070563,-0.246957,21.686176,26.162258,29.999575,4.851417,0.000000,132390
3.054156,-0.070563,-0.215775,21.974739,27.060263,29.999655,4.659755,0.000000,132408
3.055690,-0.070563,0.000000,22.533047,25.757935,29.999773,4.569325,0.000000,132425
3.055690,-0.070563,0.000000,23.091354,26.085260,29.999853,4.300627,0.000000,132442
3.057224,-0.070563,0.000000,23.361097,26.381605,29.999882,4.131876,0.000000,132459
3.060292,-0.070563,0.000000,23.894312,24.619892,29.999924,3.934213,0.000000,132476
3.064894,-0.070563,0.000000,24.402435,24.046038,29.999952,3.647743,0.000000,132493
3.069496,-0.070563,0.000000,24.879192,23.790972,29.999973,3.569904,0.000000,132510
3.069496,-0.070563,0.000000,25.111300,23.597553,29.999981,3.264202,0.000000,132528
3.074098,-0.070563,0.000000,25.544144,21.152084,29.999990,3.120328,0.000000,132545
3.075632,-0.070563,0.000000,25.951897,20.065250,29.999998,2.970356,0.000000,132562
3.077166,-0.070563,0.000000,26.146364,19.859085,30.000000,2.864507,0.000000,132579
3.078700,-0.070563,0.000000,26.510204,17.608604,30.000004,2.801904,0.000000,132596
3.078700,-0.070563,0.000000,26.855225,16.678093,30.000008,2.701769,0.000000,132613
3.081768,-0.070563,0.000000,27.181429,16.404001,30.000008,2.559222,0.000000,132630
3.083301,-0.070563,0.000000,27.338257,16.163597,30.000008,2.423057,0.000000,132648
3.086369,-0.070563,0.000000,27.639366,14.572168,30.000008,2.319264,0.000000,132665
3.086369,-0.070563,0.000000,27.927929,14.073954,30.000008,2.219213,0.000000,132682
3.087903,-0.070563,0.000000,28.065937,13.982906,30.000008,2.131912,0.000000,132699
3.090971,-0.070563,0.000000,28.323135,12.418042,30.000008,1.027122,0.000000,132716
3.090971,-0.070563,0.000000,28.536421,10.955814,30.000008,1.016847,0.000000,132733
3.089437,-0.070563,0.000000,28.699522,9.260433,30.000008,1.004763,0.000000,132750
3.087903,-0.070563,0.000000,28.774801,8.682930,30.000008,2.123386,0.000000,132767
3.084835,-0.070563,0.000000,28.919081,7.553169,30.000008,2.186384,0.000000,132784
3.089437,-0.070563,0.000000,29.101002,8.305771,30.000008,2.062424,0.000000,132801
3.090971,-0.070563,0.000000,29.195099,8.673752,30.000008,0.855106,0.000000,132818
3.094039,-0.070563,0.000000,29.358200,7.827986,30.000008,0.831393,0.000000,132835
3.097107,-0.070563,0.000000,29.483662,6.755018,30.000008,0.837738,0.000000,132852
3.095573,-0.070563,0.000000,29.533848,6.176217,30.000008,0.848983,0.000000,132869
3.097107,-0.070563,0.000000,29.621672,4.905735,30.000008,0.883656,0.000000,132886
3.097107,-0.070563,0.000000,29.690676,3.922859,30.000008,0.910005,0.000000,132903
3.097107,-0.070563,0.000000,29.765953,3.834540,30.000008,0.896260,0.000000,132920
3.097107,-0.070563,0.000000,29.791044,3.392732,30.000008,0.895976,0.000000,132937
3.098641,-0.070563,0.000000,29.853775,3.110986,30.000008,-0.181077,0.000000,132954
3.098641,-0.070563,0.000000,29.866323,1.661515,30.000008,-0.145064,0.000000,132971
3.098641,-0.070563,0.000000,29.860050,0.898567,30.000008,-0.052302,0.000000,132988
3.098641,-0.070563,0.000000,29.847504,0.050869,30.000008,-0.002961,0.000000,133005
3.098641,-0.070563,0.000000,29.847504,0.022609,30.000008,-0.001316,0.000000,133022
3.100175,-0.070563,0.000000,29.847504,0.015072,30.000008,-0.000877,0.000000,133039
3.101709,-0.070563,0.000000,29.847504,0.006699,30.000008,-0.000390,0.000000,133056
3.104777,-0.070563,0.000000,29.847504,0.002977,30.000008,-0.000173,0.000000,133073
3.109379,-0.070563,0.000000,29.847504,0.001323,30.000008,-0.000116,0.000000,133090
3.110913,-0.070563,0.000000,29.847504,0.000882,30.000008,-0.000051,0.000000,133108
3.115515,-0.070563,0.000000,29.847504,0.000392,30.000008,-0.000023,0.000000,133125
3.120117,-0.070563,0.203640,29.847504,0.000174,30.000008,0.107842,0.000000,133142
3.121651,-0.070563,0.000000,29.847504,0.000116,30.000008,-0.000007,0.000000,133159
3.126253,-0.070563,0.202379,29.847504,0.000052,30.000008,0.107181,0.000000,133176
3.130855,-0.070563,0.209260,29.847504,0.000023,30.000008,0.110827,0.000000,133193
3.135457,-0.070563,0.229360,29.847504,0.000010,30.000008,-0.000001,0.000000,133210
3.136991,-0.070563,0.204044,29.847504,0.000007,30.000008,0.108066,0.000000,133228
3.141593,6.212623,0.210000,29.847504,0.000003,30.000008,0.111220,1.000000,133245
3.144661,6.212623,0.000000,29.847504,0.000001,30.000008,-0.000000,1.000000,133262
3.146195,6.212623,0.000000,29.847504,0.000001,30.000008,-0.000000,1.000000,133279
3.149263,6.212623,0.000000,29.847504,0.000000,30.000008,-0.000000,1.000000,133296
3.152331,6.212623,0.000000,29.847504,0.000000,30.000008,-0.000000,1.000000,133313
3.153865,6.212623,0.000000,29.847504,0.000000,30.000008,-0.000000,1.000000,133330
3.153865,6.212623,0.000000,29.847504,0.000000,30.000008,-0.000000,1.000000,133347
3.155399,6.212623,0.000000,29.847504,0.000000,30.000008,-0.000000,1.000000,133364
3.155399,6.212623,0.000000,29.847504,0.000000,30.000008,-0.000000,1.000000,133381
3.155399,6.212623,0.000000,29.847504,0.000000,30.000008,-0.000000,1.000000,133398
3.155399,6.212623,0.000000,29.847504,0.000000,30.000008,-0.000000,1.000000,133415
3.155399,6.212623,0.000000,29.847504,0.000000,30.000008,-0.000000,1.000000,133432
3.155399,6.212623,0.000000,29.847504,0.000000,30.000008,-0.000000,1.000000,133449
3.153865,6.212623,0.000000,29.847504,0.000000,30.000008,-0.000000,1.000000,133466
3.153865,6.212623,0.000000,29.847504,0.000000,30.000008,-0.000000,1.000000,133483
3.152331,6.212623,0.000000,29.847504,0.000000,30.000008,-0.000000,1.000000,133500
3.152331,6.212623,0.000000,29.847504,0.000000,30.000008,-0.000000,1.000000,133517
3.152331,6.212623,0.000000,29.847504,0.000000,30.000008,-0.000000,1.000000,133534
3.150797,6.212623,0.000000,29.847504,0.000000,30.000008,-0.000000,1.000000,133551
3.150797,6.212623,0.000000,29.847504,0.000000,30.000008,-0.000000,1.000000,133568
3.149263,6.212623,0.000000,29.847504,0.000000,30.000008,-0.000000,1.000000,133585
3.149263,6.212623,0.000000,29.847504,0.000000,30.000008,-0.000000,1.000000,133602
3.149263,6.212623,0.000000,29.847504,0.000000,30.000008,-0.000000,1.000000,133619
3.149263,6.212623,0.000000,29.847504,0.000000,30.000008,-0.000000,1.000000,133636
3.149263,6.212623,0.000000,29.847504,0.000000,30.000008,-0.000000,1.000000,133653
3.149263,6.212623,0.000000,29.847504,0.000000,30.000008,-0.000000,1.000000,133670
3.149263,6.212623,0.000000,29.847504,0.000000,30.000008,-0.000000,1.000000,133687
3.149263,6.212623,0.000000,29.847504,0.000000,30.000008,-0.000000,1.000000,133704
3.149263,6.212623,0.000000,29.847504,0.000000,30.000008,-0.000000,1.000000,133721
3.149263,6.212623,0.000000,29.847504,0.000000,30.000008,-0.000000,1.000000,133738
3.149263,6.212623,0.000000,29.847504,0.000000,30.000008,-0.000000,1.000000,133755
3.149263,6.212623,0.000000,29.847504,0.000000,30.000008,-0.000000,1.000000,133772
3.149263,6.212623,0.000000,29.847504,0.000000,30.000008,-0.000000,1.000000,133789
3.149263,6.212623,0.000000,29.847504,0.000000,30.000008,-0.000000,1.000000,133806
3.149263,6.212623,0.000000,29.847504,0.000000,30.000008,-0.000000,1.000000,133823
3.149263,6.212623,0.000000,29.847504,0.000000,30.000008,-0.000000,1.000000,133840
3.149263,6.212623,0.000000,29.847504,0.000000,30.000008,-0.000000,1.000000,133857
3.149263,6.212623,0.000000,29.847504,0.000000,27.438025,-2.077552,1.000000,133874
3.146195,6.212623,0.000000,29.784773,-1.812214,24.979177,-2.622441,1.000000,133891
3.141593,6.212623,-0.210221,29.722042,-3.299169,24.073874,-3.445246,1.000000,133908
3.130855,-0.070563,-0.366140,29.515028,-6.624234,22.727142,-3.843984,0.000000,133925
3.112447,-0.070563,-0.657015,29.232737,-10.471900,21.825611,-4.051015,0.000000,133942
3.103243,-0.070563,-0.744803,29.063364,-12.627018,21.493683,-4.044767,0.000000,133959
3.081768,-0.070563,-0.842342,28.693249,-14.533800,20.999907,-2.836370,0.000000,133976
3.063360,-0.070563,-0.834573,28.323135,-15.938839,20.669363,-2.362200,0.000000,133993
3.048020,-0.070563,-0.779979,28.003206,-15.796612,20.448090,-2.136392,0.000000,134010
3.043418,-0.070563,-0.673387,27.858925,-15.340453,20.366621,-1.837992,0.000000,134028
3.038816,-0.070563,-0.418597,27.589182,-13.369869,20.245428,-1.658670,0.000000,134045
3.038816,-0.070563,0.000000,27.363348,-11.797108,20.164297,-1.463802,0.000000,134062
3.041884,-0.070563,0.000000,27.262978,-11.210419,20.134426,-1.528186,0.000000,134079
3.046486,-0.070563,0.000000,27.081059,-9.303845,20.089991,-1.670318,0.000000,134096
3.057224,-0.070563,0.313862,26.905409,-8.665715,20.060244,-1.692153,0.000000,134113
3.067962,-0.070563,0.429248,26.742310,-8.312272,20.040331,-1.726129,0.000000,134130
3.074098,-0.070563,0.490694,26.654484,-8.469040,20.032999,-1.849610,0.000000,134148
3.086369,-0.070563,0.524880,26.485111,-7.946070,20.022093,-2.038123,0.000000,134165
3.100175,-0.070563,0.608253,26.296919,-8.550032,20.014791,-2.989650,0.000000,134182
3.106311,-0.070563,0.610031,26.184000,-9.463983,20.012104,-2.886214,0.000000,134199
3.117049,-0.070563,0.526791,25.933077,-10.270184,20.008106,-2.772946,0.000000,134216
3.124719,-0.070563,0.438661,25.663332,-11.534677,20.005428,-2.626585,0.000000,134233
3.132389,-0.070563,0.399493,25.387316,-12.723957,20.003635,-2.502564,0.000000,134250
3.135457,-0.070563,0.368593,25.255581,-12.873799,20.002975,-2.404495,0.000000,134268
3.144661,6.212623,0.385400,24.979563,-12.482729,20.001995,-2.295356,1.000000,134285
3.152331,6.212623,0.375821,24.722364,-12.308920,20.001339,-2.195816,1.000000,134302
3.155399,6.212623,0.352812,24.596903,-12.387999,20.001097,-2.147400,1.000000,134319
3.166136,6.212623,0.412471,24.345978,-11.569810,20.000736,-2.051370,1.000000,134336
3.172272,6.212623,0.353761,24.120146,-10.927338,20.000496,-2.018972,1.000000,134353
3.179942,6.212623,0.361759,23.900585,-10.850945,20.000334,-1.927677,1.000000,134370
3.184544,6.212623,0.394575,23.793943,-10.788689,20.000275,-1.859644,1.000000,134388
3.190680,6.212623,0.328772,23.586929,-9.883206,20.000187,-1.854658,1.000000,134405
3.196816,6.212623,0.316561,23.392462,-9.550472,20.000128,-2.905279,1.000000,134422
3.198350,6.212623,0.262178,23.292095,-9.712534,20.000107,-2.910654,1.000000,134439
3.198350,6.212623,0.000000,23.059988,-9.962540,20.000074,-2.931170,1.000000,134456
3.196816,6.212623,0.000000,22.796516,-11.258560,20.000053,-2.707035,1.000000,134473
3.190680,6.212623,0.000000,22.520500,-12.531515,20.000038,-1.454312,1.000000,134490
3.189146,6.212623,0.000000,22.401310,-12.327350,20.000032,-1.356364,1.000000,134508
3.187612,6.212623,0.000000,22.200569,-10.357945,20.000025,-1.381224,1.000000,134525
3.187612,6.212623,0.000000,22.024923,-9.203780,20.000019,-1.369854,1.000000,134542
3.189146,6.212623,0.000000,21.943375,-8.854143,20.000017,-1.353736,1.000000,134559
3.187612,6.212623,0.000000,21.792816,-7.559752,20.000013,-1.361747,1.000000,134576
3.187612,6.212623,0.000000,21.648537,-7.054021,20.000011,-1.326660,1.000000,134593
3.186078,6.212623,0.000000,21.510527,-6.899018,20.000011,-1.283800,1.000000,134610
3.184544,6.212623,0.000000,21.441525,-6.899416,20.000011,-1.243080,1.000000,134628
3.184544,6.212623,0.000000,21.309788,-6.342405,20.000011,-1.216587,1.000000,134645
3.181476,6.212623,0.000000,21.190599,-5.955375,20.000011,-1.185811,1.000000,134662
3.179942,6.212623,0.000000,21.127869,-6.061276,20.000011,-1.151593,1.000000,134679
3.176874,6.212623,0.000000,21.014950,-5.412338,20.000011,-1.138866,1.000000,134696
3.175340,6.212623,0.000000,20.908310,-5.123752,20.000011,-1.107973,1.000000,134713
3.172272,6.212623,0.000000,20.801664,-5.204727,20.000011,-1.072587,1.000000,134730
3.170738,6.212623,0.000000,20.751482,-5.142563,20.000011,-1.036742,1.000000,134748
3.167670,6.212623,0.000000,20.644836,-4.934297,20.000011,-1.001171,1.000000,134765
3.164602,6.212623,0.000000,20.550741,-4.702222,20.000011,-0.972598,1.000000,134782
3.164602,6.212623,0.000000,20.506828,-4.598577,20.000011,-0.958993,1.000000,134799
3.161535,6.212623,0.000000,20.419004,-4.204562,20.000011,-0.942651,1.000000,134816
3.160001,6.212623,0.000000,20.337454,-3.959742,20.000011,-0.920430,1.000000,134833
3.156933,6.212623,0.000000,20.262177,-3.850932,20.000011,-0.907400,1.000000,134850
3.156933,6.212623,0.000000,20.224537,-3.821942,20.000011,-0.877953,1.000000,134868
3.155399,6.212623,0.000000,20.155533,-3.441173,20.000011,0.200295,1.000000,134885
3.155399,6.212623,0.000000,20.130442,-2.086992,20.000011,0.121474,1.000000,134902
3.156933,6.212623,0.000000,20.130442,-1.391328,20.000011,0.080983,1.000000,134919
3.160001,6.212623,0.000000,20.130442,-0.618368,20.000011,0.035992,1.000000,134936
3.163069,6.212623,0.000000,20.130442,-0.274830,20.000011,0.015997,1.000000,134953
3.163069,6.212623,0.000000,20.130442,-0.122147,20.000011,0.010664,1.000000,134970
3.164602,6.212623,0.000000,20.130442,-0.081431,20.000011,0.004740,1.000000,134987
3.164602,6.212623,0.000000,20.130442,-0.036192,20.000011,0.002107,1.000000,135004
3.163069,6.212623,0.000000,20.130442,-0.016085,20.000011,0.001404,1.000000,135021
3.163069,6.212623,0.000000,20.130442,-0.010723,20.000011,0.000624,1.000000,135038
3.163069,6.212623,0.000000,20.130442,-0.004766,20.000011,0.000277,1.000000,135055
3.161535,6.212623,0.000000,20.130442,-0.002118,20.000011,0.000123,1.000000,135072
3.161535,6.212623,0.000000,20.130442,-0.001412,20.000011,0.000082,1.000000,135089
3.160001,6.212623,0.000000,20.130442,-0.000628,20.000011,0.000037,1.000000,135106
3.158467,6.212623,0.000000,20.130442,-0.000279,20.000011,0.000016,1.000000,135123
3.156933,6.212623,0.000000,20.130442,-0.000124,20.000011,0.000011,1.000000,135140
3.156933,6.212623,0.000000,20.130442,-0.000083,20.000011,0.000005,1.000000,135157
3.155399,6.212623,0.000000,20.130442,-0.000037,20.000011,0.000002,1.000000,135174
3.153865,6.212623,0.000000,20.130442,-0.000016,20.000011,0.000001,1.000000,135191
3.153865,6.212623,0.000000,20.130442,-0.000011,20.000011,0.000001,1.000000,135208
3.152331,6.212623,0.000000,20.130442,-0.000005,20.000011,0.000000,1.000000,135225
3.152331,6.212623,0.000000,20.130442,-0.000002,20.000011,0.000000,1.000000,135242
3.150797,6.212623,0.000000,20.130442,-0.000001,20.000011,0.000000,1.000000,135259
3.150797,6.212623,0.000000,20.130442,-0.000001,20.000011,0.000000,1.000000,135276
3.150797,6.212623,0.000000,20.130442,-0.000000,20.000011,0.000000,1.000000,135293
3.149263,6.212623,0.000000,20.130442,-0.000000,20.000011,0.000000,1.000000,135310
3.150797,6.212623,0.000000,20.130442,-0.000000,20.000011,0.000000,1.000000,135327
3.150797,6.212623,0.000000,20.130442,-0.000000,20.000011,0.000000,1.000000,135344
3.150797,6.212623,0.000000,20.130442,-0.000000,20.000011,0.000000,1.000000,135361
3.150797,6.212623,0.000000,20.130442,-0.000000,20.000011,0.000000,1.000000,135378
3.150797,6.212623,0.000000,20.130442,-0.000000,20.000011,0.000000,1.000000,135395
3.150797,6.212623,0.000000,20.130442,-0.000000,20.000011,0.000000,1.000000,135412
3.150797,6.212623,0.000000,20.130442,-0.000000,20.000011,0.000000,1.000000,135429
3.150797,6.212623,0.000000,20.130442,-0.000000,20.000011,0.000000,1.000000,135446
3.150797,6.212623,0.000000,20.130442,-0.000000,20.000011,0.000000,1.000000,135463
3.150797,6.212623,0.000000,20.130442,-0.000000,20.000011,0.000000,1.000000,135480
3.150797,6.212623,0.000000,20.130442,-0.000000,20.000011,0.000000,1.000000,135497
3.149263,6.212623,0.000000,20.130442,-0.000000,20.000011,0.000000,1.000000,135514
3.150797,6.212623,0.000000,20.130442,-0.000000,20.000011,0.000000,1.000000,135531
3.150797,6.212623,0.000000,20.130442,-0.000000,20.000011,0.000000,1.000000,135548
3.150797,6.212623,0.000000,20.130442,-0.000000,20.000011,0.000000,1.000000,135565
3.150797,6.212623,0.000000,20.130442,-0.000000,20.000011,0.000000,1.000000,135582
3.150797,6.212623,0.000000,20.130442,-0.000000,20.000011,0.000000,1.000000,135599
3.150797,6.212623,0.000000,20.130442,-0.000000,20.000011,0.000000,1.000000,135616
3.149263,6.212623,0.000000,20.130442,-0.000000,20.000011,0.000000,1.000000,135633
3.150797,6.212623,0.000000,20.130442,-0.000000,20.000011,0.000000,1.000000,135650
3.150797,6.212623,0.000000,20.130442,-0.000000,20.000011,0.000000,1.000000,135667
3.150797,6.212623,0.000000,20.130442,-0.000000,20.000011,0.000000,1.000000,135684