3.149263,6.212623,0.000000,11.147333,-0.000000,11.000006,0.000000,1.000000,10770
3.149263,6.212623,0.000000,11.147333,-0.000000,11.000006,0.000000,1.000000,10787
3.149263,6.212623,0.000000,11.147333,-0.000000,11.000006,0.000000,1.000000,10804
3.149263,6.212623,0.000000,11.147333,-0.000000,11.000006,0.000000,1.000000,10821
3.149263,6.212623,0.000000,11.147333,-0.000000,11.000006,0.000000,1.000000,10838
3.149263,6.212623,0.000000,11.147333,-0.000000,11.000006,0.000000,1.000000,10855
3.149263,6.212623,0.000000,11.147333,-0.000000,11.000006,0.000000,1.000000,10872
3.149263,6.212623,0.000000,11.147333,-0.000000,11.000006,0.000000,1.000000,10889
3.149263,6.212623,0.000000,11.147333,-0.000000,11.000006,0.000000,1.000000,10906
3.147729,6.212623,0.000000,11.147333,-0.000000,11.000006,0.000000,1.000000,10923
3.149263,6.212623,0.000000,11.147333,-0.000000,11.000006,0.000000,1.000000,10940
3.149263,6.212623,0.000000,11.147333,-0.000000,11.000006,0.000000,1.000000,10957
3.149263,6.212623,0.000000,11.147333,-0.000000,11.000006,0.000000,1.000000,10974
3.149263,6.212623,0.000000,11.147333,-0.000000,11.000006,0.000000,1.000000,10991
3.149263,6.212623,0.000000,11.147333,-0.000000,11.000006,0.000000,1.000000,11008
3.149263,6.212623,0.000000,11.147333,-0.000000,11.000006,0.000000,1.000000,11025
3.149263,6.212623,0.000000,11.147333,-0.000000,11.000006,0.000000,1.000000,11042
3.149263,6.212623,0.000000,11.147333,-0.000000,11.000006,0.000000,1.000000,11059
3.149263,6.212623,0.000000,11.147333,-0.000000,11.000006,0.000000,1.000000,11076
3.149263,6.212623,0.000000,11.147333,-0.000000,11.000006,0.000000,1.000000,11093
3.149263,6.212623,0.000000,11.147333,-0.000000,11.000006,0.000000,1.000000,11110
3.149263,6.212623,0.000000,11.147333,-0.000000,11.000006,0.000000,1.000000,11127
3.147729,6.212623,0.000000,11.147333,-0.000000,11.000006,0.000000,1.000000,11144
3.149263,6.212623,0.000000,11.147333,-0.000000,11.000006,0.000000,1.000000,11161
3.149263,6.212623,0.000000,11.147333,-0.000000,11.000006,0.000000,1.000000,11178
3.149263,6.212623,0.000000,11.147333,-0.000000,11.000006,0.000000,1.000000,11195
3.149263,6.212623,0.000000,11.147333,-0.000000,11.000006,0.000000,1.000000,11212
3.149263,6.212623,0.000000,11.147333,-0.000000,11.000006,0.000000,1.000000,11229
3.149263,6.212623,0.000000,11.147333,-0.000000,11.000006,0.000000,1.000000,11246
3.149263,6.212623,0.000000,11.147333,-0.000000,11.000006,0.000000,1.000000,11263
3.149263,6.212623,0.000000,11.147333,-0.000000,11.000006,0.000000,1.000000,11280
3.149263,6.212623,0.000000,11.147333,-0.000000,11.000006,0.000000,1.000000,11297
3.149263,6.212623,0.000000,11.147333,-0.000000,11.000006,0.000000,1.000000,11314
3.149263,6.212623,0.000000,11.147333,-0.000000,11.000006,0.000000,1.000000,11331
3.149263,6.212623,0.000000,11.147333,-0.000000,11.000006,0.000000,1.000000,11348
3.149263,6.212623,0.000000,11.147333,-0.000000,11.000006,0.000000,1.000000,11365
3.149263,6.212623,0.000000,11.147333,-0.000000,11.000006,0.000000,1.000000,11382
3.149263,6.212623,0.000000,11.147333,-0.000000,11.000006,0.000000,1.000000,11399
3.149263,6.212623,0.000000,11.147333,-0.000000,11.000006,0.000000,1.000000,11416
3.149263,6.212623,0.000000,11.147333,-0.000000,11.000006,0.000000,1.000000,11433
3.149263,6.212623,0.000000,11.147333,-0.000000,11.000006,0.000000,1.000000,11450
3.149263,6.212623,0.000000,11.147333,-0.000000,11.000006,0.000000,1.000000,11467
3.149263,6.212623,0.000000,11.147333,-0.000000,11.000006,0.000000,1.000000,11484
3.149263,6.212623,0.000000,11.147333,-0.000000,11.000006,0.000000,1.000000,11501
3.149263,6.212623,0.000000,11.147333,-0.000000,11.000006,0.000000,1.000000,11518
3.149263,6.212623,0.000000,11.147333,-0.000000,11.000006,0.000000,1.000000,11535
3.149263,6.212623,0.000000,11.147333,-0.000000,11.000006,0.000000,1.000000,11552
3.147729,6.212623,0.000000,11.147333,-0.000000,11.000006,0.000000,1.000000,11569
3.149263,6.212623,0.000000,11.147333,-0.000000,11.000006,0.000000,1.000000,11586
3.149263,6.212623,0.000000,11.147333,-0.000000,11.000006,0.000000,1.000000,11603
3.149263,6.212623,0.000000,11.147333,-0.000000,11.000006,0.000000,1.000000,11620
3.149263,6.212623,0.000000,11.147333,-0.000000,11.000006,0.000000,1.000000,11637
3.149263,6.212623,0.000000,11.147333,-0.000000,11.000006,0.000000,1.000000,11654
3.149263,6.212623,0.000000,11.147333,-0.000000,11.000006,0.000000,1.000000,11671
3.149263,6.212623,0.000000,11.147333,-0.000000,11.000006,0.000000,1.000000,11688
3.149263,6.212623,0.000000,11.147333,-0.000000,11.000006,0.000000,1.000000,11705
3.149263,6.212623,0.000000,11.147333,-0.000000,11.000006,0.000000,1.000000,11722
3.149263,6.212623,0.000000,11.147333,-0.000000,11.000006,0.000000,1.000000,11739
3.149263,6.212623,0.000000,11.147333,-0.000000,11.000006,0.000000,1.000000,11756
3.149263,6.212623,0.000000,11.147333,-0.000000,11.000006,0.000000,1.000000,11773
3.149263,6.212623,0.000000,11.147333,-0.000000,11.000006,0.000000,1.000000,11790
3.149263,6.212623,0.000000,11.147333,-0.000000,11.000006,-1.013993,1.000000,11807
3.147729,6.212623,0.000000,11.134788,-0.348494,11.000006,-1.907093,1.000000,11824
3.144661,6.212623,0.000000,11.072056,-1.897440,11.000006,-1.978212,1.000000,11841
3.141593,6.212623,0.000000,11.015598,-3.146877,11.000006,-1.852218,1.000000,11858
3.133923,-0.070563,-0.269310,10.883862,-4.674578,11.000006,-1.569917,0.000000,11875
3.126253,-0.070563,-0.307183,10.745854,-5.702050,11.000006,-1.232331,0.000000,11892
3.121651,-0.070563,-0.358190,10.676849,-6.101534,11.000006,-1.110850,0.000000,11909
3.117049,-0.070563,-0.261464,10.557660,-5.569552,11.000006,0.000000,0.000000,11926
3.117049,-0.070563,0.000000,10.488656,-4.217878,11.000006,0.000000,0.000000,11943
3.120117,-0.070563,0.000000,10.469837,-2.292809,11.000006,0.000000,0.000000,11960
3.121651,-0.070563,0.000000,10.469837,-1.528539,11.000006,0.000000,0.000000,11977
3.126253,-0.070563,0.000000,10.476110,-0.470274,11.000006,0.000000,0.000000,11994
3.130855,-0.070563,0.000000,10.476110,-0.209010,11.000006,1.253906,0.000000,12011
3.133923,-0.070563,0.222456,10.494929,0.487987,11.000006,3.177953,0.000000,12028
3.143127,6.212623,0.337486,10.595300,2.865554,11.000006,4.650797,1.000000,12045
3.161535,6.212623,0.644280,10.839951,7.964887,11.000006,6.064532,1.000000,12062
3.173806,6.212623,0.838578,11.021871,11.373926,11.000006,6.748358,1.000000,12079
3.207554,6.212623,1.190823,11.498629,16.764927,11.000006,8.056252,1.000000,12096
3.245903,6.212623,1.534867,12.138487,24.179394,11.000006,9.178888,1.000000,12113
3.293457,6.212623,1.994561,12.928900,32.702309,11.000006,9.639200,1.000000,12130
3.319535,6.212623,2.198970,13.368018,36.438816,11.000006,10.379296,1.000000,12147
3.370156,6.212623,2.255637,14.340352,40.869316,11.000006,10.842417,1.000000,12164
3.419243,6.212623,2.297861,15.419329,47.369003,11.000006,10.991227,1.000000,12181
3.442253,6.212623,2.298895,15.990183,50.607807,11.000006,11.171817,1.000000,12198
3.489806,6.212623,2.197790,17.175802,51.906319,11.000006,11.249357,1.000000,12215
3.528156,6.212623,1.982401,18.417879,55.898777,11.000006,11.282052,1.000000,12232
3.545030,6.212623,1.884060,19.057737,58.594460,11.000006,11.289755,1.000000,12249
3.571107,6.212623,1.468002,20.356274,57.407581,11.000006,11.284798,1.000000,12266
3.589515,6.212623,1.112633,21.673628,59.528687,11.000006,11.226822,1.000000,12283
3.598719,6.212623,0.733121,23.009804,63.189819,11.000006,11.174605,1.000000,12300
3.597185,6.212623,0.437610,23.681026,64.500633,11.000006,10.962333,1.000000,12318
3.587981,6.212623,0.000000,25.023474,61.844765,11.000006,10.553588,1.000000,12335
3.571107,6.212623,-0.479805,26.353376,62.546356,11.000006,9.879889,1.000000,12352
3.557302,6.212623,-0.780065,27.012054,63.653503,11.000006,9.427342,1.000000,12369
3.522020,6.212623,-1.198909,28.298042,59.307491,11.000006,8.085450,1.000000,12386
3.474467,6.212623,-1.777070,29.521301,57.863914,11.000006,6.071352,1.000000,12403
3.413107,6.212623,-2.511275,30.637917,56.246460,11.000006,4.760429,1.000000,12420
3.377826,6.212623,-2.850239,31.139765,54.225914,11.000006,1.126721,1.000000,12437
3.288855,6.212623,-3.550702,31.967817,44.662300,11.000006,-3.521049,1.000000,12454
3.173806,6.212623,-4.731281,32.394390,30.653639,11.000006,-6.147593,1.000000,12471
3.103243,-0.070563,-5.506289,32.438301,21.899458,11.000006,-9.896292,0.000000,12488
2.940641,-0.070563,-6.469677,32.149738,2.275062,11.000006,-11.677467,0.000000,12505
2.755030,-0.070563,-7.767101,31.447149,-18.226421,11.000006,-11.847203,0.000000,12522
2.659923,-0.070563,-8.348304,30.989210,-27.415585,11.000006,-11.608177,0.000000,12539
2.469709,-0.070563,-8.278211,29.972967,-36.580093,11.000006,-10.236210,0.000000,12556
2.288699,-0.070563,-8.315228,28.856350,-44.835411,11.000006,-7.630441,0.000000,12573
2.127631,-0.070563,-8.058985,27.808741,-48.504333,11.000006,-6.522571,0.000000,12590
2.057068,-0.070563,-7.724748,27.313162,-48.855515,11.000006,-4.901025,0.000000,12608
1.940486,-0.070563,-6.279609,26.416107,-43.669426,11.000006,-4.321370,0.000000,12625
1.854583,-0.070563,-5.006689,25.619419,-40.249382,11.000006,-4.718682,0.000000,12642
1.822369,-0.070563,-4.411584,25.255581,-38.960861,11.000006,-5.227036,0.000000,12659
1.776350,-0.070563,-3.034488,24.546719,-34.323044,11.000006,-6.612631,0.000000,12676
1.753340,-0.070563,-1.894075,23.831581,-33.655876,11.000006,-8.355992,0.000000,12693
1.754874,-0.070563,-0.773638,23.053715,-36.426159,11.000006,-9.280309,0.000000,12710
1.764078,-0.070563,-0.208965,22.614595,-38.921417,11.000006,-11.004850,0.000000,12728
1.799359,-0.070563,0.793428,21.661083,-40.927105,11.000006,-11.763740,0.000000,12745
1.854583,-0.070563,1.835477,20.456644,-49.555428,11.000006,-11.966201,0.000000,12762
1.889864,-0.070563,2.399707,19.860697,-52.901859,11.000006,-11.986594,0.000000,12779
1.977301,-0.070563,3.180018,18.637440,-53.065262,11.000006,-11.996908,0.000000,12796
2.089282,-0.070563,4.327902,17.313810,-58.017033,11.000006,-11.997649,0.000000,12813
2.219670,-0.070563,5.519849,15.990183,-62.030010,11.000006,-11.879621,0.000000,12830
2.293301,-0.070563,6.134255,15.293866,-64.563889,11.000006,-10.902536,0.000000,12848
2.452835,-0.070563,6.646508,13.982784,-60.897072,11.000006,-7.581470,0.000000,12865
2.630777,-0.070563,7.658213,12.746979,-59.406799,11.000006,0.000000,0.000000,12882
2.727418,-0.070563,8.326839,12.220037,-57.169243,11.000006,4.133002,0.000000,12899
2.945243,-0.070563,9.018617,11.529994,-41.648964,11.000006,9.633921,0.000000,12916
3.207554,6.212623,10.825968,11.417078,-20.810785,11.000006,11.664316,1.000000,12933
3.497476,6.212623,12.771199,11.849924,3.018228,11.000006,11.876341,1.000000,12950
3.638602,6.212623,13.218336,12.220037,14.349264,11.000006,11.983023,1.000000,12968
3.910117,6.212623,12.539112,13.117094,28.751591,11.000006,11.997323,1.000000,12985
4.155554,6.212623,11.998597,14.208616,41.704529,11.000006,0.000000,1.000000,13002
4.267534,6.212623,11.731750,14.704193,44.322243,11.000006,0.000000,1.000000,13019
4.476156,6.212623,10.242173,15.456967,37.681709,11.000006,0.000000,1.000000,13036
4.666369,6.212623,9.443752,15.908631,28.178419,11.000006,0.000000,1.000000,13053
4.844312,6.212623,9.088929,16.172102,19.563553,11.000006,0.000000,1.000000,13070
4.928680,6.212623,8.871572,16.253653,15.760721,11.000006,0.000000,1.000000,13087
5.088214,6.212623,7.965341,16.354023,9.444305,11.000006,0.000000,1.000000,13104
5.232409,6.212623,7.426249,16.397936,5.312737,11.000006,0.000000,1.000000,13121
5.298369,6.212623,7.149532,16.404207,3.750870,11.000006,0.000000,1.000000,13138
5.414952,6.212623,6.041010,16.404207,1.667053,11.000006,0.000000,1.000000,13155
5.513127,6.212623,5.258582,16.397936,0.531867,11.000006,0.000000,1.000000,13172
5.556079,6.212623,4.937443,16.397936,0.354578,11.000006,0.000000,1.000000,13189
5.628176,6.212623,3.932917,16.397936,0.157590,11.000006,0.000000,1.000000,13206
5.686467,6.212623,3.247865,16.397936,0.070040,11.000006,-7.699505,1.000000,13223
5.738623,6.212623,2.909302,16.216015,-5.475281,11.000006,-9.774126,1.000000,13240
5.772369,6.212623,3.064423,15.977635,-11.596170,11.000006,-9.143139,1.000000,13257
5.839865,6.212623,3.066396,15.318958,-21.882160,11.000006,-9.783730,1.000000,13274
5.907360,6.212623,3.186576,14.559911,-30.287302,11.000006,-8.466599,1.000000,13291
5.942641,6.212623,3.300420,14.133339,-34.410595,11.000006,-7.201931,1.000000,13308
6.002467,6.212623,2.932667,13.292741,-35.994888,11.000006,-7.407095,1.000000,13325
6.057691,6.212623,2.752175,12.477236,-37.465714,11.000006,-6.199566,1.000000,13342
6.083768,6.212623,2.704026,12.075755,-38.359833,11.000006,-5.410612,1.000000,13359
6.129787,6.212623,2.309665,11.316709,-35.310539,11.000006,-4.457470,1.000000,13376
6.165069,6.212623,1.929845,10.632937,-33.188629,11.000006,-2.611113,1.000000,13393
6.191147,6.212623,1.573576,10.074631,-29.945374,11.000006,-2.581244,1.000000,13410
6.201884,6.212623,1.406961,9.829979,-28.118641,11.000006,-2.506237,1.000000,13428
6.212623,6.212623,0.880992,9.390861,-23.300875,11.000006,-4.269834,1.000000,13445
6.227962,6.212623,0.800610,8.958015,-21.786949,11.000006,-3.370246,1.000000,13462
6.234098,6.212623,0.738269,8.738456,-21.843287,11.000006,-3.657570,1.000000,13479
6.247904,6.212623,0.668990,8.311884,-20.023912,11.000006,-2.612682,1.000000,13496
6.260176,6.212623,0.621161,7.910404,-19.215319,11.000006,-1.993158,1.000000,13513
6.270913,6.212623,0.548767,7.565382,-17.880123,11.000006,-1.398083,1.000000,13530
6.272448,6.212623,0.416992,7.427374,-16.520351,11.000006,-1.869969,1.000000,13547
6.272448,6.212623,0.000000,7.176449,-13.685205,11.000006,-4.349735,1.000000,13564
6.280117,6.212623,0.303926,6.887886,-13.888856,11.000006,-1.351379,1.000000,13581
6.284719,6.212623,0.356029,6.743604,-14.068634,11.000006,-0.732743,1.000000,13598
6.289321,6.212623,0.260489,6.517771,-11.759131,11.000006,-0.221741,1.000000,13615
6.289321,6.212623,0.000000,6.360943,-9.338659,11.000006,-1.436440,1.000000,13632
6.289321,6.212623,0.000000,6.285666,-8.735020,11.000006,-1.181647,1.000000,13649
6.292389,6.212623,0.000000,6.147657,-7.227895,11.000006,-0.275128,1.000000,13666
6.292389,6.212623,0.000000,6.047287,-5.721645,11.000006,0.425814,1.000000,13683
6.290855,6.212623,0.000000,6.009649,-3.449063,11.000006,1.451607,1.000000,13700
6.289321,6.212623,0.000000,6.022195,-1.881172,11.000006,2.151798,1.000000,13717
6.280117,6.212623,-0.270497,6.097473,1.115572,11.000006,0.617233,1.000000,13734
6.273981,6.212623,-0.273623,6.179023,2.656539,11.000006,0.977124,1.000000,13751
6.272448,6.212623,-0.233532,6.210388,2.816538,11.000006,1.327160,1.000000,13768
6.269380,6.212623,0.000000,6.285666,3.133736,11.000006,3.415221,1.000000,13785
6.263244,6.212623,-0.246871,6.423675,5.156643,11.000006,1.871664,1.000000,13802
6.258642,6.212623,-0.317962,6.505225,6.156115,11.000006,1.457616,1.000000,13819
6.252506,6.212623,-0.294708,6.674599,6.848420,11.000006,1.683291,1.000000,13836
6.247904,6.212623,-0.250305,6.837700,7.295524,11.000006,2.084901,1.000000,13853
6.243302,6.212623,-0.247589,7.025894,8.470063,11.000006,2.504725,1.000000,13870
6.238700,6.212623,-0.318471,7.132537,9.201483,11.000006,1.973131,1.000000,13887
6.232564,6.212623,-0.294944,7.352097,9.665655,11.000006,2.121161,1.000000,13904
6.227962,6.212623,-0.250380,7.584202,10.568962,11.000006,2.810653,1.000000,13921
6.224895,6.212623,-0.269184,7.703391,11.018951,11.000006,2.728788,1.000000,13938
6.217224,6.212623,-0.290088,7.966862,11.449226,11.000006,2.375578,1.000000,13955
6.208020,6.212623,-0.367545,8.230333,12.058699,11.000006,1.489133,1.000000,13972
6.204952,6.212623,-0.347294,8.349522,12.012074,11.000006,1.503007,1.000000,13989
6.200351,6.212623,-0.256607,8.569081,10.636012,11.000006,1.424379,1.000000,14006
6.197283,6.212623,0.000000,8.763549,9.745638,11.000006,3.187014,1.000000,14023
6.194215,6.212623,0.000000,8.989381,10.674210,11.000006,3.600308,1.000000,14040
6.188079,6.212623,-0.320380,9.121116,11.507298,11.000006,0.777741,1.000000,14057
6.178875,6.212623,-0.381008,9.365767,11.178366,11.000006,-0.454544,1.000000,14074
6.178875,6.212623,0.000000,9.510049,8.662316,11.000006,1.786252,1.000000,14091
6.180408,6.212623,0.000000,9.560234,7.447719,11.000006,1.314668,1.000000,14108
6.180408,6.212623,0.000000,9.666878,5.958758,11.000006,0.627303,1.000000,14125
6.180408,6.212623,0.000000,9.767247,5.296979,11.000006,0.361263,1.000000,14142
6.181943,6.212623,0.000000,9.804886,4.785943,11.000006,0.242739,1.000000,14159
6.183476,6.212623,0.000000,9.848798,3.172612,11.000006,-0.438865,1.000000,14176
6.186544,6.212623,0.000000,9.855071,1.549454,11.000006,-1.036953,1.000000,14193
6.192680,6.212623,0.210937,9.817432,-0.356874,11.000006,0.318010,1.000000,14210
6.195748,6.212623,0.242889,9.798614,-0.865210,11.000006,0.562932,1.000000,14227
6.197283,6.212623,0.000000,9.786067,-0.663350,11.000006,-1.411838,1.000000,14244
6.198816,6.212623,0.000000,9.754701,-1.200958,11.000006,-1.595528,1.000000,14261
6.201884,6.212623,0.000000,9.723335,-1.846151,11.000006,-1.718004,1.000000,14278
6.206487,6.212623,0.000000,9.629238,-3.190371,11.000006,-2.130594,1.000000,14295
6.212623,6.212623,0.231859,9.522595,-4.275692,11.000006,-0.215922,1.000000,14312
6.215691,6.212623,0.256837,9.484957,-4.105084,11.000006,0.301868,1.000000,14329
6.217224,6.212623,0.000000,9.447318,-2.730596,11.000006,-1.213297,1.000000,14346
6.214156,6.212623,0.000000,9.409679,-2.259119,11.000006,-1.231693,1.000000,14363
6.217224,6.212623,0.000000,9.346949,-2.746572,11.000006,-1.296300,1.000000,14380
6.217224,6.212623,0.000000,9.303037,-3.294778,11.000006,-1.611340,1.000000,14397
6.221827,6.212623,0.000000,9.202667,-4.043281,11.000006,-1.721810,1.000000,14414
6.226428,6.212623,0.000000,9.070930,-5.351813,11.000006,-2.144135,1.000000,14431
6.229496,6.212623,0.235241,8.989381,-6.286198,11.000006,-0.335765,1.000000,14448
6.237166,6.212623,0.292051,8.851372,-6.139534,11.000006,0.731196,1.000000,14465
6.237166,6.212623,0.000000,8.801188,-3.913577,11.000006,-0.788286,1.000000,14482
6.235632,6.212623,0.000000,8.794914,-2.818163,11.000006,-0.345440,1.000000,14499
6.232564,6.212623,0.000000,8.769821,-1.810140,11.000006,-0.078169,1.000000,14516
6.231030,6.212623,0.000000,8.757275,-1.083319,11.000006,0.170251,1.000000,14533
6.227962,6.212623,0.000000,8.757275,-0.481475,11.000006,0.247034,1.000000,14550
6.226428,6.212623,0.000000,8.757275,-0.320983,11.000006,0.213069,1.000000,14567
6.224895,6.212623,0.000000,8.763549,-0.003231,11.000006,0.264839,1.000000,14584
6.223360,6.212623,0.000000,8.763549,-0.001436,11.000006,0.149144,1.000000,14601
6.221827,6.212623,0.000000,8.763549,-0.000957,11.000006,0.032844,1.000000,14618
6.221827,6.212623,0.000000,8.763549,-0.000426,11.000006,0.033118,1.000000,14635
6.220292,6.212623,0.000000,8.763549,-0.000189,11.000006,-0.083380,1.000000,14652
6.220292,6.212623,0.000000,8.763549,-0.000126,11.000006,-0.083347,1.000000,14669
6.220292,6.212623,0.000000,8.763549,-0.000056,11.000006,-0.083311,1.000000,14686
6.220292,6.212623,0.000000,8.763549,-0.000025,11.000006,-0.083295,1.000000,14703
6.220292,6.212623,0.000000,8.763549,-0.000011,11.000006,-0.083288,1.000000,14720
6.220292,6.212623,0.000000,8.763549,-0.000007,11.000006,-0.083286,1.000000,14737
6.220292,6.212623,0.000000,8.763549,-0.000003,11.000006,-0.083284,1.000000,14754
6.220292,6.212623,0.000000,8.763549,-0.000001,11.000006,-0.083283,1.000000,14771
6.220292,6.212623,0.000000,8.763549,-0.000001,11.000006,-0.083283,1.000000,14788
6.220292,6.212623,0.000000,8.763549,-0.000000,11.000006,-0.083282,1.000000,14805
6.220292,6.212623,0.000000,8.763549,-0.000000,11.000006,-0.083282,1.000000,14822
6.220292,6.212623,0.000000,8.763549,-0.000000,11.000006,-0.083282,1.000000,14839
6.220292,6.212623,0.000000,8.763549,-0.000000,11.000006,-0.083282,1.000000,14856
6.220292,6.212623,0.000000,8.763549,-0.000000,11.000006,-0.083282,1.000000,14873
6.220292,6.212623,0.000000,8.763549,-0.000000,11.000006,-0.083282,1.000000,14890
6.220292,6.212623,0.000000,8.763549,-0.000000,11.000006,-0.083282,1.000000,14907
6.220292,6.212623,0.000000,8.763549,-0.000000,11.000006,-0.083282,1.000000,14924
6.220292,6.212623,0.000000,8.763549,-0.000000,11.000006,-0.083282,1.000000,14941
6.220292,6.212623,0.000000,8.763549,-0.000000,11.000006,-0.083282,1.000000,14958
6.220292,6.212623,0.000000,8.763549,-0.000000,11.000006,-0.083282,1.000000,14975
6.220292,6.212623,0.000000,8.763549,-0.000000,11.000006,-0.083282,1.000000,14992
6.220292,6.212623,0.000000,8.763549,-0.000000,11.000006,-0.083282,1.000000,15009
6.220292,6.212623,0.000000,8.763549,-0.000000,11.000006,-0.083282,1.000000,15026
6.220292,6.212623,0.000000,8.763549,-0.000000,11.000006,-0.083282,1.000000,15043
6.220292,6.212623,0.000000,8.763549,-0.000000,11.000006,-0.083282,1.000000,15060
6.220292,6.212623,0.000000,8.763549,-0.000000,11.000006,-0.083282,1.000000,15077
6.220292,6.212623,0.000000,8.763549,-0.000000,11.000006,-0.083282,1.000000,15094
6.220292,6.212623,0.000000,8.763549,-0.000000,11.000006,-0.083282,1.000000,15111
6.220292,6.212623,0.000000,8.763549,-0.000000,11.000006,-0.083282,1.000000,15128
6.220292,6.212623,0.000000,8.763549,-0.000000,11.000006,-0.083282,1.000000,15145
6.220292,6.212623,0.000000,8.763549,-0.000000,11.000006,-0.083282,1.000000,15162
6.220292,6.212623,0.000000,8.763549,-0.000000,11.000006,-0.083282,1.000000,15179
6.220292,6.212623,0.000000,8.763549,-0.000000,11.000006,-0.083282,1.000000,15196
6.220292,6.212623,0.000000,8.763549,-0.000000,11.000006,-0.083282,1.000000,15213
6.220292,6.212623,0.000000,8.763549,-0.000000,11.000006,-0.083282,1.000000,15230
6.220292,6.212623,0.000000,8.763549,-0.000000,11.000006,-0.083282,1.000000,15247
6.220292,6.212623,0.000000,8.763549,-0.000000,11.000006,-0.083282,1.000000,15264
6.220292,6.212623,0.000000,8.763549,-0.000000,11.000006,-0.083282,1.000000,15281
6.220292,6.212623,0.000000,8.763549,-0.000000,11.000006,-0.083282,1.000000,15298
6.220292,6.212623,0.000000,8.763549,-0.000000,11.000006,-0.083282,1.000000,15315
6.220292,6.212623,0.000000,8.763549,-0.000000,11.000006,-0.083282,1.000000,15332
6.220292,6.212623,0.000000,8.763549,-0.000000,11.000006,-0.083282,1.000000,15349
6.220292,6.212623,0.000000,8.763549,-0.000000,11.000006,-0.083282,1.000000,15366
6.220292,6.212623,0.000000,8.763549,-0.000000,11.000006,-0.083282,1.000000,15383
6.220292,6.212623,0.000000,8.763549,-0.000000,11.000006,-0.083282,1.000000,15400
6.220292,6.212623,0.000000,8.763549,-0.000000,11.000006,-0.083282,1.000000,15417
6.220292,6.212623,0.000000,8.763549,-0.000000,11.000006,-0.083282,1.000000,15434
6.220292,6.212623,0.000000,8.763549,-0.000000,11.000006,-0.083282,1.000000,15451
6.220292,6.212623,0.000000,8.763549,-0.000000,11.000006,-0.083282,1.000000,15468
6.220292,6.212623,0.000000,8.763549,-0.000000,11.000006,-0.083282,1.000000,15485
6.220292,6.212623,0.000000,8.763549,-0.000000,11.000006,-0.083282,1.000000,15502
6.220292,6.212623,0.000000,8.763549,-0.000000,11.000006,-0.083282,1.000000,15519
6.220292,6.212623,0.000000,8.763549,-0.000000,11.000006,-0.083282,1.000000,15536
6.220292,6.212623,0.000000,8.763549,-0.000000,11.000006,-0.083282,1.000000,15553
6.220292,6.212623,0.000000,8.763549,-0.000000,11.000006,-0.083282,1.000000,15570
6.220292,6.212623,0.000000,8.763549,-0.000000,11.000006,-0.083282,1.000000,15587
6.220292,6.212623,0.000000,8.763549,-0.000000,11.000006,-0.083282,1.000000,15604
6.220292,6.212623,0.000000,8.763549,-0.000000,11.000006,-0.083282,1.000000,15621
6.220292,6.212623,0.000000,8.763549,-0.000000,11.000006,-0.083282,1.000000,15638
6.220292,6.212623,0.000000,8.763549,-0.000000,11.000006,-0.083282,1.000000,15655
6.220292,6.212623,0.000000,8.763549,-0.000000,11.000006,-0.083282,1.000000,15672
6.220292,6.212623,0.000000,8.763549,-0.000000,11.000006,-0.083282,1.000000,15689
6.220292,6.212623,0.000000,8.763549,-0.000000,11.000006,-0.083282,1.000000,15706
6.220292,6.212623,0.000000,8.763549,-0.000000,11.000006,-0.083282,1.000000,15723
6.220292,6.212623,0.000000,8.763549,-0.000000,11.000006,-0.083282,1.000000,15740
6.220292,6.212623,0.000000,8.763549,-0.000000,11.000006,-0.083282,1.000000,15757
6.220292,6.212623,0.000000,8.763549,-0.000000,11.000006,-0.083282,1.000000,15774
6.220292,6.212623,0.000000,8.763549,-0.000000,11.000006,-0.083282,1.000000,15791
6.220292,6.212623,0.000000,8.763549,-0.000000,11.000006,-0.083282,1.000000,15808
6.220292,6.212623,0.000000,8.763549,-0.000000,11.000006,-0.083282,1.000000,15825
6.220292,6.212623,0.000000,8.763549,-0.000000,11.000006,-0.083282,1.000000,15842
6.220292,6.212623,0.000000,8.763549,-0.000000,11.000006,-0.083282,1.000000,15859
6.220292,6.212623,0.000000,8.763549,-0.000000,11.000006,-0.083282,1.000000,15876
6.220292,6.212623,0.000000,8.763549,-0.000000,11.000006,-0.083282,1.000000,15893
6.220292,6.212623,0.000000,8.763549,-0.000000,11.000006,-0.083282,1.000000,15910
6.220292,6.212623,0.000000,8.763549,-0.000000,11.000006,-0.083282,1.000000,15927
6.220292,6.212623,0.000000,8.763549,-0.000000,11.000006,-0.083282,1.000000,15944
6.220292,6.212623,0.000000,8.763549,-0.000000,11.000006,-0.083282,1.000000,15961
6.220292,6.212623,0.000000,8.763549,-0.000000,11.000006,-0.083282,1.000000,15978
6.220292,6.212623,0.000000,8.763549,-0.000000,11.000006,-0.083282,1.000000,15995
6.220292,6.212623,0.000000,8.763549,-0.000000,11.000006,-0.083282,1.000000,16012
6.220292,6.212623,0.000000,8.763549,-0.000000,11.000006,-0.083282,1.000000,16029
6.220292,6.212623,0.000000,8.763549,-0.000000,11.000006,-0.083282,1.000000,16046
6.220292,6.212623,0.000000,8.763549,-0.000000,11.000006,-0.083282,1.000000,16063
6.220292,6.212623,0.000000,8.763549,-0.000000,11.000006,-0.083282,1.000000,16080
6.220292,6.212623,0.000000,8.763549,-0.000000,11.000006,-0.083282,1.000000,16097
6.220292,6.212623,0.000000,8.763549,-0.000000,11.000006,-0.083282,1.000000,16114
6.220292,6.212623,0.000000,8.763549,-0.000000,11.000006,-0.083282,1.000000,16131
6.220292,6.212623,0.000000,8.763549,-0.000000,11.000006,-0.083282,1.000000,16148
6.220292,6.212623,0.000000,8.763549,-0.000000,11.000006,-0.083282,1.000000,16165
6.220292,6.212623,0.000000,8.763549,-0.000000,11.000006,-0.083282,1.000000,16182
6.220292,6.212623,0.000000,8.763549,-0.000000,11.000006,-0.083282,1.000000,16199
6.220292,6.212623,0.000000,8.763549,-0.000000,11.000006,-0.083282,1.000000,16216
6.220292,6.212623,0.000000,8.763549,-0.000000,11.000006,-0.083282,1.000000,16233
6.220292,6.212623,0.000000,8.763549,-0.000000,11.000006,-0.083282,1.000000,16250
6.220292,6.212623,0.000000,8.763549,-0.000000,11.000006,-0.083282,1.000000,16267
6.220292,6.212623,0.000000,8.763549,-0.000000,11.000006,-0.083282,1.000000,16284
6.220292,6.212623,0.000000,8.763549,-0.000000,11.000006,-0.083282,1.000000,16301
6.220292,6.212623,0.000000,8.763549,-0.000000,11.000006,-0.083282,1.000000,16318
6.220292,6.212623,0.000000,8.763549,-0.000000,11.000006,-0.083282,1.000000,16335
6.220292,6.212623,0.000000,8.763549,-0.000000,11.000006,-0.083282,1.000000,16352
6.220292,6.212623,0.000000,8.763549,-0.000000,11.000006,-0.083282,1.000000,16369
6.220292,6.212623,0.000000,8.763549,-0.000000,11.000006,-0.083282,1.000000,16386
6.220292,6.212623,0.000000,8.763549,-0.000000,11.000006,-0.083282,1.000000,16403
6.220292,6.212623,0.000000,8.763549,-0.000000,11.000006,-0.083282,1.000000,16420
6.220292,6.212623,0.000000,8.763549,-0.000000,11.000006,-0.083282,1.000000,16437
6.220292,6.212623,0.000000,8.763549,-0.000000,11.000006,-0.083282,1.000000,16454
6.220292,6.212623,0.000000,8.763549,-0.000000,11.000006,-0.083282,1.000000,16471
6.220292,6.212623,0.000000,8.763549,-0.000000,11.000006,-0.083282,1.000000,16488
6.220292,6.212623,0.000000,8.763549,-0.000000,11.000006,-0.083282,1.000000,16505
6.220292,6.212623,0.000000,8.763549,-0.000000,11.000006,-0.083282,1.000000,16522
6.220292,6.212623,0.000000,8.763549,-0.000000,11.000006,-0.083282,1.000000,16539
6.220292,6.212623,0.000000,8.763549,-0.000000,11.000006,-0.083282,1.000000,16556
6.220292,6.212623,0.000000,8.763549,-0.000000,11.000006,-0.083282,1.000000,16573
6.220292,6.212623,0.000000,8.763549,-0.000000,11.000006,-0.083282,1.000000,16590
6.220292,6.212623,0.000000,8.763549,-0.000000,11.000006,-0.083282,1.000000,16607
6.220292,6.212623,0.000000,8.763549,-0.000000,11.000006,-0.083282,1.000000,16624
6.220292,6.212623,0.000000,8.763549,-0.000000,11.000006,-0.083282,1.000000,16641
6.220292,6.212623,0.000000,8.763549,-0.000000,11.000006,-0.083282,1.000000,16658
6.220292,6.212623,0.000000,8.763549,-0.000000,11.000006,-0.083282,1.000000,16675
6.220292,6.212623,0.000000,8.763549,-0.000000,11.000006,-0.083282,1.000000,16692
6.220292,6.212623,0.000000,8.763549,-0.000000,11.000006,-0.083282,1.000000,16709
6.220292,6.212623,0.000000,8.763549,-0.000000,11.000006,-0.083282,1.000000,16726
6.220292,6.212623,0.000000,8.763549,-0.000000,11.000006,-0.083282,1.000000,16743
6.220292,6.212623,0.000000,8.763549,-0.000000,11.000006,-0.083282,1.000000,16760
6.220292,6.212623,0.000000,8.763549,-0.000000,11.000006,-0.083282,1.000000,16777
6.220292,6.212623,0.000000,8.763549,-0.000000,11.000006,-0.083282,1.000000,16794
6.220292,6.212623,0.000000,8.763549,-0.000000,11.000006,-0.083282,1.000000,16811
6.220292,6.212623,0.000000,8.763549,-0.000000,11.000006,-0.083282,1.000000,16828
6.220292,6.212623,0.000000,8.763549,-0.000000,11.000006,-0.083282,1.000000,16845
6.220292,6.212623,0.000000,8.763549,-0.000000,11.000006,-0.083282,1.000000,16862
6.220292,6.212623,0.000000,8.763549,-0.000000,11.000006,-0.083282,1.000000,16879
6.220292,6.212623,0.000000,8.763549,-0.000000,11.000006,-0.083282,1.000000,16896
6.220292,6.212623,0.000000,8.763549,-0.000000,11.000006,-0.083282,1.000000,16913
6.220292,6.212623,0.000000,8.763549,-0.000000,11.000006,-0.083282,1.000000,16930
6.220292,6.212623,0.000000,8.763549,-0.000000,11.000006,-0.083282,1.000000,16947
6.220292,6.212623,0.000000,8.763549,-0.000000,11.000006,-0.083282,1.000000,16964
6.220292,6.212623,0.000000,8.763549,-0.000000,11.000006,-0.083282,1.000000,16981
6.220292,6.212623,0.000000,8.763549,-0.000000,11.000006,-0.083282,1.000000,16998
6.220292,6.212623,0.000000,8.763549,-0.000000,11.000006,-0.083282,1.000000,17015
6.220292,6.212623,0.000000,8.763549,-0.000000,11.000006,-0.083282,1.000000,17032
6.220292,6.212623,0.000000,8.763549,-0.000000,11.000006,-0.083282,1.000000,17049
6.220292,6.212623,0.000000,8.763549,-0.000000,11.000006,-0.083282,1.000000,17066
6.220292,6.212623,0.000000,8.763549,-0.000000,11.000006,-0.083282,1.000000,17083
6.220292,6.212623,0.000000,8.763549,-0.000000,11.000006,-0.083282,1.000000,17100
6.220292,6.212623,0.000000,8.763549,-0.000000,11.000006,-0.083282,1.000000,17117
6.220292,6.212623,0.000000,8.763549,-0.000000,11.000006,-0.083282,1.000000,17134
6.220292,6.212623,0.000000,8.763549,-0.000000,11.000006,-0.083282,1.000000,17151
6.220292,6.212623,0.000000,8.763549,-0.000000,11.000006,-0.083282,1.000000,17168
6.220292,6.212623,0.000000,8.763549,-0.000000,11.000006,-0.083282,1.000000,17185
6.220292,6.212623,0.000000,8.763549,-0.000000,11.000006,-0.083282,1.000000,17202
6.220292,6.212623,0.000000,8.763549,-0.000000,11.000006,-0.083282,1.000000,17219
6.220292,6.212623,0.000000,8.763549,-0.000000,11.000006,-0.083282,1.000000,17236
6.220292,6.212623,0.000000,8.763549,-0.000000,11.000006,-0.083282,1.000000,17253
6.220292,6.212623,0.000000,8.763549,-0.000000,11.000006,-0.083282,1.000000,17270
6.220292,6.212623,0.000000,8.763549,-0.000000,11.000006,-0.083282,1.000000,17287
6.220292,6.212623,0.000000,8.763549,-0.000000,11.000006,-0.083282,1.000000,17304
6.220292,6.212623,0.000000,8.763549,-0.000000,11.000006,-0.083282,1.000000,17321
6.220292,6.212623,0.000000,8.763549,-0.000000,11.000006,-0.083282,1.000000,17338
6.220292,6.212623,0.000000,8.763549,-0.000000,11.000006,-0.083282,1.000000,17355
6.220292,6.212623,0.000000,8.763549,-0.000000,11.000006,-0.083282,1.000000,17372
6.220292,6.212623,0.000000,8.763549,-0.000000,11.000006,-0.083282,1.000000,17389
6.220292,6.212623,0.000000,8.763549,-0.000000,11.000006,-0.083282,1.000000,17406
6.220292,6.212623,0.000000,8.763549,-0.000000,11.000006,-0.083282,1.000000,17423
6.220292,6.212623,0.000000,8.763549,-0.000000,11.000006,-0.083282,1.000000,17440
6.220292,6.212623,0.000000,8.763549,-0.000000,11.000006,-0.083282,1.000000,17457
6.220292,6.212623,0.000000,8.763549,-0.000000,11.000006,-0.083282,1.000000,17474
6.220292,6.212623,0.000000,8.763549,-0.000000,11.000006,-0.083282,1.000000,17491
6.220292,6.212623,0.000000,8.763549,-0.000000,11.000006,-0.083282,1.000000,17508
6.220292,6.212623,0.000000,8.763549,-0.000000,11.000006,-0.083282,1.000000,17525
6.220292,6.212623,0.000000,8.763549,-0.000000,11.000006,-0.083282,1.000000,17542
6.220292,6.212623,0.000000,8.763549,-0.000000,11.000006,-0.083282,1.000000,17559
6.220292,6.212623,0.000000,8.763549,-0.000000,11.000006,-0.083282,1.000000,17576
6.220292,6.212623,0.000000,8.763549,-0.000000,11.000006,-0.083282,1.000000,17593
6.220292,6.212623,0.000000,8.763549,-0.000000,11.000006,-0.083282,1.000000,17610
6.220292,6.212623,0.000000,8.763549,-0.000000,11.000006,-0.083282,1.000000,17627
6.220292,6.212623,0.000000,8.763549,-0.000000,11.000006,-0.083282,1.000000,17644
6.220292,6.212623,0.000000,8.763549,-0.000000,11.000006,-0.083282,1.000000,17661
6.220292,6.212623,0.000000,8.763549,-0.000000,11.000006,-0.083282,1.000000,17678
6.220292,6.212623,0.000000,8.763549,-0.000000,11.000006,-0.083282,1.000000,17695
6.220292,6.212623,0.000000,8.763549,-0.000000,11.000006,-0.083282,1.000000,17712
6.220292,6.212623,0.000000,8.763549,-0.000000,11.000006,-0.083282,1.000000,17729
6.220292,6.212623,0.000000,8.763549,-0.000000,11.000006,-0.083282,1.000000,17746
6.220292,6.212623,0.000000,8.763549,-0.000000,11.000006,-0.083282,1.000000,17763
6.220292,6.212623,0.000000,8.763549,-0.000000,11.000006,-0.083282,1.000000,17780
6.220292,6.212623,0.000000,8.763549,-0.000000,11.000006,-0.083282,1.000000,17797
6.220292,6.212623,0.000000,8.763549,-0.000000,11.000006,-0.083282,1.000000,17814
6.220292,6.212623,0.000000,8.763549,-0.000000,11.000006,-0.083282,1.000000,17831
6.220292,6.212623,0.000000,8.763549,-0.000000,11.000006,-0.083282,1.000000,17848