=~=~=~=~=~=~=~=~=~=~=~= PuTTY log 2024.01.03 13:22:56 =~=~=~=~=~=~=~=~=~=~=~=


[      dpc      ] >>> 3.144661,6.212623,0.000000,20.469191,0.000000,20.350006,0.000000,1.000000,44002
3.144661,6.212623,0.000000,20.469191,0.000000,20.350006,0.000000,1.000000,44020
3.144661,6.212623,0.000000,20.469191,0.000000,20.350006,0.000000,1.000000,44037
3.144661,6.212623,0.000000,20.469191,0.000000,20.350006,0.000000,1.000000,44054
3.144661,6.212623,0.000000,20.469191,0.000000,20.350006,0.000000,1.000000,44071
3.144661,6.212623,0.000000,20.469191,0.000000,20.350006,0.000000,1.000000,44088
3.144661,6.212623,0.000000,20.469191,0.000000,20.350006,0.000000,1.000000,44105
3.144661,6.212623,0.000000,20.469191,0.000000,20.350006,0.000000,1.000000,44122
3.144661,6.212623,0.000000,20.469191,0.000000,20.350006,0.000000,1.000000,44139
3.144661,6.212623,0.000000,20.469191,0.000000,20.350006,0.000000,1.000000,44156
3.144661,6.212623,0.000000,20.469191,0.000000,20.350006,0.000000,1.000000,44173
3.144661,6.212623,0.000000,20.469191,0.000000,20.350006,0.000000,1.000000,44190
3.144661,6.212623,0.000000,20.469191,0.000000,20.350006,0.000000,1.000000,44207
3.144661,6.212623,0.000000,20.469191,0.000000,20.350006,0.000000,1.000000,44224
3.144661,6.212623,0.000000,20.469191,0.000000,20.350006,0.000000,1.000000,44241


[      dpc      ] >>> p dpc -
ERROR: INVALID PARAMETER VALUE, SHOULD BE: on, 1, off, 0

[      dpc      ] >>> dpc 0

[    default    ] >>> swu

[    swingup    ] >>> home

[      upc      ] >>> 

[      upc      ] >>> 6.218759,6.212623,0.000000,18.693897,-2.140578,20.350006,-0.869867,1.000000,59602
6.220292,6.212623,0.000000,18.649984,-2.136319,20.350006,-0.783842,1.000000,59620
6.220292,6.212623,0.000000,18.624893,-2.260585,20.350006,-0.866532,1.000000,59637
6.221827,6.212623,0.000000,18.574707,-2.259358,20.350006,-0.786670,1.000000,59654
6.221827,6.212623,0.000000,18.524523,-2.328474,20.350006,-0.859652,1.000000,59671
6.221827,6.212623,0.000000,18.499430,-2.388752,20.350006,-0.909389,1.000000,59688
6.224895,6.212623,0.000000,18.449245,-2.316279,20.350006,-0.676287,1.000000,59705
6.224895,6.212623,0.000000,18.386515,-2.702265,20.350006,-0.921805,1.000000,59722
6.224895,6.212623,0.000000,18.361422,-2.637946,20.350006,-0.907375,1.000000,59739
6.224895,6.212623,0.000000,18.304964,-2.496735,20.350006,-0.876712,1.000000,59756
6.226428,6.212623,0.000000,18.242231,-2.712829,20.350006,-0.918190,1.000000,59773
6.227962,6.212623,0.000000,18.173227,-3.087640,20.350006,-1.046006,1.000000,59790
6.229496,6.212623,0.000000,18.141861,-3.103971,20.350006,-0.961238,1.000000,59807
6.231030,6.212623,0.000000,18.079130,-2.982669,20.350006,-0.828883,1.000000,59824
6.232564,6.212623,0.000000,18.010126,-3.207569,20.350006,-0.879568,1.000000,59841
6.234098,6.212623,0.000000,17.978762,-3.183861,20.350006,-0.774105,1.000000,59858
6.234098,6.212623,0.000000,17.922302,-2.809109,20.350006,-0.623170,1.000000,59875
6.234098,6.212623,0.000000,17.872118,-2.572807,20.350006,-0.538862,1.000000,59892
6.234098,6.212623,0.000000,17.853298,-2.342532,20.350006,-0.434291,1.000000,59909
6.232564,6.212623,0.000000,17.828205,-1.668452,20.350006,-0.222453,1.000000,59926
6.232564,6.212623,0.000000,17.815660,-1.090007,20.350006,0.066100,1.000000,59943
6.231030,6.212623,0.000000,17.815660,-0.484447,20.350006,0.261417,1.000000,59960
6.229496,6.212623,0.000000,17.815660,-0.322965,20.350006,0.227961,1.000000,59977
6.229496,6.212623,0.000000,17.815660,-0.143540,20.350006,0.320365,1.000000,59994
6.229496,6.212623,0.000000,17.821934,0.145313,20.350006,0.473798,1.000000,60011
6.229496,6.212623,0.000000,17.821934,0.096876,20.350006,0.448852,1.000000,60028
6.229496,6.212623,0.000000,17.828205,0.182419,20.350006,0.497580,1.000000,60045


[      upc      ] >>> swd

[      dpc      ] >>> 

[      dpc      ] >>> 6.220292,6.212623,0.000000,18.700171,0.000000,20.350006,0.353751,1.000000,62452
6.220292,6.212623,0.000000,18.700171,0.000000,20.350006,0.353751,1.000000,62470
6.220292,6.212623,0.000000,18.700171,0.000000,20.350006,0.353751,1.000000,62487
6.220292,6.212623,0.000000,18.700171,0.000000,20.350006,0.353751,1.000000,62504
6.220292,6.212623,0.000000,18.700171,0.000000,20.350006,0.353751,1.000000,62521
6.220292,6.212623,0.000000,18.700171,0.000000,20.350006,0.353751,1.000000,62538
6.220292,6.212623,0.000000,18.700171,0.000000,20.350006,0.353751,1.000000,62555
6.220292,6.212623,0.000000,18.700171,0.000000,20.350006,0.353751,1.000000,62572
6.220292,6.212623,0.000000,18.700171,0.000000,20.350006,0.353751,1.000000,62589
6.220292,6.212623,0.000000,18.700171,0.000000,20.350006,0.353751,1.000000,62606
6.220292,6.212623,0.000000,18.700171,0.000000,20.350006,0.353751,1.000000,62623
6.220292,6.212623,0.000000,18.700171,0.000000,20.350006,0.353751,1.000000,62640
6.220292,6.212623,0.000000,18.700171,0.000000,20.350006,0.353751,1.000000,62657
6.220292,6.212623,0.000000,18.700171,0.000000,20.350006,0.353751,1.000000,62674
6.220292,6.212623,0.000000,18.700171,0.000000,20.350006,0.353751,1.000000,62691
6.220292,6.212623,0.000000,18.700171,0.000000,20.350006,0.353751,1.000000,62708
6.220292,6.212623,0.000000,18.700171,0.000000,20.350006,0.353751,1.000000,62725
6.220292,6.212623,0.000000,18.700171,0.000000,20.350006,0.353751,1.000000,62742
6.220292,6.212623,0.000000,18.700171,0.000000,20.350006,0.353751,1.000000,62759
6.220292,6.212623,0.000000,18.700171,0.000000,20.350006,0.353751,1.000000,62776
6.220292,6.212623,0.000000,18.700171,0.000000,20.350006,0.353751,1.000000,62793
6.220292,6.212623,0.000000,18.700171,0.000000,20.350006,0.353751,1.000000,62810
6.220292,6.212623,0.000000,18.700171,0.000000,20.350006,0.353751,1.000000,62827
6.220292,6.212623,0.000000,18.700171,0.000000,20.350006,0.353751,1.000000,62844
6.220292,6.212623,0.000000,18.700171,0.000000,20.350006,0.353751,1.000000,62861
6.220292,6.212623,0.000000,18.700171,0.000000,20.350006,0.353751,1.000000,62878
6.220292,6.212623,0.000000,18.700171,0.000000,20.350006,0.353751,1.000000,62895
6.220292,6.212623,0.000000,18.700171,0.000000,20.350006,0.353751,1.000000,62912
6.220292,6.212623,0.000000,18.700171,0.000000,20.350006,0.353751,1.000000,62929
6.220292,6.212623,0.000000,18.700171,0.000000,20.350006,0.353751,1.000000,62946
6.220292,6.212623,0.000000,18.700171,0.000000,20.350006,0.353751,1.000000,62963
6.220292,6.212623,0.000000,18.700171,0.000000,20.350006,0.353751,1.000000,62980
6.220292,6.212623,0.000000,18.700171,0.000000,20.350006,0.353751,1.000000,62997
6.220292,6.212623,0.000000,18.706442,0.209045,20.350006,2.000000,1.000000,63014
6.217224,6.212623,0.000000,18.769173,1.905123,20.350006,2.000000,1.000000,63031
6.214156,6.212623,0.000000,18.825632,3.152063,20.350006,2.000000,1.000000,63048
6.203419,6.212623,-0.343398,18.963640,4.885961,20.350006,2.000000,1.000000,63065
6.194215,6.212623,-0.391238,19.133015,6.702127,20.350006,2.000000,1.000000,63082
6.188079,6.212623,-0.465354,19.220839,7.395546,20.350006,2.000000,1.000000,63099
6.174273,6.212623,-0.530683,19.402760,7.678113,20.350006,0.000000,1.000000,63116
6.163535,6.212623,-0.525593,19.534494,6.688429,20.350006,0.000000,1.000000,63133
6.160467,6.212623,-0.301773,19.590952,4.436334,20.350006,0.000000,1.000000,63150
6.158933,6.212623,-0.252330,19.609772,3.584883,20.350006,0.000000,1.000000,63167
6.155865,6.212623,0.000000,19.616047,1.732729,20.350006,0.000000,1.000000,63184
6.152797,6.212623,0.000000,19.616047,0.770102,20.350006,0.000000,1.000000,63201
6.151263,6.212623,0.000000,19.616047,0.513401,20.350006,0.000000,1.000000,63218
6.146661,6.212623,0.000000,19.616047,0.228178,20.350006,0.000000,1.000000,63235
6.140525,6.212623,-0.256345,19.616047,0.101413,20.350006,0.000000,1.000000,63252
6.137457,6.212623,-0.273161,19.616047,0.067608,20.350006,0.000000,1.000000,63269
6.129787,6.212623,-0.308874,19.616047,0.030048,20.350006,0.000000,1.000000,63286
6.119049,6.212623,-0.427042,19.616047,0.013355,20.350006,0.000000,1.000000,63303
6.108312,6.212623,-0.496579,19.616047,0.005935,20.350006,0.000000,1.000000,63320
6.102176,6.212623,-0.535582,19.616047,0.003957,20.350006,0.000000,1.000000,63337
6.086836,6.212623,-0.630051,19.616047,0.001759,20.350006,0.000000,1.000000,63354
6.069963,6.212623,-0.740197,19.616047,0.000782,20.350006,0.000000,1.000000,63371
6.060759,6.212623,-0.800258,19.616047,0.000521,20.350006,0.000000,1.000000,63388
6.039283,6.212623,-0.884038,19.616047,0.000232,20.350006,0.000000,1.000000,63405
6.013205,6.212623,-1.091735,19.616047,0.000103,20.350006,0.000000,1.000000,63422
5.999399,6.212623,-1.188008,19.616047,0.000069,20.350006,0.000000,1.000000,63439
5.967185,6.212623,-1.312047,19.616047,0.000030,20.350006,0.000000,1.000000,63456
5.930369,6.212623,-1.554666,19.616047,0.000014,20.350006,0.000000,1.000000,63473
5.888952,6.212623,-1.832927,19.616047,0.000006,20.350006,0.000000,1.000000,63490
5.864408,6.212623,-2.040077,19.616047,0.000004,20.350006,0.000000,1.000000,63507
5.810719,6.212623,-2.270233,19.616047,0.000002,20.350006,0.000000,1.000000,63524
5.749360,6.212623,-2.679328,19.616047,0.000001,20.350006,0.000000,1.000000,63541
5.714079,6.212623,-2.962254,19.616047,0.000001,20.350006,0.000000,1.000000,63558
5.637380,6.212623,-3.225517,19.616047,0.000000,20.350006,0.000000,1.000000,63575
5.546875,6.212623,-3.836785,19.616047,0.000000,20.350006,0.000000,1.000000,63592
5.496253,6.212623,-4.245255,19.616047,0.000000,20.350006,0.000000,1.000000,63609
5.384273,6.212623,-4.613857,19.616047,0.000000,20.350006,0.000000,1.000000,63626
5.256952,6.212623,-5.357183,19.616047,0.000000,20.350006,0.000000,1.000000,63643
5.111224,6.212623,-6.403410,19.616047,0.000000,20.350006,0.000000,1.000000,63660
5.031457,6.212623,-6.927845,19.616047,0.000000,20.350006,0.000000,1.000000,63677
4.864253,6.212623,-7.323050,19.616047,0.000000,20.350006,0.000000,1.000000,63694
4.684777,6.212623,-8.129339,19.616047,0.000000,20.350006,0.000000,1.000000,63711
4.591205,6.212623,-8.538649,19.616047,0.000000,20.350006,0.000000,1.000000,63728
4.394855,6.212623,-8.686647,19.609772,-0.209173,20.350006,-12.000000,1.000000,63745
4.177030,6.212623,-9.604642,19.233385,-10.617864,20.350006,-12.000000,1.000000,63762
4.057379,6.212623,-10.391437,18.863270,-19.415752,20.350006,-12.000000,1.000000,63779
3.792001,6.212623,-11.010003,17.934849,-31.003334,20.350006,-12.000000,1.000000,63796
3.486738,6.212623,-12.767757,16.786869,-43.262882,20.350006,-8.598778,1.000000,63813
3.149263,6.212623,-14.912535,15.670253,-49.687439,20.350006,-5.282967,1.000000,63830
2.977457,-0.070563,-15.668557,15.155857,-50.271484,20.350006,1.254872,0.000000,63848
2.647651,-0.070563,-15.042772,14.384263,-40.883442,20.350006,8.024433,0.000000,63865
2.362330,-0.070563,-14.116951,14.133339,-23.885900,20.350006,12.000000,0.000000,63882
2.239612,-0.070563,-13.501906,14.252527,-11.950992,20.350006,12.000000,0.000000,63899
2.026389,-0.070563,-11.080027,14.848474,9.325729,20.350006,12.000000,0.000000,63916
1.856117,-0.070563,-9.270735,15.732985,27.215931,20.350006,12.000000,0.000000,63933
1.719592,-0.070563,-7.818928,16.843327,42.764542,20.350006,12.000000,0.000000,63950
1.662835,-0.070563,-7.104525,17.439272,48.374538,20.350006,0.000000,0.000000,63968
1.569262,-0.070563,-5.458534,18.405334,44.989216,20.350006,0.000000,0.000000,63985
1.497165,-0.070563,-4.300883,19.045191,36.444668,20.350006,0.000000,0.000000,64002
1.471088,-0.070563,-3.736507,19.271025,31.824242,20.350006,0.000000,0.000000,64019
1.435806,-0.070563,-2.478788,19.565861,21.114237,20.350006,0.000000,0.000000,64036
1.423534,-0.070563,-1.374389,19.728962,13.496496,20.350006,0.000000,0.000000,64053
1.435806,-0.070563,-0.235870,19.804239,8.019766,20.350006,0.000000,0.000000,64070
1.449612,-0.070563,0.302948,19.823057,5.973774,20.350006,0.000000,0.000000,64087
1.497165,-0.070563,1.361830,19.835606,2.933865,20.350006,0.000000,0.000000,64104
1.566194,-0.070563,2.497161,19.835606,1.303940,20.350006,0.000000,0.000000,64121
1.610680,-0.070563,3.147623,19.835606,0.869293,20.350006,0.000000,0.000000,64138
1.716524,-0.070563,4.040792,19.835606,0.386352,20.350006,0.000000,0.000000,64155
1.849981,-0.070563,5.358147,19.866970,1.217194,20.350006,12.000000,0.000000,64172
1.928214,-0.070563,6.179865,20.011251,5.620842,20.350006,12.000000,0.000000,64189
2.121495,-0.070563,7.450813,20.669930,18.738567,20.350006,12.000000,0.000000,64206
2.348525,-0.070563,9.191738,21.623444,33.141922,20.350006,12.000000,0.000000,64223
2.601631,-0.070563,11.056314,22.752605,45.886238,20.350006,12.000000,0.000000,64240
2.733554,-0.070563,11.768295,23.361097,50.873890,20.350006,9.139458,0.000000,64258
3.006602,-0.070563,11.979864,24.584354,52.651817,20.350006,3.104081,0.000000,64275
3.265845,6.212623,12.107989,25.644514,50.932892,20.350006,-2.421084,1.000000,64292
3.383962,6.212623,12.009217,26.039721,47.128807,20.350006,-4.806588,1.000000,64309
3.584913,6.212623,10.143893,26.453747,30.564934,20.350006,-9.061014,1.000000,64326
3.738311,6.212623,8.411527,26.359650,10.517545,20.350006,-11.857708,1.000000,64343
3.848758,6.212623,6.721193,25.769978,-12.123513,20.350006,-12.000000,1.000000,64360
3.891709,6.212623,5.912517,25.349676,-22.092388,20.350006,-12.000000,1.000000,64378
3.959204,6.212623,4.281075,24.352251,-34.493107,20.350006,-12.000000,1.000000,64395
4.002156,6.212623,3.010590,23.197998,-45.789719,20.350006,-12.000000,1.000000,64412
4.015962,6.212623,2.467234,22.570686,-51.436867,20.350006,-12.000000,1.000000,64429
4.026700,6.212623,1.335169,21.221966,-55.481022,20.350006,-12.000000,1.000000,64446
4.020564,6.212623,0.405915,19.929703,-57.975475,20.350006,-12.000000,1.000000,64463
3.994486,6.212623,-0.552490,18.530796,-64.520828,20.350006,-12.000000,1.000000,64480
3.974544,6.212623,-1.033050,17.859571,-65.388031,20.350006,-11.396024,1.000000,64498
3.922389,6.212623,-1.754496,16.504578,-62.378574,20.350006,-10.297346,1.000000,64515
3.856428,6.212623,-2.535344,15.180949,-62.435081,20.350006,-8.787763,1.000000,64532
3.816544,6.212623,-3.019676,14.547365,-62.742851,20.350006,-7.940101,1.000000,64549
3.727573,6.212623,-3.489655,13.330379,-57.090576,20.350006,-6.182631,1.000000,64566
3.630933,6.212623,-4.056464,12.213763,-53.951164,20.350006,-4.220664,1.000000,64583
3.531224,6.212623,-4.529954,11.247704,-50.255676,20.350006,-3.145276,1.000000,64600
3.479069,6.212623,-4.758474,10.827405,-47.513733,20.350006,-1.289902,1.000000,64618
3.376292,6.212623,-4.637426,10.143634,-37.775864,20.350006,0.582257,1.000000,64635
3.285787,6.212623,-4.413179,9.723335,-27.523266,20.350006,2.114231,1.000000,64652
3.245903,6.212623,-4.271577,9.622966,-21.694490,20.350006,2.697765,1.000000,64669
3.175340,6.212623,-3.602909,9.616693,-9.641994,20.350006,4.453121,1.000000,64686
3.118583,-0.070563,-3.067096,9.798614,0.593784,20.350006,4.059763,0.000000,64703
3.071030,-0.070563,-2.675559,10.099723,8.697754,20.350006,3.834997,0.000000,64720
3.048020,-0.070563,-2.550694,10.269096,11.444284,20.350006,5.375062,0.000000,64737
3.011204,-0.070563,-2.054028,10.689397,15.750693,20.350006,5.940641,0.000000,64754
2.985126,-0.070563,-1.611720,11.210065,21.149654,20.350006,5.957942,0.000000,64771
2.974389,-0.070563,-1.432410,11.492355,23.509451,20.350006,6.200324,0.000000,64788
2.962117,-0.070563,-0.943420,12.113395,25.852657,20.350006,6.292225,0.000000,64805
2.955981,-0.070563,-0.572703,12.765799,28.706285,20.350006,6.154230,0.000000,64822
2.954447,-0.070563,-0.432939,13.110820,30.638229,20.350006,5.992385,0.000000,64839
2.959049,-0.070563,0.000000,13.807137,30.415028,20.350006,5.830625,0.000000,64856
2.966719,-0.070563,0.000000,14.509726,31.709824,20.350006,5.286645,0.000000,64873
2.978991,-0.070563,0.409763,15.187223,32.703541,20.350006,5.087742,0.000000,64890
2.985126,-0.070563,0.477704,15.519699,32.884880,20.350006,4.649006,0.000000,64907
2.998932,-0.070563,0.570243,16.159557,30.786224,20.350006,4.256084,0.000000,64924
3.012738,-0.070563,0.628414,16.749229,29.504942,20.350006,3.910021,0.000000,64941
3.018874,-0.070563,0.623472,17.031519,29.079611,20.350006,3.592197,0.000000,64958
3.032680,-0.070563,0.617983,17.545916,25.609917,20.350006,3.283267,0.000000,64975
3.044952,-0.070563,0.581452,18.022673,23.928427,20.350006,2.901527,0.000000,64992
3.049554,-0.070563,0.541037,18.242231,23.270908,20.350006,2.727559,0.000000,65009
3.060292,-0.070563,0.496127,18.643711,20.031107,20.350006,2.496631,0.000000,65026
3.071030,-0.070563,0.476167,19.001280,18.103317,20.350006,2.222188,0.000000,65043
3.077166,-0.070563,0.399123,19.314936,16.619175,20.350006,2.081200,0.000000,65060
3.081767,-0.070563,0.419473,19.452944,15.679720,20.350006,1.915073,0.000000,65077
3.086369,-0.070563,0.288700,19.716415,13.590401,20.350006,1.756950,0.000000,65094
3.092505,-0.070563,0.298752,19.935974,11.895081,20.350006,0.597586,0.000000,65111
3.094039,-0.070563,0.250305,20.023798,10.857515,20.350006,0.646485,0.000000,65128
3.092505,-0.070563,0.000000,20.155533,8.031794,20.350006,-0.467495,0.000000,65145
3.089437,-0.070563,0.000000,20.211992,4.963746,20.350006,-0.288917,0.000000,65162
3.086369,-0.070563,0.000000,20.218266,3.518273,20.350006,0.906951,0.000000,65179
3.081767,-0.070563,0.000000,20.230810,1.912149,20.350006,1.093080,0.000000,65196
3.080233,-0.070563,0.000000,20.268450,1.825686,20.350006,1.128994,0.000000,65213
3.081767,-0.070563,0.000000,20.318634,2.205412,20.350006,1.115731,0.000000,65230
3.083301,-0.070563,0.000000,20.343729,2.306774,20.350006,1.039229,0.000000,65247
3.086369,-0.070563,0.000000,20.406460,2.628381,20.350006,0.958747,0.000000,65264
3.090971,-0.070563,0.000000,20.456644,2.492484,20.350006,-0.162844,0.000000,65281
3.094039,-0.070563,0.209077,20.462917,1.870765,20.350006,0.001843,0.000000,65298
3.095573,-0.070563,0.000000,20.462917,0.831451,20.350006,-0.048395,0.000000,65315
3.098641,-0.070563,0.000000,20.456644,0.230128,20.350006,-0.013395,0.000000,65332
3.100175,-0.070563,0.000000,20.456644,0.153418,20.350006,-0.008930,0.000000,65349
3.103243,-0.070563,0.000000,20.456644,0.068186,20.350006,-0.003969,0.000000,65366
3.107845,-0.070563,0.000000,20.456644,0.030305,20.350006,-0.001764,0.000000,65383
3.112447,-0.070563,0.000000,20.456644,0.013469,20.350006,0.115966,0.000000,65400
3.115515,-0.070563,0.234658,20.456644,0.008979,20.350006,0.123757,0.000000,65417
3.120117,-0.070563,0.223606,20.456644,0.003991,20.350006,0.118194,0.000000,65434
3.124719,-0.070563,0.218694,20.456644,0.001774,20.350006,0.132958,0.000000,65451
3.127787,-0.070563,0.248060,20.456644,0.001182,20.350006,0.131309,0.000000,65468
3.132389,-0.070563,0.229563,20.456644,0.000526,20.350006,0.121551,0.000000,65485
3.136991,-0.070563,0.221341,20.456644,0.000234,20.350006,0.117214,0.000000,65502
3.140059,-0.070563,0.249825,20.456644,0.000156,20.350006,0.132304,0.000000,65519
3.143127,6.212623,0.000000,20.456644,0.000069,20.350006,-0.000004,1.000000,65536
3.147729,6.212623,0.000000,20.456644,0.000031,20.350006,-0.000002,1.000000,65553
3.150797,6.212623,0.000000,20.456644,0.000014,20.350006,0.124410,1.000000,65570
3.152331,6.212623,0.000000,20.456644,0.000009,20.350006,-0.000001,1.000000,65587
3.155399,6.212623,0.000000,20.456644,0.000004,20.350006,-0.000000,1.000000,65604
3.158467,6.212623,0.000000,20.456644,0.000002,20.350006,-0.000000,1.000000,65621
3.158467,6.212623,0.000000,20.456644,0.000001,20.350006,-0.000000,1.000000,65638
3.160000,6.212623,0.000000,20.456644,0.000001,20.350006,-0.000000,1.000000,65655
3.160000,6.212623,0.000000,20.456644,0.000000,20.350006,-0.000000,1.000000,65672
3.160000,6.212623,0.000000,20.456644,0.000000,20.350006,-0.000000,1.000000,65689
3.160000,6.212623,0.000000,20.456644,0.000000,20.350006,-0.000000,1.000000,65706
3.158467,6.212623,0.000000,20.456644,0.000000,20.350006,-0.000000,1.000000,65723
3.156933,6.212623,0.000000,20.456644,0.000000,20.350006,-0.000000,1.000000,65740
3.156933,6.212623,0.000000,20.456644,0.000000,20.350006,-0.000000,1.000000,65757
3.155399,6.212623,0.000000,20.456644,0.000000,20.350006,-0.000000,1.000000,65774
3.153865,6.212623,0.000000,20.456644,0.000000,20.350006,-0.000000,1.000000,65791
3.153865,6.212623,0.000000,20.456644,0.000000,20.350006,-0.000000,1.000000,65808
3.152331,6.212623,0.000000,20.456644,0.000000,20.350006,-0.000000,1.000000,65825
3.150797,6.212623,0.000000,20.456644,0.000000,20.350006,-0.000000,1.000000,65842
3.150797,6.212623,0.000000,20.456644,0.000000,20.350006,-0.000000,1.000000,65859
3.150797,6.212623,0.000000,20.456644,0.000000,20.350006,-0.000000,1.000000,65876
3.149263,6.212623,0.000000,20.456644,0.000000,20.350006,-0.000000,1.000000,65893
3.149263,6.212623,0.000000,20.456644,0.000000,20.350006,-0.000000,1.000000,65910
3.149263,6.212623,0.000000,20.456644,0.000000,20.350006,-0.000000,1.000000,65927
3.147729,6.212623,0.000000,20.456644,0.000000,20.350006,-0.000000,1.000000,65944
3.147729,6.212623,0.000000,20.456644,0.000000,20.350006,-0.000000,1.000000,65961
3.147729,6.212623,0.000000,20.456644,0.000000,20.350006,-0.000000,1.000000,65978
3.147729,6.212623,0.000000,20.456644,0.000000,20.350006,-0.000000,1.000000,65995
3.147729,6.212623,0.000000,20.456644,0.000000,20.350006,-0.000000,1.000000,66012
3.147729,6.212623,0.000000,20.456644,0.000000,20.350006,-0.000000,1.000000,66029
3.147729,6.212623,0.000000,20.456644,0.000000,20.350006,-0.000000,1.000000,66046
3.147729,6.212623,0.000000,20.456644,0.000000,20.350006,-0.000000,1.000000,66063
3.147729,6.212623,0.000000,20.456644,0.000000,20.350006,-0.000000,1.000000,66080
3.147729,6.212623,0.000000,20.456644,0.000000,20.350006,-0.000000,1.000000,66097
3.147729,6.212623,0.000000,20.456644,0.000000,20.350006,-0.000000,1.000000,66114
3.147729,6.212623,0.000000,20.456644,0.000000,20.350006,-0.000000,1.000000,66131
3.147729,6.212623,0.000000,20.456644,0.000000,20.350006,-0.000000,1.000000,66148
3.147729,6.212623,0.000000,20.456644,0.000000,20.350006,-0.000000,1.000000,66165
3.147729,6.212623,0.000000,20.456644,0.000000,20.350006,-0.000000,1.000000,66182
3.147729,6.212623,0.000000,20.456644,0.000000,20.350006,-0.000000,1.000000,66199
3.147729,6.212623,0.000000,20.456644,0.000000,20.350006,-0.000000,1.000000,66216
3.147729,6.212623,0.000000,20.456644,0.000000,20.350006,-0.000000,1.000000,66233


[      dpc      ] >>> 