3.124491,0.000000,0.000000,0.079686,0.000000,0.000000,0.000000,7260
3.124491,0.000000,0.000000,0.079686,0.000000,0.000000,0.000000,7270
3.124491,0.000000,0.000000,0.079686,0.000000,0.000000,0.000000,7280
3.124491,0.000000,0.000000,0.079686,0.000000,0.000000,0.000000,7290
3.124491,0.000000,0.000000,0.079686,0.000000,0.000000,0.000000,7300
3.124491,0.000000,0.000000,0.079686,0.000000,0.000000,0.000000,7310
3.124491,0.000000,0.000000,0.079686,0.000000,0.000000,0.000000,7320
3.124491,0.000000,0.000000,0.079686,0.000000,0.000000,0.000000,7330
3.124491,0.000000,0.000000,0.079686,0.000000,0.000000,0.000000,7340
3.124491,0.000000,0.000000,0.079686,0.000000,0.000000,0.000000,7350
3.124491,0.000000,0.000000,0.079686,0.000000,0.000000,0.000000,7360
3.124491,0.000000,0.000000,0.079686,0.000000,0.000000,0.000000,7370
3.124491,0.000000,0.000000,0.079686,0.000000,0.000000,0.000000,7380
3.124491,0.000000,0.000000,0.079686,0.000000,0.000000,0.000000,7390
3.124491,0.000000,0.000000,0.079686,0.000000,0.000000,0.000000,7400
3.124491,0.000000,0.000000,0.079686,0.000000,0.000000,0.000000,7410
3.124491,0.000000,0.000000,0.079686,0.000000,0.000000,0.000000,7420
3.124491,0.000000,0.000000,0.079686,0.000000,0.000000,0.000000,7430
3.124491,0.000000,0.000000,0.079686,0.000000,0.000000,0.000000,7440
3.124491,0.000000,0.000000,0.079686,0.000000,0.000000,0.000000,7450
3.124491,0.000000,0.000000,0.079686,0.000000,0.000000,0.000000,7460
3.124491,0.000000,0.000000,0.079686,0.000000,0.000000,0.000000,7470
3.124491,0.000000,0.000000,0.079686,0.000000,0.000000,0.000000,7480
3.124491,0.000000,0.000000,0.079686,0.000000,0.000000,0.000000,7490
3.124491,0.000000,0.000000,0.079686,0.000000,0.000000,0.000000,7500
3.124491,0.000000,0.000000,0.079686,0.000000,0.000000,0.000000,7510
3.124491,0.000000,0.000000,0.079686,0.000000,0.000000,0.000000,7520
3.124491,0.000000,0.000000,0.079686,0.000000,0.000000,0.000000,7530
3.124491,0.000000,0.000000,0.079686,0.000000,0.000000,0.000000,7540
3.124491,0.000000,0.000000,0.079686,0.000000,0.000000,0.000000,7550
3.124491,0.000000,0.000000,0.079686,0.000000,0.000000,0.000000,7560
3.124491,0.000000,0.000000,0.079686,0.000000,0.000000,0.000000,7570
3.124491,0.000000,0.000000,0.079686,0.000000,0.000000,0.000000,7580
3.124491,0.000000,0.000000,0.079686,0.000000,0.000000,0.000000,7590
3.124491,0.000000,0.000000,0.079686,0.000000,0.000000,0.000000,7600
3.124491,0.000000,0.000000,0.079686,0.000000,0.000000,0.000000,7610
3.124491,0.000000,0.000000,0.079686,0.000000,0.000000,0.000000,7620
3.124491,0.000000,0.000000,0.079686,0.000000,0.000000,0.000000,7630
3.124491,0.000000,0.000000,0.079686,0.000000,0.000000,0.000000,7640
3.124491,0.000000,0.000000,0.079686,0.000000,0.000000,0.000000,7650
3.124491,0.000000,0.000000,0.079686,0.000000,0.000000,0.000000,7660
3.124491,0.000000,0.000000,0.079686,0.000000,0.000000,0.000000,7670
3.124491,0.000000,0.000000,0.079686,0.000000,0.000000,0.000000,7680
3.124491,0.000000,0.000000,0.079686,0.000000,0.000000,0.000000,7690
3.124491,0.000000,0.000000,0.079686,0.000000,0.000000,0.000000,7700
3.124491,0.000000,0.000000,0.079686,0.000000,0.000000,0.000000,7710
3.124491,0.000000,0.000000,0.079686,0.000000,0.000000,0.000000,7720
3.124491,0.000000,0.000000,0.079686,0.000000,0.000000,0.000000,7730
3.124491,0.000000,0.000000,0.079686,0.000000,0.000000,0.000000,7740
3.124491,0.000000,0.000000,0.079686,0.000000,0.000000,0.000000,7750
3.124491,0.000000,0.000000,0.079686,0.000000,0.000000,0.000000,7760
3.124491,0.000000,0.000000,0.079686,0.000000,0.000000,0.000000,7770
3.124491,0.000000,0.000000,0.079686,0.000000,0.000000,0.000000,7780
3.124491,0.000000,0.000000,0.079686,0.000000,0.000000,0.000000,7790
3.124491,0.000000,0.000000,0.079686,0.000000,0.000000,0.000000,7800
3.124491,0.000000,0.000000,0.079686,0.000000,0.000000,0.000000,7810
3.124491,0.000000,0.000000,0.079686,0.000000,0.000000,0.000000,7820
3.124491,0.000000,0.000000,0.079686,0.000000,0.000000,0.000000,7830
3.124491,0.000000,0.000000,0.079686,0.000000,0.000000,0.000000,7840
3.124491,0.000000,0.000000,0.079686,0.000000,0.000000,0.000000,7850
3.124491,0.000000,0.000000,0.079686,0.000000,0.000000,0.000000,7860
3.124491,0.000000,0.000000,0.079686,0.000000,0.000000,0.000000,7870
3.124491,0.000000,0.000000,0.079686,0.000000,0.000000,0.000000,7880
3.124491,0.000000,0.000000,0.079686,0.000000,0.000000,0.000000,7890
3.124491,0.000000,0.000000,0.079686,0.000000,0.000000,0.000000,7900
3.124491,0.000000,0.000000,0.079686,0.000000,0.000000,0.000000,7910
3.124491,0.000000,0.000000,0.079686,0.000000,0.000000,0.000000,7920
3.124491,0.000000,0.000000,0.079686,0.000000,0.000000,0.000000,7930
3.124491,0.000000,0.000000,0.079686,0.000000,0.000000,0.000000,7940
3.124491,0.000000,0.000000,0.079686,0.000000,0.000000,0.000000,7950
3.124491,0.000000,0.000000,0.079686,0.000000,0.000000,0.000000,7960
3.124491,0.000000,0.000000,0.079686,0.000000,0.000000,0.000000,7970
3.124491,0.000000,0.000000,0.079686,0.000000,0.000000,0.000000,7980
3.124491,0.000000,0.000000,0.079686,0.000000,0.000000,0.000000,7990
3.124491,0.000000,0.000000,0.079686,0.000000,0.000000,0.000000,8000
3.124491,0.000000,0.000000,0.079686,0.000000,0.000000,0.000000,8010
3.124491,0.000000,0.000000,0.079686,0.000000,0.000000,0.000000,8020
3.124491,0.000000,0.000000,0.079686,0.000000,0.000000,0.000000,8030
3.124491,0.000000,0.000000,0.079686,0.000000,0.000000,0.000000,8040
3.124491,0.000000,0.000000,0.079686,0.000000,0.000000,0.000000,8050
3.124491,0.000000,0.000000,0.079686,0.000000,0.000000,0.000000,8060
3.124491,0.000000,0.000000,0.079686,0.000000,0.000000,0.000000,8070
3.124491,0.000000,0.000000,0.079686,0.000000,0.000000,0.000000,8080
3.124491,0.000000,0.000000,0.079686,0.000000,0.000000,0.000000,8090
3.124491,0.000000,0.000000,0.079686,0.000000,0.000000,0.000000,8100
3.124491,0.000000,0.000000,0.079686,0.000000,0.000000,0.000000,8110
3.124491,0.000000,0.000000,0.079686,0.000000,0.000000,0.000000,8120
3.124491,0.000000,0.000000,0.079686,0.000000,0.000000,0.000000,8130
3.124491,0.000000,0.000000,0.079686,0.000000,0.000000,0.000000,8140
3.124491,0.000000,0.000000,0.079686,0.000000,0.000000,0.000000,8150
3.124491,0.000000,0.000000,0.079686,0.000000,0.000000,0.000000,8160
3.124491,0.000000,0.000000,0.079686,0.000000,0.000000,0.000000,8170
3.124491,0.000000,0.000000,0.079686,0.000000,0.000000,0.000000,8180
3.124491,0.000000,0.000000,0.079686,0.000000,0.000000,0.000000,8190
3.124491,0.000000,0.000000,0.079686,0.000000,0.000000,0.000000,8200
3.124491,0.000000,0.000000,0.079686,0.000000,0.000000,0.000000,8210
3.124491,0.000000,0.000000,0.079686,0.000000,0.000000,0.000000,8220
3.124491,0.000000,0.000000,0.079686,0.000000,0.000000,0.000000,8230
3.124491,0.000000,0.000000,0.079686,0.000000,0.000000,0.000000,8240
3.124491,0.000000,0.000000,0.079686,0.000000,0.000000,0.000000,8250
3.124491,0.000000,0.000000,0.079686,0.000000,0.000000,0.000000,8260
3.124491,0.000000,0.000000,0.079686,0.000000,0.000000,0.000000,8270
3.124491,0.000000,0.000000,0.079686,0.000000,0.000000,0.000000,8280
3.124491,0.000000,0.000000,0.079686,0.000000,0.000000,0.000000,8290
3.124491,0.000000,0.000000,0.079686,0.000000,0.000000,0.000000,8300
3.124491,0.000000,0.000000,0.079686,0.000000,0.000000,0.000000,8310
3.124491,0.000000,0.000000,0.079686,0.000000,0.000000,0.000000,8320
3.124491,0.000000,0.000000,0.079686,0.000000,0.000000,0.000000,8330
3.124491,0.000000,0.000000,0.079686,0.000000,0.000000,0.000000,8340
3.124491,0.000000,0.000000,0.079686,0.000000,0.000000,0.000000,8350
3.124491,0.000000,0.000000,0.079686,0.000000,0.000000,0.000000,8360
3.124491,0.000000,0.000000,0.079686,0.000000,0.000000,0.000000,8370
3.124491,0.000000,0.000000,0.079686,0.000000,0.000000,0.000000,8380
3.124491,0.000000,0.000000,0.079686,0.000000,0.000000,0.000000,8390
3.124491,0.000000,0.000000,0.079686,0.000000,0.000000,0.000000,8400
3.124491,0.000000,0.000000,0.079686,0.000000,0.000000,0.000000,8410
3.124491,0.000000,0.000000,0.079686,0.000000,0.000000,0.000000,8420
3.124491,0.000000,0.000000,0.079686,0.000000,0.000000,0.000000,8430
3.124491,0.000000,0.000000,0.079686,0.000000,0.000000,0.000000,8440
3.124491,0.000000,0.000000,0.079686,0.000000,0.000000,0.000000,8450
3.124491,0.000000,0.000000,0.079686,0.000000,0.000000,0.000000,8460
3.124491,0.000000,0.000000,0.079686,0.000000,0.000000,0.000000,8470
3.124491,0.000000,0.000000,0.079686,0.000000,0.000000,0.000000,8480
3.124491,0.000000,0.000000,0.079686,0.000000,0.000000,0.000000,8490
3.124491,0.000000,0.000000,0.079686,0.000000,0.000000,0.000000,8500
3.124491,0.000000,0.000000,0.079686,0.000000,0.000000,0.000000,8510
3.124491,0.000000,0.000000,0.079686,0.000000,0.000000,0.000000,8520
3.124491,0.000000,0.000000,0.079686,0.000000,0.000000,0.000000,8530
3.124491,0.000000,0.000000,0.079686,0.000000,0.000000,0.000000,8540
3.124491,0.000000,0.000000,0.079686,0.000000,0.000000,0.000000,8550
3.124491,0.000000,0.000000,0.079686,0.000000,0.000000,0.000000,8560
3.124491,0.000000,0.000000,0.079686,0.000000,0.000000,0.000000,8570
3.124491,0.000000,0.000000,0.079686,0.000000,0.000000,0.000000,8580
3.124491,0.000000,0.000000,0.079686,0.000000,0.000000,0.000000,8590
3.124491,0.000000,0.000000,0.079686,0.000000,0.000000,0.000000,8600
3.124491,0.000000,0.000000,0.079686,0.000000,0.000000,0.000000,8610
3.124491,0.000000,0.000000,0.079686,0.000000,0.000000,0.000000,8620
3.124491,0.000000,0.000000,0.079686,0.000000,0.000000,0.000000,8630
3.124491,0.000000,0.000000,0.079686,0.000000,0.000000,0.000000,8640
3.124491,0.000000,0.000000,0.079686,0.000000,0.000000,0.000000,8650
3.124491,0.000000,0.000000,0.079686,0.000000,0.000000,0.000000,8660
3.124491,0.000000,0.000000,0.079686,0.000000,0.000000,0.000000,8670
3.124491,0.000000,0.000000,0.079686,0.000000,0.000000,0.000000,8680
3.124491,0.000000,0.000000,0.079686,0.000000,0.000000,0.000000,8690
3.124491,0.000000,0.000000,0.079686,0.000000,0.000000,0.000000,8700
3.124491,0.000000,0.000000,0.079686,0.000000,0.000000,0.000000,8710
3.124491,0.000000,0.000000,0.079686,0.000000,0.000000,0.000000,8720
3.124491,0.000000,0.000000,0.079686,0.000000,0.000000,0.000000,8730
3.124491,0.000000,0.000000,0.079686,0.000000,0.000000,0.000000,8740
3.124491,0.000000,0.000000,0.079686,0.000000,0.000000,0.000000,8750
3.124491,0.000000,0.000000,0.079686,0.000000,0.000000,0.000000,8760
3.124491,0.000000,0.000000,0.079686,0.000000,0.000000,0.000000,8770
3.124491,0.000000,0.000000,0.079686,0.000000,0.000000,0.000000,8780
3.124491,0.000000,0.000000,0.079686,0.000000,0.000000,0.000000,8790
3.124491,0.000000,0.000000,0.079686,0.000000,0.000000,0.000000,8800
3.124491,0.000000,0.000000,0.079686,0.000000,0.000000,0.000000,8810
3.124491,0.000000,0.000000,0.079686,0.000000,0.000000,0.000000,8820
3.124491,0.000000,0.000000,0.079686,0.000000,0.000000,0.000000,8830
3.124491,0.000000,0.000000,0.079686,0.000000,0.000000,0.000000,8840
3.124491,0.000000,0.000000,0.079686,0.000000,0.000000,0.000000,8850
3.124491,0.000000,0.000000,0.079686,0.000000,0.000000,0.000000,8860
3.124491,0.000000,0.000000,0.079686,0.000000,0.000000,0.000000,8870
3.124491,0.000000,0.000000,0.079686,0.000000,0.000000,0.000000,8880
3.124491,0.000000,0.000000,0.079686,0.000000,0.000000,0.000000,8890
3.124491,0.000000,0.000000,0.079686,0.000000,0.000000,0.000000,8900
3.124491,0.000000,0.000000,0.079686,0.000000,0.000000,0.000000,8910
3.124491,0.000000,0.000000,0.079686,0.000000,0.000000,0.000000,8920
3.124491,0.000000,0.000000,0.079686,0.000000,0.000000,0.000000,8930
3.124491,0.000000,0.000000,0.079686,0.000000,0.000000,0.000000,8940
3.124491,0.000000,0.000000,0.079686,0.000000,0.000000,0.000000,8950
3.124491,0.000000,0.000000,0.079686,0.000000,0.000000,0.000000,8960
3.124491,0.000000,0.000000,0.079686,0.000000,0.000000,0.000000,8970
3.124491,0.000000,0.000000,0.079686,0.000000,0.000000,0.000000,8980
3.124491,0.000000,0.000000,0.079686,0.000000,0.000000,0.000000,8990
3.124491,0.000000,0.000000,0.079686,0.000000,0.000000,0.000000,9000
3.124491,0.000000,0.000000,0.079686,0.000000,0.000000,0.000000,9010
3.124491,0.000000,0.000000,0.079686,0.000000,0.000000,0.000000,9020
3.124491,0.000000,0.000000,0.079686,0.000000,0.000000,0.000000,9030
3.124491,0.000000,0.000000,0.079686,0.000000,0.000000,0.000000,9040
3.124491,0.000000,0.000000,0.079686,0.000000,0.000000,0.000000,9050
3.124491,0.000000,0.000000,0.079686,0.000000,0.000000,0.000000,9060
3.124491,0.000000,0.000000,0.079686,0.000000,0.000000,0.000000,9070
3.124491,0.000000,0.000000,0.079686,0.000000,0.000000,0.000000,9080
3.124491,0.000000,0.000000,0.079686,0.000000,0.000000,0.000000,9090
3.124491,0.000000,0.000000,0.079686,0.000000,0.000000,0.000000,9100
3.124491,0.000000,0.000000,0.079686,0.000000,0.000000,0.000000,9110
3.124491,0.000000,0.000000,0.079686,0.000000,0.000000,0.000000,9120
3.124491,0.000000,0.000000,0.079686,0.000000,0.000000,0.000000,9130
3.124491,0.000000,0.000000,0.079686,0.000000,0.000000,0.000000,9140
3.124491,0.000000,0.000000,0.079686,0.000000,0.000000,0.000000,9150
3.124491,0.000000,0.000000,0.079686,0.000000,0.000000,0.000000,9160
3.124491,0.000000,0.000000,0.079686,0.000000,0.000000,0.000000,9170
3.124491,0.000000,0.000000,0.079686,0.000000,0.000000,0.000000,9180
3.124491,0.000000,0.000000,0.079686,0.000000,0.000000,0.000000,9190
3.124491,0.000000,0.000000,0.079686,0.000000,0.000000,0.000000,9200
3.124491,0.000000,0.000000,0.079686,0.000000,0.000000,0.000000,9210
3.124491,0.000000,0.000000,0.079686,0.000000,0.000000,0.000000,9220
3.124491,0.000000,0.000000,0.079686,0.000000,0.000000,0.000000,9230
3.124491,0.000000,0.000000,0.079686,0.000000,0.000000,0.000000,9240
3.124491,0.000000,0.000000,0.079686,0.000000,0.000000,0.000000,9250
3.124491,0.000000,0.000000,0.079686,0.000000,0.000000,0.000000,9260
3.124491,0.000000,0.000000,0.079686,0.000000,0.000000,0.000000,9270
3.124491,0.000000,0.000000,0.079686,0.000000,0.000000,0.000000,9280
3.124491,0.000000,0.000000,0.079686,0.000000,0.000000,0.000000,9290
3.124491,0.000000,0.000000,0.079686,0.000000,0.000000,0.000000,9300
3.124491,0.000000,0.000000,0.079686,0.000000,0.000000,0.000000,9310
3.124491,0.000000,0.000000,0.079686,0.000000,0.000000,0.000000,9320
3.124491,0.000000,0.000000,0.079686,0.000000,0.000000,0.000000,9330
3.124491,0.000000,0.000000,0.079686,0.000000,0.000000,0.000000,9340
3.124491,0.000000,0.000000,0.079686,0.000000,0.000000,0.000000,9350
3.124491,0.000000,0.000000,0.079686,0.000000,0.000000,0.000000,9360
3.124491,0.000000,0.000000,0.079686,0.000000,0.000000,0.000000,9370
3.124491,0.000000,0.000000,0.079686,0.000000,0.000000,0.000000,9380
3.124491,0.000000,0.000000,0.079686,0.000000,0.000000,0.000000,9390
3.124491,0.000000,0.000000,0.079686,0.000000,0.000000,0.000000,9400
3.124491,0.000000,0.000000,0.079686,0.000000,0.000000,0.000000,9410
3.124491,0.000000,0.000000,0.079686,0.000000,0.000000,0.000000,9420
3.124491,0.000000,0.000000,0.079686,0.000000,0.000000,0.000000,9430
3.124491,0.000000,0.000000,0.079686,0.000000,0.000000,0.000000,9440
3.124491,0.000000,0.000000,0.079686,0.000000,0.000000,0.000000,9450
3.124491,0.000000,0.000000,0.079686,0.000000,0.000000,0.000000,9460
3.124491,0.000000,0.000000,0.079686,0.000000,0.000000,0.000000,9470
3.124491,0.000000,0.000000,0.079686,0.000000,0.000000,0.000000,9480
3.124491,0.000000,0.000000,0.079686,0.000000,0.000000,0.000000,9490
3.124491,0.000000,0.000000,0.079686,0.000000,0.000000,0.000000,9500
3.124491,0.000000,0.000000,0.079686,0.000000,0.000000,0.000000,9510
3.124491,0.000000,0.000000,0.079686,0.000000,0.000000,0.000000,9520
3.124491,0.000000,0.000000,0.079686,0.000000,0.000000,0.000000,9530
3.124491,0.000000,0.000000,0.079686,0.000000,0.000000,0.000000,9540
3.124491,0.000000,0.000000,0.079686,0.000000,0.000000,0.000000,9550
3.124491,0.000000,0.000000,0.079686,0.000000,0.000000,0.000000,9560
3.124491,0.000000,0.000000,0.079686,0.000000,0.000000,0.000000,9570
3.124491,0.000000,0.000000,0.079686,0.000000,0.000000,0.000000,9580
3.124491,0.000000,0.000000,0.079686,0.000000,0.000000,0.000000,9590
3.124491,0.000000,0.000000,0.079686,0.000000,0.000000,0.000000,9600
3.124491,0.000000,0.000000,0.079686,0.000000,0.000000,0.000000,9610
3.124491,0.000000,0.000000,0.079686,0.000000,0.000000,0.000000,9620
3.124491,0.000000,0.000000,0.079686,0.000000,0.000000,0.000000,9630
3.124491,0.000000,0.000000,0.079686,0.000000,0.000000,0.000000,9640
3.124491,0.000000,0.000000,0.079686,0.000000,0.000000,0.000000,9650
3.124491,0.000000,0.000000,0.079686,0.000000,0.000000,0.000000,9660
3.124491,0.000000,0.000000,0.079686,0.000000,0.000000,0.000000,9670
3.124491,0.000000,0.000000,0.079686,0.000000,0.000000,0.000000,9680
3.124491,0.000000,0.000000,0.079686,0.000000,0.000000,0.000000,9690
3.124491,0.000000,0.000000,0.079686,0.000000,0.000000,0.000000,9700
3.124491,0.000000,0.000000,0.079686,0.000000,0.000000,0.000000,9710
3.124491,0.000000,0.000000,0.079686,0.000000,0.000000,0.000000,9720
3.124491,0.000000,0.000000,0.079686,0.000000,0.000000,0.000000,9730
3.124491,0.000000,0.000000,0.079686,0.000000,0.000000,0.000000,9740
3.124491,0.000000,0.000000,0.079686,0.000000,0.000000,0.000000,9750
3.124491,0.000000,0.000000,0.079686,0.000000,0.000000,0.000000,9760
3.124491,0.000000,0.000000,0.079686,0.000000,0.000000,0.000000,9770
3.124491,0.000000,0.000000,0.079686,0.000000,0.000000,0.000000,9780
3.124491,0.000000,0.000000,0.079686,0.000000,0.000000,0.000000,9790
3.124491,0.000000,0.000000,0.079686,0.000000,0.000000,0.000000,9800
3.124491,0.000000,0.000000,0.079686,0.000000,0.000000,0.000000,9810
3.124491,0.000000,0.000000,0.079686,0.000000,0.000000,0.000000,9820
3.124491,0.000000,0.000000,0.079686,0.000000,0.000000,0.000000,9830
3.124491,0.000000,0.000000,0.079686,0.000000,0.000000,0.000000,9840
3.124491,0.000000,0.000000,0.079686,0.000000,0.000000,0.000000,9850
3.124491,0.000000,0.000000,0.079686,0.000000,0.000000,0.000000,9860
3.124491,0.000000,0.000000,0.079686,0.000000,0.000000,0.000000,9870
3.124491,0.000000,0.000000,0.079686,0.000000,0.000000,0.000000,9880
3.124491,0.000000,0.000000,0.079686,0.000000,0.000000,0.000000,9890
3.124491,0.000000,0.000000,0.079686,0.000000,0.000000,0.000000,9900
3.124491,0.000000,0.000000,0.079686,0.000000,0.000000,0.000000,9910
3.124491,0.000000,0.000000,0.079686,0.000000,0.000000,0.000000,9920
3.124491,0.000000,0.000000,0.079686,0.000000,0.000000,0.000000,9930
3.124491,0.000000,0.000000,0.079686,0.000000,0.000000,0.000000,9940
3.124491,0.000000,0.000000,0.079686,0.000000,0.000000,0.000000,9950
3.124491,0.000000,0.000000,0.079686,0.000000,0.000000,0.000000,9960
3.124491,0.000000,0.000000,0.079686,0.000000,0.000000,0.000000,9970
3.124491,0.000000,0.000000,0.079686,0.000000,0.000000,0.000000,9980
3.124491,0.000000,0.000000,0.079686,0.000000,0.000000,0.000000,9990
3.124491,0.000000,0.000000,0.079686,0.000000,0.000000,0.000000,10000
3.124491,0.000000,0.000000,0.079686,0.000000,0.000000,0.000000,10010
3.124491,0.000000,0.000000,0.079686,0.000000,0.000000,0.000000,10020
3.124491,0.000000,0.000000,0.079686,0.000000,0.000000,0.000000,10030
3.124491,0.000000,0.000000,0.079686,0.000000,0.000000,0.000000,10040
3.124491,0.000000,0.000000,0.079686,0.000000,0.000000,0.000000,10050
3.124491,0.000000,0.000000,0.079686,0.000000,0.000000,0.000000,10060
3.124491,0.000000,0.000000,0.079686,0.000000,0.000000,0.000000,10070
3.124491,0.000000,0.000000,0.079686,0.000000,0.000000,0.000000,10080
3.124491,0.000000,0.000000,0.079686,0.000000,0.000000,0.000000,10090
3.124491,0.000000,0.000000,0.079686,0.000000,0.000000,0.000000,10100
3.124491,0.000000,0.000000,0.079686,0.000000,0.000000,0.000000,10110
3.124491,0.000000,0.000000,0.079686,0.000000,0.000000,0.000000,10120
3.124491,0.000000,0.000000,0.079686,0.000000,0.000000,0.000000,10130
3.124491,0.000000,0.000000,0.079686,0.000000,0.000000,0.000000,10140
3.124491,0.000000,0.000000,0.079686,0.000000,0.000000,0.000000,10150
3.124491,0.000000,0.000000,0.079686,0.000000,0.000000,0.000000,10160
3.124491,0.000000,0.000000,0.079686,0.000000,0.000000,0.000000,10170
3.124491,0.000000,0.000000,0.079686,0.000000,0.000000,0.000000,10180
3.124491,0.000000,0.000000,0.079686,0.000000,0.000000,0.000000,10190
3.124491,0.000000,0.000000,0.079686,0.000000,0.000000,0.000000,10200
3.124491,0.000000,0.000000,0.079686,0.000000,0.000000,0.000000,10210
3.124491,0.000000,0.000000,0.079686,0.000000,0.000000,0.000000,10220
3.124491,0.000000,0.000000,0.079686,0.000000,0.000000,0.000000,10230
3.124491,0.000000,0.000000,0.079686,0.000000,0.000000,0.000000,10240
3.124491,0.000000,0.000000,0.079686,0.000000,0.000000,0.000000,10250
3.124491,0.000000,0.000000,0.079686,0.000000,0.000000,0.000000,10260
3.124491,0.000000,0.000000,0.079686,0.000000,0.000000,0.000000,10270
3.124491,0.000000,0.000000,0.079686,0.000000,0.000000,0.000000,10280
3.124491,0.000000,0.000000,0.079686,0.000000,0.000000,0.000000,10290
3.124491,0.000000,0.000000,0.079686,0.000000,0.000000,0.000000,10300
3.124491,0.000000,0.000000,0.079686,0.000000,0.000000,0.000000,10310
3.124491,0.000000,0.000000,0.079686,0.000000,0.000000,0.000000,10320
3.124491,0.000000,0.000000,0.079686,0.000000,0.000000,0.000000,10330
3.124491,0.000000,0.000000,0.079686,0.000000,0.000000,0.000000,10340
3.124491,0.000000,0.000000,0.079686,0.000000,0.000000,0.000000,10350
3.124491,0.000000,0.000000,0.079686,0.000000,0.000000,0.000000,10360
3.124491,0.000000,0.000000,0.079686,0.000000,0.000000,0.000000,10370
3.124491,0.000000,0.000000,0.079686,0.000000,0.000000,0.000000,10380
3.124491,0.000000,0.000000,0.079686,0.000000,0.000000,0.000000,10390
3.124491,0.000000,0.000000,0.079686,0.000000,0.000000,0.000000,10400
3.124491,0.000000,0.000000,0.079686,0.000000,0.000000,0.000000,10410
3.124491,0.000000,0.000000,0.079686,0.000000,0.000000,0.000000,10420
3.124491,0.000000,0.000000,0.079686,0.000000,0.000000,0.000000,10430
3.124491,0.000000,0.000000,0.079686,0.000000,0.000000,0.000000,10440
3.124491,0.000000,0.000000,0.079686,0.000000,0.000000,0.000000,10450
3.124491,0.000000,0.000000,0.079686,0.000000,0.000000,0.000000,10460
3.124491,0.000000,0.000000,0.079686,0.000000,0.000000,0.000000,10470
3.124491,0.000000,0.000000,0.079686,0.000000,0.000000,0.000000,10480
3.124491,0.000000,0.000000,0.079686,0.000000,0.000000,0.000000,10490
3.124491,0.000000,0.000000,0.079686,0.000000,0.000000,0.000000,10500
3.124491,0.000000,0.000000,0.079686,0.000000,0.000000,0.000000,10510
3.124491,0.000000,0.000000,0.079686,0.000000,0.000000,0.000000,10520
3.124491,0.000000,0.000000,0.079686,0.000000,0.000000,0.000000,10530
3.124491,0.000000,0.000000,0.079686,0.000000,0.000000,0.000000,10540
3.124491,0.000000,0.000000,0.079686,0.000000,0.000000,0.000000,10550
3.124491,0.000000,0.000000,0.079686,0.000000,0.000000,0.000000,10560
3.124491,0.000000,0.000000,0.079686,0.000000,0.000000,0.000000,10570
3.124491,0.000000,0.000000,0.079686,0.000000,0.000000,0.000000,10580
3.124491,0.000000,0.000000,0.079686,0.000000,0.000000,0.000000,10590
3.124491,0.000000,0.000000,0.079686,0.000000,0.000000,0.000000,10600
3.124491,0.000000,0.000000,0.079686,0.000000,0.000000,0.000000,10610
3.124491,0.000000,0.000000,0.079686,0.000000,0.000000,0.000000,10620
3.124491,0.000000,0.000000,0.079686,0.000000,0.000000,0.000000,10630
3.124491,0.000000,0.000000,0.079686,0.000000,0.000000,0.000000,10640
3.124491,0.000000,0.000000,0.079686,0.000000,0.000000,0.000000,10650
3.124491,0.000000,0.000000,0.079686,0.000000,0.000000,0.000000,10660
3.124491,0.000000,0.000000,0.079686,0.000000,0.000000,0.000000,10670
3.124491,0.000000,0.000000,0.079686,0.000000,0.000000,0.000000,10680
3.124491,0.000000,0.000000,0.079686,0.000000,0.000000,0.000000,10690
3.124491,0.000000,0.000000,0.079686,0.000000,0.000000,0.000000,10700
3.124491,0.000000,0.000000,0.079686,0.000000,0.000000,0.000000,10710
3.124491,0.000000,0.000000,0.079686,0.000000,0.000000,0.000000,10720
3.124491,0.000000,0.000000,0.079686,0.000000,0.000000,0.000000,10730
3.124491,0.000000,0.000000,0.079686,0.000000,0.000000,0.000000,10740
3.124491,0.000000,0.000000,0.079686,0.000000,0.000000,0.000000,10750
3.124491,0.000000,0.000000,0.079686,0.000000,0.000000,0.000000,10760
3.124491,0.000000,0.000000,0.079686,0.000000,0.000000,0.000000,10770
3.124491,0.000000,0.000000,0.079686,0.000000,0.000000,0.000000,10780
3.124491,0.000000,0.000000,0.079686,0.000000,0.000000,0.000000,10790
3.124491,0.000000,0.000000,0.079686,0.000000,0.000000,0.000000,10800
3.124491,0.000000,0.000000,0.079686,0.000000,0.000000,0.000000,10810
3.124491,0.000000,0.000000,0.079686,0.000000,0.000000,0.000000,10820
3.124491,0.000000,0.000000,0.079686,0.000000,0.000000,0.000000,10830
3.124491,0.000000,0.000000,0.079686,0.000000,0.000000,0.000000,10840
3.124491,0.000000,0.000000,0.079686,0.000000,0.000000,0.000000,10850
3.124491,0.000000,0.000000,0.079686,0.000000,0.000000,0.000000,10860
3.124491,0.000000,0.000000,0.079686,0.000000,0.000000,0.000000,10870
3.124491,0.000000,0.000000,0.079686,0.000000,0.000000,0.000000,10880
3.124491,0.000000,0.000000,0.079686,0.000000,0.000000,0.000000,10890
3.124491,0.000000,0.000000,0.079686,0.000000,0.000000,0.000000,10900
3.124491,0.000000,0.000000,0.079686,0.000000,0.000000,0.000000,10910
3.124491,0.000000,0.000000,0.079686,0.000000,0.000000,0.000000,10920
3.124491,0.000000,0.000000,0.079686,0.000000,0.000000,0.000000,10930
3.124491,0.000000,0.000000,0.079686,0.000000,0.000000,0.000000,10940
3.124491,0.000000,0.000000,0.079686,0.000000,0.000000,0.000000,10950
3.124491,0.000000,0.000000,0.079686,0.000000,0.000000,0.000000,10960
3.124491,0.000000,0.000000,0.079686,0.000000,0.000000,0.000000,10970
3.124491,0.000000,0.000000,0.079686,0.000000,0.000000,0.000000,10980
3.124491,0.000000,0.000000,0.079686,0.000000,0.000000,0.000000,10990
3.124491,0.000000,0.000000,0.079686,0.000000,0.000000,0.000000,11000
3.124491,0.000000,0.000000,0.079686,0.000000,0.000000,0.000000,11010
3.124491,0.000000,0.000000,0.079686,0.000000,0.000000,0.000000,11020
3.124491,0.000000,0.000000,0.079686,0.000000,0.000000,0.000000,11030
3.124491,0.000000,0.000000,0.079686,0.000000,0.000000,0.000000,11040
3.124491,0.000000,0.000000,0.079686,0.000000,0.000000,0.000000,11050
3.124491,0.000000,0.000000,0.079686,0.000000,0.000000,0.000000,11060
3.124491,0.000000,0.000000,0.079686,0.000000,0.000000,0.000000,11070
3.124491,0.000000,0.000000,0.079686,0.000000,0.000000,0.000000,11080
3.124491,0.000000,0.000000,0.079686,0.000000,0.000000,0.000000,11090
3.124491,0.000000,0.000000,0.079686,0.000000,0.000000,0.000000,11100
3.124491,0.000000,0.000000,0.079686,0.000000,0.000000,0.000000,11110
3.124491,0.000000,0.000000,0.079686,0.000000,0.000000,0.000000,11120
3.124491,0.000000,0.000000,0.079686,0.000000,0.000000,0.000000,11130
3.124491,0.000000,0.000000,0.079686,0.000000,0.000000,0.000000,11140
3.124491,0.000000,0.000000,0.079686,0.000000,0.000000,0.000000,11150
3.124491,0.000000,0.000000,0.079686,0.000000,0.000000,0.000000,11160
3.124491,0.000000,0.000000,0.079686,0.000000,0.000000,0.000000,11170
3.124491,0.000000,0.000000,0.079686,0.000000,0.000000,0.000000,11180
3.124491,0.000000,0.000000,0.079686,0.000000,0.000000,0.000000,11190
3.124491,0.000000,0.000000,0.079686,0.000000,0.000000,0.000000,11200
3.124491,0.000000,0.000000,0.079686,0.000000,0.000000,0.000000,11210
3.124491,0.000000,0.000000,0.079686,0.000000,0.000000,0.000000,11220
3.124491,0.000000,0.000000,0.079686,0.000000,0.000000,0.000000,11230
3.124491,0.000000,0.000000,0.079686,0.000000,0.000000,0.000000,11240
3.124491,0.000000,0.000000,0.079686,0.000000,0.000000,0.000000,11250
3.124491,0.000000,0.000000,0.079686,0.000000,0.000000,0.000000,11260
3.124491,0.000000,0.000000,0.079686,0.000000,0.000000,0.000000,11270
3.124491,0.000000,0.000000,0.079686,0.000000,0.000000,0.000000,11280
3.124491,0.000000,0.000000,0.079686,0.000000,0.000000,0.000000,11290
3.124491,0.000000,0.000000,0.079686,0.000000,0.000000,0.000000,11300
3.124491,0.000000,0.000000,0.079686,0.000000,0.000000,0.000000,11310
3.124491,0.000000,0.000000,0.079686,0.000000,0.000000,0.000000,11320
3.124491,0.000000,0.000000,0.079686,0.000000,0.000000,0.000000,11330
3.124491,0.000000,0.000000,0.079686,0.000000,0.000000,0.000000,11340
3.124491,0.000000,0.000000,0.079686,0.000000,0.000000,0.000000,11350
3.124491,0.000000,0.000000,0.079686,0.000000,0.000000,0.000000,11360
3.124491,0.000000,0.000000,0.079686,0.000000,0.000000,0.000000,11370
3.124491,0.000000,0.000000,0.079686,0.000000,0.000000,0.000000,11380
3.124491,0.000000,0.000000,0.079686,0.000000,0.000000,0.000000,11390
3.124491,0.000000,0.000000,0.079686,0.000000,0.000000,0.000000,11400
3.124491,0.000000,0.000000,0.079686,0.000000,0.000000,0.000000,11410
3.124491,0.000000,0.000000,0.079686,0.000000,0.000000,0.000000,11420
3.124491,0.000000,0.000000,0.079686,0.000000,0.000000,0.000000,11430
3.124491,0.000000,0.000000,0.079686,0.000000,0.000000,0.000000,11440
3.124491,0.000000,0.000000,0.079686,0.000000,0.000000,0.000000,11450
3.124491,0.000000,0.000000,0.079686,0.000000,0.000000,0.000000,11460
3.124491,0.000000,0.000000,0.079686,0.000000,0.000000,0.000000,11470
3.124491,0.000000,0.000000,0.079686,0.000000,0.000000,0.000000,11480
3.124491,0.000000,0.000000,0.079686,0.000000,0.000000,0.000000,11490
3.124491,0.000000,0.000000,0.079686,0.000000,0.000000,0.000000,11500
3.124491,0.000000,0.000000,0.079686,0.000000,0.000000,0.000000,11510
3.124491,0.000000,0.000000,0.079686,0.000000,0.000000,0.000000,11520
3.124491,0.000000,0.000000,0.079686,0.000000,0.000000,0.000000,11530
3.124491,0.000000,0.000000,0.079686,0.000000,0.000000,0.000000,11540
3.124491,0.000000,0.000000,0.079686,0.000000,0.000000,0.000000,11550
3.124491,0.000000,0.000000,0.079686,0.000000,0.000000,0.000000,11560
3.124491,0.000000,0.000000,0.079686,0.000000,0.000000,0.000000,11570
3.124491,0.000000,0.000000,0.079686,0.000000,0.000000,0.000000,11580
3.124491,0.000000,0.000000,0.079686,0.000000,0.000000,0.000000,11590
3.124491,0.000000,0.000000,0.079686,0.000000,0.000000,0.000000,11600
3.124491,0.000000,0.000000,0.079686,0.000000,0.000000,0.000000,11610
3.124491,0.000000,0.000000,0.079686,0.000000,0.000000,0.000000,11620
3.124491,0.000000,0.000000,0.079686,0.000000,0.000000,0.000000,11630
3.124491,0.000000,0.000000,0.079686,0.000000,0.000000,0.000000,11640
3.124491,0.000000,0.000000,0.079686,0.000000,0.000000,0.000000,11650
3.124491,0.000000,0.000000,0.079686,0.000000,0.000000,0.000000,11660
3.124491,0.000000,0.000000,0.079686,0.000000,0.000000,0.000000,11670
3.124491,0.000000,0.000000,0.079686,0.000000,0.000000,0.000000,11680
3.124491,0.000000,0.000000,0.079686,0.000000,0.000000,0.000000,11690
3.124491,0.000000,0.000000,0.079686,0.000000,0.000000,0.000000,11700
3.124491,0.000000,0.000000,0.079686,0.000000,0.000000,0.000000,11710
3.124491,0.000000,0.000000,0.079686,0.000000,0.000000,0.000000,11720
3.124491,0.000000,0.000000,0.079686,0.000000,0.000000,0.000000,11730
3.124491,0.000000,0.000000,0.079686,0.000000,0.000000,0.000000,11740
3.124491,0.000000,0.000000,0.079686,0.000000,0.000000,0.000000,11750
3.124491,0.000000,0.000000,0.079686,0.000000,0.000000,0.000000,11760
3.124491,0.000000,0.000000,0.079686,0.000000,0.000000,0.000000,11770
3.124491,0.000000,0.000000,0.079686,0.000000,0.000000,0.000000,11780
3.124491,0.000000,0.000000,0.079686,0.000000,0.000000,0.000000,11790
3.124491,0.000000,0.000000,0.079686,0.000000,0.000000,0.000000,11800
3.124491,0.000000,0.000000,0.079686,0.000000,0.000000,0.000000,11810
3.124491,0.000000,0.000000,0.079686,0.000000,0.000000,0.000000,11820
3.124491,0.000000,0.000000,0.079686,0.000000,0.000000,0.000000,11830
3.124491,0.000000,0.000000,0.079686,0.000000,0.000000,0.000000,11840
3.124491,0.000000,0.000000,0.079686,0.000000,0.000000,0.000000,11850
3.124491,0.000000,0.000000,0.079686,0.000000,0.000000,0.000000,11860
3.124491,0.000000,0.000000,0.079686,0.000000,0.000000,0.000000,11870
3.124491,0.000000,0.000000,0.079686,0.000000,0.000000,0.000000,11880
3.124491,0.000000,0.000000,0.079686,0.000000,0.000000,0.000000,11890
3.124491,0.000000,0.000000,0.079686,0.000000,0.000000,0.000000,11900
3.124491,0.000000,0.000000,0.079686,0.000000,0.000000,0.000000,11910
3.124491,0.000000,0.000000,0.079686,0.000000,0.000000,0.000000,11920
3.124491,0.000000,0.000000,0.079686,0.000000,0.000000,0.000000,11930
3.124491,0.000000,0.000000,0.079686,0.000000,0.000000,0.000000,11940
3.124491,0.000000,0.000000,0.079686,0.000000,0.000000,0.000000,11950
3.124491,0.000000,0.000000,0.079686,0.000000,0.000000,0.000000,11960
3.124491,0.000000,0.000000,0.079686,0.000000,0.000000,0.000000,11970
3.124491,0.000000,0.000000,0.079686,0.000000,0.000000,0.000000,11980
3.124491,0.000000,0.000000,0.079686,0.000000,0.000000,0.000000,11990
3.124491,0.000000,0.000000,0.079686,0.000000,0.000000,0.000000,12000
3.124491,0.000000,0.000000,0.079686,0.000000,0.000000,0.000000,12010
3.124491,0.000000,0.000000,0.079686,0.000000,0.000000,0.000000,12020
3.124491,0.000000,0.000000,0.079686,0.000000,0.000000,0.000000,12030
3.124491,0.000000,0.000000,0.079686,0.000000,0.000000,0.000000,12040
3.124491,0.000000,0.000000,0.079686,0.000000,0.000000,0.000000,12050
3.124491,0.000000,0.000000,0.079686,0.000000,0.000000,0.000000,12060
3.124491,0.000000,0.000000,0.079686,0.000000,0.000000,0.000000,12070
3.124491,0.000000,0.000000,0.079686,0.000000,0.000000,0.000000,12080
3.124491,0.000000,0.000000,0.079686,0.000000,0.000000,0.000000,12090
3.124491,0.000000,0.000000,0.079686,0.000000,0.000000,0.000000,12100
3.124491,0.000000,0.000000,0.079686,0.000000,0.000000,0.000000,12110
3.124491,0.000000,0.000000,0.079686,0.000000,0.000000,0.000000,12120
3.124491,0.000000,0.000000,0.079686,0.000000,0.000000,0.000000,12130
3.124491,0.000000,0.000000,0.079686,0.000000,0.000000,0.000000,12140
3.124491,0.000000,0.000000,0.079686,0.000000,0.000000,0.000000,12150
3.124491,0.000000,0.000000,0.079686,0.000000,0.000000,0.000000,12160
3.124491,0.000000,0.000000,0.079686,0.000000,0.000000,0.000000,12170
3.124491,0.000000,0.000000,0.079686,0.000000,0.000000,0.000000,12180
3.124491,0.000000,0.000000,0.079686,0.000000,0.000000,0.000000,12190
3.124491,0.000000,0.000000,0.079686,0.000000,0.000000,0.000000,12200
3.124491,0.000000,0.000000,0.079686,0.000000,0.000000,0.000000,12210
3.124491,0.000000,0.000000,0.079686,0.000000,0.000000,0.000000,12220
3.124491,0.000000,0.000000,0.079686,0.000000,0.000000,0.000000,12230
3.124491,0.000000,0.000000,0.079686,0.000000,0.000000,0.000000,12240
3.124491,0.000000,0.000000,0.079686,0.000000,0.000000,0.000000,12250
3.124491,0.000000,0.000000,0.079686,0.000000,0.000000,0.000000,12260
3.124491,0.000000,0.000000,0.079686,0.000000,0.000000,0.000000,12270
3.124491,0.000000,0.000000,0.079686,0.000000,0.000000,0.000000,12280
3.124491,0.000000,0.000000,0.079686,0.000000,0.000000,0.000000,12290
3.124491,0.000000,0.000000,0.079686,0.000000,0.000000,0.000000,12300
3.124491,0.000000,0.000000,0.079686,0.000000,0.000000,0.000000,12310
3.124491,0.000000,0.000000,0.079686,0.000000,0.000000,0.000000,12320
3.124491,0.000000,0.000000,0.079686,0.000000,0.000000,0.000000,12330
3.124491,0.000000,0.000000,0.079686,0.000000,0.000000,0.000000,12340
3.124491,0.000000,0.000000,0.079686,0.000000,0.000000,0.000000,12350
3.124491,0.000000,0.000000,0.079686,0.000000,0.000000,0.000000,12360
3.124491,0.000000,0.000000,0.079686,0.000000,0.000000,0.000000,12370
3.124491,0.000000,0.000000,0.079686,0.000000,0.000000,0.000000,12380
3.124491,0.000000,0.000000,0.079686,0.000000,0.000000,0.000000,12390
3.124491,0.000000,0.000000,0.079686,0.000000,0.000000,0.000000,12400
3.124491,0.000000,0.000000,0.079686,0.000000,0.000000,0.000000,12410
3.124491,0.000000,0.000000,0.079686,0.000000,0.000000,0.000000,12420
3.124491,0.000000,0.000000,0.079686,0.000000,0.000000,0.000000,12430
3.124491,0.000000,0.000000,0.079686,0.000000,0.000000,0.000000,12440
3.124491,0.000000,0.000000,0.079686,0.000000,0.000000,0.000000,12450
3.124491,0.000000,0.000000,0.079686,0.000000,0.000000,0.000000,12460
3.124491,0.000000,0.000000,0.079686,0.000000,0.000000,0.000000,12470
3.124491,0.000000,0.000000,0.079686,0.000000,0.000000,0.000000,12480
3.124491,0.000000,0.000000,0.079686,0.000000,0.000000,0.000000,12490
3.124491,0.000000,0.000000,0.079686,0.000000,0.000000,0.000000,12500
3.124491,0.000000,0.000000,0.079686,0.000000,0.000000,0.000000,12510
3.124491,0.000000,0.000000,0.079686,0.000000,0.000000,0.000000,12520
3.124491,0.000000,0.000000,0.079686,0.000000,0.000000,0.000000,12530
3.124491,0.000000,0.000000,0.079686,0.000000,0.000000,0.000000,12540
3.124491,0.000000,0.000000,0.079686,0.000000,0.000000,0.000000,12550
3.124491,0.000000,0.000000,0.079686,0.000000,0.000000,0.000000,12560
3.124491,0.000000,0.000000,0.079686,0.000000,0.000000,0.000000,12570
3.124491,0.000000,0.000000,0.079686,0.000000,0.000000,0.000000,12580
3.124491,0.000000,0.000000,0.079686,0.000000,0.000000,0.000000,12590
3.124491,0.000000,0.000000,0.079686,0.000000,0.000000,0.000000,12600
3.124491,0.000000,0.000000,0.079686,0.000000,0.000000,0.000000,12610
3.124491,0.000000,0.000000,0.079686,0.000000,0.000000,0.000000,12620
3.124491,0.000000,0.000000,0.079686,0.000000,0.000000,0.000000,12630
3.124491,0.000000,0.000000,0.079686,0.000000,0.000000,0.000000,12640
3.124491,0.000000,0.000000,0.079686,0.000000,0.000000,0.000000,12650
3.124491,0.000000,0.000000,0.079686,0.000000,0.000000,0.000000,12660
3.124491,0.000000,0.000000,0.079686,0.000000,0.000000,0.000000,12670
3.124491,0.000000,0.000000,0.079686,0.000000,0.000000,0.000000,12680
3.124491,0.000000,0.000000,0.079686,0.000000,0.000000,0.000000,12690
3.124491,0.000000,0.000000,0.079686,0.000000,0.000000,0.000000,12700
3.124491,0.000000,0.000000,0.079686,0.000000,0.000000,0.000000,12710
3.124491,0.000000,0.000000,0.079686,0.000000,0.000000,0.000000,12720
3.124491,0.000000,0.000000,0.079686,0.000000,0.000000,0.000000,12730
3.124491,0.000000,0.000000,0.079686,0.000000,0.000000,0.000000,12740
3.124491,0.000000,0.000000,0.079686,0.000000,0.000000,0.000000,12750
3.124491,0.000000,0.000000,0.079686,0.000000,0.000000,0.000000,12760
3.124491,0.000000,0.000000,0.079686,0.000000,0.000000,0.000000,12770
3.124491,0.000000,0.000000,0.079686,0.000000,0.000000,0.000000,12780
3.124491,0.000000,0.000000,0.079686,0.000000,0.000000,0.000000,12790
3.124491,0.000000,0.000000,0.079686,0.000000,0.000000,0.000000,12800
3.124491,0.000000,0.000000,0.079686,0.000000,0.000000,0.000000,12810
3.124491,0.000000,0.000000,0.079686,0.000000,0.000000,0.000000,12820
3.124491,0.000000,0.000000,0.079686,0.000000,0.000000,0.000000,12830
3.124491,0.000000,0.000000,0.079686,0.000000,0.000000,0.000000,12840
3.124491,0.000000,0.000000,0.079686,0.000000,0.000000,0.000000,12850
3.124491,0.000000,0.000000,0.079686,0.000000,0.000000,0.000000,12860
3.124491,0.000000,0.000000,0.079686,0.000000,0.000000,0.000000,12870
3.124491,0.000000,0.000000,0.079686,0.000000,0.000000,0.000000,12880
3.124491,0.000000,0.000000,0.079686,0.000000,0.000000,0.000000,12890
3.124491,0.000000,0.000000,0.079686,0.000000,0.000000,0.000000,12900
3.124491,0.000000,0.000000,0.079686,0.000000,0.000000,0.000000,12910
3.124491,0.000000,0.000000,0.079686,0.000000,0.000000,0.000000,12920
3.124491,0.000000,0.000000,0.079686,0.000000,0.000000,0.000000,12930
3.124491,0.000000,0.000000,0.079686,0.000000,0.000000,0.000000,12940
3.124491,0.000000,0.000000,0.079686,0.000000,0.000000,0.000000,12950
3.124491,0.000000,0.000000,0.079686,0.000000,0.000000,0.000000,12960
3.124491,0.000000,0.000000,0.079686,0.000000,0.000000,0.000000,12970
3.124491,0.000000,0.000000,0.079686,0.000000,0.000000,0.000000,12980
3.124491,0.000000,0.000000,0.079686,0.000000,0.000000,0.000000,12990
3.124491,0.000000,0.000000,0.079686,0.000000,0.000000,0.000000,13000
3.124491,0.000000,0.000000,0.079686,0.000000,0.000000,0.000000,13010
3.124491,0.000000,0.000000,0.079686,0.000000,0.000000,0.000000,13020
3.124491,0.000000,0.000000,0.079686,0.000000,0.000000,0.000000,13030
3.124491,0.000000,0.000000,0.079686,0.000000,0.000000,0.000000,13040
3.124491,0.000000,0.000000,0.079686,0.000000,0.000000,0.000000,13050
3.124491,0.000000,0.000000,0.079686,0.000000,0.000000,0.000000,13060
3.124491,0.000000,0.000000,0.079686,0.000000,0.000000,0.000000,13070
3.124491,0.000000,0.000000,0.079686,0.000000,0.000000,0.000000,13080
3.124491,0.000000,0.000000,0.079686,0.000000,0.000000,0.000000,13090
3.124491,0.000000,0.000000,0.079686,0.000000,0.000000,0.000000,13100
3.124491,0.000000,0.000000,0.079686,0.000000,0.000000,0.000000,13110
3.124491,0.000000,0.000000,0.079686,0.000000,0.000000,0.000000,13120
3.124491,0.000000,0.000000,0.079686,0.000000,0.000000,0.000000,13130
3.124491,0.000000,0.000000,0.079686,0.000000,0.000000,0.000000,13140
3.124491,0.000000,0.000000,0.079686,0.000000,0.000000,0.000000,13150
3.124491,0.000000,0.000000,0.079686,0.000000,0.000000,0.000000,13160
3.124491,0.000000,0.000000,0.079686,0.000000,0.000000,0.000000,13170
3.124491,0.000000,0.000000,0.079686,0.000000,0.000000,0.000000,13180
3.124491,0.000000,0.000000,0.079686,0.000000,0.000000,0.000000,13190
3.124491,0.000000,0.000000,0.079686,0.000000,0.000000,0.000000,13200
3.124491,0.000000,0.000000,0.079686,0.000000,0.000000,0.000000,13210
3.124491,0.000000,0.000000,0.079686,0.000000,0.000000,0.000000,13220
3.124491,0.000000,0.000000,0.079686,0.000000,0.000000,0.000000,13230
3.124491,0.000000,0.000000,0.079686,0.000000,0.000000,0.000000,13240
3.124491,0.000000,0.000000,0.079686,0.000000,0.000000,0.000000,13250
3.124491,0.000000,0.000000,0.079686,0.000000,0.000000,0.000000,13260
3.124491,0.000000,0.000000,0.079686,0.000000,0.000000,0.000000,13270
3.124491,0.000000,0.000000,0.079686,0.000000,0.000000,0.000000,13280
3.124491,0.000000,0.000000,0.079686,0.000000,0.000000,0.000000,13290
3.124491,0.000000,0.000000,0.079686,0.000000,0.000000,0.000000,13300
3.124491,0.000000,0.000000,0.079686,0.000000,0.000000,0.000000,13310
3.124491,0.000000,0.000000,0.079686,0.000000,0.000000,0.000000,13320
3.124491,0.000000,0.000000,0.079686,0.000000,0.000000,0.000000,13330
3.124491,0.000000,0.000000,0.079686,0.000000,0.000000,0.000000,13340
3.124491,0.000000,0.000000,0.079686,0.000000,0.000000,0.000000,13350
3.124491,0.000000,0.000000,0.079686,0.000000,0.000000,0.000000,13360
3.124491,0.000000,0.000000,0.079686,0.000000,0.000000,0.000000,13370
3.124491,0.000000,0.000000,0.079686,0.000000,0.000000,0.000000,13380
3.124491,0.000000,0.000000,0.079686,0.000000,0.000000,0.000000,13390
3.124491,0.000000,0.000000,0.079686,0.000000,0.000000,0.000000,13400
3.124491,0.000000,0.000000,0.079686,0.000000,0.000000,0.000000,13410
3.124491,0.000000,0.000000,0.079686,0.000000,0.000000,0.000000,13420
3.124491,0.000000,0.000000,0.079686,0.000000,0.000000,0.000000,13430
3.124491,0.000000,0.000000,0.079686,0.000000,0.000000,0.000000,13440
3.124491,0.000000,0.000000,0.079686,0.000000,0.000000,0.000000,13450
3.124491,0.000000,0.000000,0.079686,0.000000,0.000000,0.000000,13460
3.124491,0.000000,0.000000,0.079686,0.000000,0.000000,0.000000,13470
3.124491,0.000000,0.000000,0.079686,0.000000,0.000000,0.000000,13480
3.124491,0.000000,0.000000,0.079686,0.000000,0.000000,0.000000,13490
3.124491,0.000000,0.000000,0.079686,0.000000,0.000000,0.000000,13500
3.124491,0.000000,0.000000,0.079686,0.000000,0.000000,0.040000,13510
3.124491,0.000000,0.000000,0.079686,0.000000,0.000000,0.090000,13520
3.124491,0.000000,0.000000,0.079686,0.000000,0.000000,0.140000,13530
3.124491,0.000000,0.000000,0.079686,0.000000,0.000000,0.190000,13540
3.124491,0.000000,0.000000,0.079686,0.000000,0.000000,0.240000,13550
3.124491,0.000000,0.000000,0.079686,0.000000,0.000000,0.290000,13560
3.124491,0.000000,0.000000,0.079686,0.000000,0.000000,0.340000,13570
3.124491,0.000000,0.000000,0.079686,0.000000,0.000000,0.390000,13580
3.124491,0.000000,0.000000,0.079686,0.000000,0.000000,0.440000,13590
3.124491,0.000000,0.000000,0.079686,0.000000,0.000000,0.490000,13600
3.124491,0.000000,0.000000,0.079686,0.000000,0.000000,0.540000,13610
3.124491,0.000000,0.000000,0.079686,0.000000,0.000000,0.590000,13620
3.124491,0.000000,0.000000,0.086930,0.724414,0.181103,0.640000,13630
3.124491,0.000000,0.000000,0.086930,0.000000,0.135828,0.690000,13640
3.124491,0.000000,0.000000,0.101418,1.448829,0.464078,0.740000,13650
3.126025,0.000000,0.076699,0.123150,2.173243,0.891369,0.790000,13660
3.127559,0.000000,0.115049,0.152127,2.897658,1.392941,0.840000,13670
3.127559,0.000000,0.057524,0.181104,2.897656,1.769120,0.890000,13680
3.129093,0.000000,0.105461,0.217324,3.622073,2.232358,0.940000,13690
3.130627,0.000000,0.129430,0.253545,3.622072,2.579787,0.990000,13700
3.132161,0.000000,0.141414,0.297010,4.346484,3.021461,1.040000,13710
3.133695,0.000000,0.147406,0.340475,4.346487,3.352717,1.090000,13720
3.135229,0.000000,0.150402,0.391184,5.070901,3.782263,1.140000,13730
3.136763,0.000000,0.151900,0.441893,5.070901,4.104423,1.190000,13740
3.138297,0.000000,0.152649,0.492602,5.070898,4.346042,1.240000,13750
3.139831,0.000000,0.153024,0.550555,5.795315,4.708360,1.290000,13760
3.141365,0.000000,0.153211,0.608508,5.795318,4.980099,1.340000,13770
3.142899,0.000000,0.153305,0.673705,6.519729,5.365006,1.390000,13780
3.144433,0.000000,0.153352,0.738903,6.519729,5.653687,1.440000,13790
3.145967,0.000000,0.153375,0.811344,7.244140,6.051301,1.490000,13800
3.147501,0.000000,0.153387,0.883785,7.244146,6.349513,1.540000,13810
3.149035,0.000000,0.153393,0.963471,7.968557,6.754274,1.590000,13820
3.150568,0.000000,0.153396,1.035913,7.244146,6.876742,1.640000,13830
3.152102,0.000000,0.153397,1.122842,8.692968,7.330799,1.690000,13840
3.153636,0.000000,0.153398,1.209772,8.692968,7.671341,1.740000,13850
3.155170,0.000000,0.153398,1.296702,8.692980,7.926751,1.790000,13860
3.156704,0.000000,0.153398,1.390875,9.417379,8.299408,1.840000,13870
3.156704,0.000000,0.076699,1.485049,9.417391,8.578903,1.890000,13880
3.158238,0.000000,0.115049,1.586467,10.141802,8.969627,1.940000,13890
3.159772,0.000000,0.134224,1.687885,10.141802,9.262671,1.990000,13900
3.161306,0.000000,0.143811,1.796548,10.866213,9.663556,2.040000,13910
3.162840,0.000000,0.148593,1.905210,10.866213,9.964220,2.090000,13920
3.164374,0.000000,0.150996,2.013872,10.866224,10.189721,2.140000,13930
3.164374,0.000000,0.075498,2.137022,12.315035,10.721050,2.190000,13940
3.165908,0.000000,0.114448,2.252928,11.590624,10.938444,2.240000,13950
3.165908,0.000000,0.057224,2.376079,12.315035,11.282591,2.290000,13960
3.165908,0.000000,0.028612,2.506474,13.039470,11.721810,2.340000,13970
3.167442,0.000000,0.091005,2.636868,13.039446,12.051220,2.390000,13980
3.167442,0.000000,0.045503,2.767263,13.039470,12.298283,2.440000,13990
3.167442,0.000000,0.022751,2.904902,13.763881,12.664682,2.490000,14000
3.167442,0.000000,0.011376,3.042540,13.763857,12.939476,2.540000,14010
3.167442,0.000000,0.005688,3.187423,14.488292,13.326680,2.590000,14020
3.165908,0.000000,-0.073855,3.332306,14.488292,13.617084,2.640000,14030
3.165908,0.000000,-0.036928,3.477189,14.488292,13.834886,2.690000,14040
3.165908,0.000000,-0.018464,3.629316,15.212679,14.179335,2.740000,14050
3.164374,0.000000,-0.085931,3.781443,15.212703,14.437676,2.790000,14060
3.164374,0.000000,-0.042966,3.933570,15.212703,14.631433,2.840000,14070
3.164374,0.000000,-0.021483,4.100185,16.661526,15.138957,2.890000,14080
3.162840,0.000000,-0.087441,4.266800,16.661549,15.519605,2.940000,14090
3.162840,0.000000,-0.043720,4.433415,16.661501,15.805079,2.990000,14100
3.162840,0.000000,-0.021860,4.607275,17.385960,16.200298,3.040000,14110
3.162840,0.000000,-0.010930,4.788379,18.110371,16.677816,3.090000,14120
3.162840,0.000000,-0.005465,4.969482,18.110371,17.035954,3.140000,14130
3.161306,0.000000,-0.079420,5.157830,18.834734,17.485649,3.190000,14140
3.162840,0.000000,0.036977,5.346178,18.834782,17.822933,3.240000,14150
3.162840,0.000000,0.018489,5.541770,19.559193,18.256998,3.290000,14160
3.162840,0.000000,0.009244,5.744606,20.283604,18.763649,3.340000,14170
3.161306,0.000000,-0.072065,5.947442,20.283604,19.143639,3.390000,14180
3.161306,0.000000,-0.036033,6.150278,20.283604,19.428631,3.440000,14190
3.162840,0.000000,0.058671,6.360358,21.008015,19.823477,3.490000,14200
3.162840,0.000000,0.029336,6.570438,21.008015,20.119610,3.540000,14210
3.162840,0.000000,0.014668,6.787762,21.732426,20.522814,3.590000,14220
3.162840,0.000000,0.007334,7.012331,22.456837,21.006321,3.640000,14230
3.162840,0.000000,0.003667,7.236899,22.456837,21.368950,3.690000,14240
3.162840,0.000000,0.001833,7.461467,22.456837,21.640923,3.740000,14250
3.162840,0.000000,0.000917,7.686036,22.456884,21.844913,3.790000,14260
3.162840,0.000000,0.000458,7.925093,23.905659,22.360100,3.840000,14270
3.162840,0.000000,0.000229,8.156905,23.181248,22.565388,3.890000,14280
3.162840,0.000000,0.000115,8.395962,23.905659,22.900455,3.940000,14290
3.162840,0.000000,0.000057,8.635018,23.905659,23.151756,3.990000,14300
3.161306,0.000000,-0.076659,8.881320,24.630165,23.521358,4.040000,14310
3.161306,0.000000,-0.038329,9.134865,25.354481,23.979637,4.090000,14320
3.161306,0.000000,-0.019165,9.381166,24.630070,24.142246,4.140000,14330
3.161306,0.000000,-0.009582,9.641954,26.078892,24.626408,4.190000,14340
3.161306,0.000000,-0.004791,9.902743,26.078892,24.989529,4.240000,14350
3.161306,0.000000,-0.002396,10.170777,26.803398,25.442995,4.290000,14360
3.162840,0.000000,0.075490,10.438810,26.803303,25.783073,4.340000,14370
3.161306,0.000000,-0.038943,10.714087,27.527714,26.219234,4.390000,14380
3.159772,0.000000,-0.096171,10.996610,28.252220,26.727480,4.440000,14390
3.161306,0.000000,0.028614,11.271887,27.527714,26.927540,4.490000,14400
3.164374,0.306773,0.167694,11.554408,28.252125,27.258686,4.540000,14410
3.162840,0.000000,0.007148,11.844174,28.976631,27.688173,4.590000,14420
3.162840,0.000000,0.003574,12.141184,29.700947,28.191368,4.640000,14430
3.162840,0.000000,0.001787,12.430949,28.976536,28.387661,4.690000,14440
3.162840,0.000000,0.000893,12.727960,29.701042,28.716005,4.740000,14450
3.162840,0.000000,0.000447,13.032213,30.425358,29.143345,4.790000,14460
3.162840,0.000000,0.000223,13.329224,29.701042,29.282770,4.840000,14470
3.162840,0.000000,0.000112,13.640721,31.149769,29.749519,4.890000,14480
3.161306,0.000000,-0.076631,13.952220,31.149864,30.099606,4.940000,14490
3.161306,0.000000,-0.038316,14.270962,31.874180,30.543247,4.990000,14500
3.162840,0.000000,0.057529,14.589705,31.874275,30.876005,5.040000,14510
3.162840,0.000000,0.028765,14.915690,32.598591,31.306652,5.090000,14520
3.162840,0.000000,0.014382,15.241677,32.598686,31.629660,5.140000,14530
3.161306,0.000000,-0.069496,15.574908,33.323097,32.053017,5.190000,14540
3.162840,0.000000,0.041939,15.908138,33.323002,32.370514,5.240000,14550
3.162840,0.000000,0.020970,16.241369,33.323097,32.608658,5.290000,14560
3.162840,0.000000,0.010485,16.581844,34.047508,32.968369,5.340000,14570
3.162840,0.000000,0.005242,16.929564,34.771919,33.419258,5.390000,14580
3.162840,0.000000,0.002621,17.270037,34.047318,33.576271,5.440000,14590
3.162840,0.000000,0.001311,17.625000,35.496330,34.056286,5.490000,14600
3.162840,0.000000,0.000655,17.979963,35.496330,34.416298,5.540000,14610
3.161306,0.000000,-0.076360,18.334927,35.496330,34.686306,5.590000,14620
3.159772,0.000000,-0.114879,18.697134,36.220741,35.069916,5.640000,14630
3.161306,0.000000,0.019260,19.059341,36.220741,35.357620,5.690000,14640
3.161306,0.000000,0.009630,19.428791,36.944962,35.754456,5.740000,14650
3.161306,0.000000,0.004815,19.805487,37.669563,36.233231,5.790000,14660
3.161306,0.000000,0.002407,20.182182,37.669563,36.592316,5.840000,14670
3.161306,0.000000,0.001204,20.566122,38.393974,37.042732,5.890000,14680
3.162840,0.000000,0.077289,20.950062,38.393974,37.380543,5.940000,14690
3.162840,0.000000,0.038645,21.348490,39.842796,37.996109,5.990000,14700
3.162840,0.000000,0.019322,21.739674,39.118385,38.276680,6.040000,14710
3.164374,0.000000,0.086360,22.138102,39.842796,38.668209,6.090000,14720
3.164374,0.000000,0.043180,22.536530,39.842796,38.961853,6.140000,14730
3.162840,0.000000,-0.055109,22.942202,40.567207,39.363190,6.190000,14740
3.161306,0.000000,-0.104242,23.347874,40.567207,39.664192,6.240000,14750
3.161306,0.000000,-0.052121,23.753546,40.567207,39.889946,6.290000,14760
3.162840,0.000000,0.050627,24.166462,41.291618,40.240364,6.340000,14770
3.162840,0.000000,0.025313,24.579378,41.291618,40.503178,6.389999,14780
3.161306,0.000000,-0.064031,25.006783,42.740440,41.062492,6.440001,14790
3.161306,0.000000,-0.032015,25.426943,42.016029,41.300877,6.490000,14800
3.162840,0.000000,0.060680,25.854347,42.740440,41.660767,6.540000,14810
3.161306,0.000000,-0.046347,26.260019,40.567207,41.387375,0.000000,14820
3.158238,-0.306797,-0.176572,26.578762,31.874275,39.009102,0.000000,14830
3.147501,-1.073790,-0.625181,26.817818,23.905563,35.233215,0.000000,14840
3.135229,-1.227188,-0.926185,26.998922,18.110466,30.952528,0.000000,14850
3.119889,-1.533985,-1.230085,27.129316,13.039398,26.474245,0.000000,14860
3.103015,-1.687384,-1.458734,27.223490,9.417343,22.210020,0.000000,14870
3.083073,-1.994181,-1.726457,27.288687,6.519699,18.287439,0.000000,14880
3.063132,-1.994157,-1.860307,27.332151,4.346466,14.802197,0.000000,14890
3.044724,-1.840782,-1.850545,27.361128,2.897644,11.826058,0.000000,14900
3.024782,-1.994181,-1.922363,27.375618,1.449013,9.231797,0.000000,14910
3.004840,-1.994181,-1.958272,27.375618,0.000000,6.923848,0.000000,14920
2.986433,-1.840758,-1.899515,27.375618,0.000000,5.192886,0.000000,14930
2.969559,-1.687384,-1.793449,27.375618,0.000000,3.894665,0.000000,14940
2.952685,-1.687384,-1.740417,27.375618,0.000000,2.920999,0.000000,14950
2.938879,-1.380587,-1.560502,27.375618,0.000000,2.190749,0.000000,14960
2.925073,-1.380587,-1.470544,27.375618,0.000000,1.643062,0.000000,14970
2.912801,-1.227188,-1.348866,27.375618,0.000000,1.232296,0.000000,14980
2.903597,-0.920391,-1.134629,27.375618,0.000000,0.924222,0.000000,14990
2.894394,-0.920367,-1.027498,27.375618,0.000000,0.693167,0.000000,15000
2.888258,-0.613594,-0.820546,27.375618,0.000000,0.519875,0.000000,15010
2.882122,-0.613594,-0.717070,27.375618,0.000000,0.389906,0.000000,15020
2.879054,-0.306797,-0.511934,27.375618,0.000000,0.292430,0.000000,15030
2.877520,0.000000,-0.332666,27.375618,0.000000,0.219322,0.000000,15040
2.875986,0.000000,-0.243032,27.375618,0.000000,0.164492,0.000000,15050
2.877520,0.000000,-0.044817,27.375618,0.000000,0.123369,0.000000,15060
2.880588,0.306797,0.130990,27.375618,0.000000,0.092527,0.000000,15070
2.885190,0.460196,0.295593,27.375618,0.000000,0.069395,0.000000,15080
2.891326,0.613594,0.454593,27.375618,0.000000,0.052046,0.000000,15090
2.897462,0.613594,0.534094,27.375618,0.000000,0.039035,0.000000,15100
2.906665,0.920367,0.727230,27.375618,0.000000,0.029276,0.000000,15110
2.915869,0.920391,0.823811,27.375618,0.000000,0.021957,0.000000,15120
2.928141,1.227188,1.025499,27.375618,0.000000,0.016468,0.000000,15130
2.938879,1.073790,1.049644,27.375618,0.000000,0.012351,0.000000,15140
2.952685,1.380587,1.215116,27.375618,0.000000,0.009263,0.000000,15150
2.966491,1.380587,1.297851,27.375618,0.000000,0.006947,0.000000,15160
2.981831,1.533985,1.415918,27.375618,0.000000,0.005210,0.000000,15170
2.997170,1.533961,1.474940,27.375618,0.000000,0.003908,0.000000,15180
3.012510,1.533985,1.504462,27.375618,0.000000,0.002931,0.000000,15190
3.029384,1.687384,1.595923,27.375618,0.000000,0.002198,0.000000,15200
3.047792,1.840782,1.718353,27.375618,0.000000,0.001649,0.000000,15210
3.064666,1.687384,1.702868,27.375618,0.000000,0.001236,0.000000,15220
3.083073,1.840758,1.771813,27.375618,0.000000,0.000927,0.000000,15230
3.101481,1.840782,1.806298,27.375618,0.000000,0.000696,0.000000,15240
3.118355,1.687384,1.746841,27.375618,0.000000,0.000522,0.000000,15250
3.136763,1.840782,1.793811,27.375618,0.000000,0.000391,0.000000,15260
3.155170,1.840782,1.817297,27.375618,0.000000,0.000293,0.000000,15270
3.172044,1.687360,1.752328,27.375618,0.000000,0.000220,0.000000,15280
3.188918,1.687384,1.719856,27.375618,0.000000,0.000165,0.000000,15290
3.205792,1.687384,1.703620,27.375618,0.000000,0.000124,0.000000,15300
3.221132,1.533985,1.618803,27.375618,0.000000,0.000093,0.000000,15310
3.236471,1.533985,1.576394,27.375618,0.000000,0.000070,0.000000,15320
3.250277,1.380563,1.478478,27.375618,0.000000,0.000052,0.000000,15330
3.264083,1.380587,1.429533,27.375618,0.000000,0.000039,0.000000,15340
3.276355,1.227188,1.328360,27.375618,0.000000,0.000029,0.000000,15350
3.287093,1.073790,1.201075,27.375618,0.000000,0.000022,0.000000,15360
3.296297,0.920391,1.060733,27.375618,0.000000,0.000017,0.000000,15370
3.305501,0.920391,0.990562,27.375618,0.000000,0.000012,0.000000,15380
3.313170,0.766993,0.878777,27.375618,0.000000,0.000009,0.000000,15390
3.319306,0.613594,0.746186,27.375618,0.000000,0.000007,0.000000,15400
3.323908,0.460196,0.603191,27.375618,0.000000,0.000005,0.000000,15410
3.326976,0.306797,0.454994,27.375618,0.000000,0.000004,0.000000,15420
3.328510,0.000000,0.304196,27.375618,0.000000,0.000003,0.000000,15430
3.330044,0.000000,0.228797,27.375618,0.000000,0.000002,0.000000,15440
3.328510,0.000000,0.037699,27.375618,0.000000,0.000002,0.000000,15450
3.326976,0.000000,-0.057850,27.375618,0.000000,0.000001,0.000000,15460
3.323908,-0.306797,-0.182323,27.375618,0.000000,0.000001,0.000000,15470
3.319306,-0.460196,-0.321259,27.375618,0.000000,0.000001,0.000000,15480
3.313170,-0.613594,-0.467427,27.375618,0.000000,0.000001,0.000000,15490
3.307034,-0.613594,-0.540510,27.375618,0.000000,0.000000,0.000000,15500
3.299365,-0.766993,-0.653751,27.375618,0.000000,0.000000,0.000000,15510
3.291695,-0.766993,-0.710372,27.375618,0.000000,0.000000,0.000000,15520
3.280957,-1.073790,-0.892081,27.375618,0.000000,0.000000,0.000000,15530
3.270219,-1.073790,-0.982935,27.375618,0.000000,0.000000,0.000000,15540
3.259481,-1.073790,-1.028362,27.375618,0.000000,0.000000,0.000000,15550
3.247209,-1.227188,-1.127775,27.375618,0.000000,0.000000,0.000000,15560
3.234937,-1.227164,-1.177470,27.375618,0.000000,0.000000,0.000000,15570
3.222666,-1.227188,-1.202329,27.375618,0.000000,0.000000,0.000000,15580
3.208860,-1.380587,-1.291458,27.375618,0.000000,0.000000,0.000000,15590
3.195054,-1.380587,-1.336022,27.375618,0.000000,0.000000,0.000000,15600
3.181248,-1.380587,-1.358304,27.375618,0.000000,0.000000,0.000000,15610
3.167442,-1.380587,-1.369446,27.375618,0.000000,0.000000,0.000000,15620
3.153636,-1.380563,-1.375004,27.375618,0.000000,0.000000,0.000000,15630
3.139831,-1.380587,-1.377795,27.375618,0.000000,0.000000,0.000000,15640
3.124491,-1.533985,-1.455890,27.375618,0.000000,0.000000,0.000000,15650
3.112219,-1.227188,-1.341539,27.375618,0.000000,0.000000,0.000000,15660
3.096879,-1.533985,-1.437762,27.375618,0.000000,0.000000,0.000000,15670
3.084607,-1.227188,-1.332475,27.375618,0.000000,0.000000,0.000000,15680
3.072335,-1.227188,-1.279832,27.375618,0.000000,0.000000,0.000000,15690
3.060064,-1.227164,-1.253498,27.375618,0.000000,0.000000,0.000000,15700
3.049326,-1.073790,-1.163644,27.375618,0.000000,0.000000,0.000000,15710
3.038588,-1.073790,-1.118717,27.375618,0.000000,0.000000,0.000000,15720
3.027850,-1.073790,-1.096253,27.375618,0.000000,0.000000,0.000000,15730
3.018646,-0.920391,-1.008322,27.375618,0.000000,0.000000,0.000000,15740
3.009442,-0.920391,-0.964357,27.375618,0.000000,0.000000,0.000000,15750
3.001772,-0.766993,-0.865675,27.375618,0.000000,0.000000,0.000000,15760
2.995636,-0.613594,-0.739634,27.375618,0.000000,0.000000,0.000000,15770
2.991035,-0.460172,-0.599903,27.375618,0.000000,0.000000,0.000000,15780
2.986433,-0.460196,-0.530049,27.375618,0.000000,0.000000,0.000000,15790
2.983365,-0.306797,-0.418423,27.375618,0.000000,0.000000,0.000000,15800
2.980297,-0.306797,-0.362610,27.375618,0.000000,0.000000,0.000000,15810
2.980297,0.000000,-0.181305,27.375618,0.000000,0.000000,0.000000,15820
2.978763,0.000000,-0.167352,27.375618,0.000000,0.000000,0.000000,15830
2.980297,0.000000,-0.006977,27.375618,0.000000,0.000000,0.000000,15840
2.981831,0.000000,0.073211,27.375618,0.000000,0.000000,0.000000,15850
2.984899,0.306797,0.190004,27.375618,0.000000,0.000000,0.000000,15860
2.987967,0.306797,0.248401,27.375618,0.000000,0.000000,0.000000,15870
2.994102,0.613594,0.430997,27.375618,0.000000,0.000000,0.000000,15880
2.998704,0.460172,0.445584,27.375618,0.000000,0.000000,0.000000,15890
3.004840,0.613594,0.529589,27.375618,0.000000,0.000000,0.000000,15900
3.010976,0.613594,0.571592,27.375618,0.000000,0.000000,0.000000,15910
3.018646,0.766993,0.669292,27.375618,0.000000,0.000000,0.000000,15920
3.026316,0.766993,0.718142,27.375618,0.000000,0.000000,0.000000,15930
3.033986,0.766993,0.742567,27.375618,0.000000,0.000000,0.000000,15940
3.043190,0.920391,0.831479,27.375618,0.000000,0.000000,0.000000,15950
3.052394,0.920391,0.875935,27.375618,0.000000,0.000000,0.000000,15960
3.061598,0.920391,0.898163,27.375618,0.000000,0.000000,0.000000,15970
3.072335,1.073766,0.985964,27.375618,0.000000,0.000000,0.000000,15980
3.081539,0.920391,0.953178,27.375618,0.000000,0.000000,0.000000,15990
3.092277,1.073790,1.013484,27.375618,0.000000,0.000000,0.000000,16000
3.103015,1.073790,1.043637,27.375618,0.000000,0.000000,0.000000,16010
3.113753,1.073790,1.058713,27.375618,0.000000,0.000000,0.000000,16020
3.124491,1.073790,1.066251,27.375618,0.000000,0.000000,0.000000,16030
3.133695,0.920391,0.993321,27.375618,0.000000,0.000000,0.000000,16040
3.144433,1.073790,1.033555,27.375618,0.000000,0.000000,0.000000,16050
3.153636,0.920391,0.976973,27.375618,0.000000,0.000000,0.000000,16060
3.164374,1.073766,1.025370,27.375618,0.000000,0.000000,0.000000,16070
3.172044,0.766993,0.896181,27.375618,0.000000,0.000000,0.000000,16080
3.181248,0.920391,0.908286,27.375618,0.000000,0.000000,0.000000,16090
3.190452,0.920391,0.914339,27.375618,0.000000,0.000000,0.000000,16100
3.198122,0.766993,0.840666,27.375618,0.000000,0.000000,0.000000,16110
3.204258,0.613594,0.727130,27.375618,0.000000,0.000000,0.000000,16120
3.211928,0.766993,0.747061,27.375618,0.000000,0.000000,0.000000,16130
3.218064,0.613594,0.680328,27.375618,0.000000,0.000000,0.000000,16140
3.222666,0.460196,0.570262,27.375618,0.000000,0.000000,0.000000,16150
3.227268,0.460196,0.515229,27.375618,0.000000,0.000000,0.000000,16160
3.231869,0.460196,0.487712,27.375618,0.000000,0.000000,0.000000,16170
3.233403,0.000000,0.320555,27.375618,0.000000,0.000000,0.000000,16180
3.236471,0.306797,0.313676,27.375618,0.000000,0.000000,0.000000,16190
3.238005,0.000000,0.233537,27.375618,0.000000,0.000000,0.000000,16200
3.238005,0.000000,0.116769,27.375618,0.000000,0.000000,0.000000,16210
3.238005,0.000000,0.058384,27.375618,0.000000,0.000000,0.000000,16220
3.236471,0.000000,-0.047507,27.375618,0.000000,0.000000,0.000000,16230
3.234937,0.000000,-0.100453,27.375618,0.000000,0.000000,0.000000,16240
3.233403,0.000000,-0.126926,27.375618,0.000000,0.000000,0.000000,16250
3.230335,-0.306797,-0.216861,27.375618,0.000000,0.000000,0.000000,16260
3.227268,-0.306797,-0.261829,27.375618,0.000000,0.000000,0.000000,16270
3.222666,-0.460196,-0.361012,27.375618,0.000000,0.000000,0.000000,16280
3.218064,-0.460196,-0.410604,27.375618,0.000000,0.000000,0.000000,16290
3.213462,-0.460196,-0.435400,27.375618,0.000000,0.000000,0.000000,16300
3.208860,-0.460196,-0.447798,27.375618,0.000000,0.000000,0.000000,16310
3.202724,-0.613594,-0.530696,27.375618,0.000000,0.000000,0.000000,16320
3.196588,-0.613594,-0.572145,27.375618,0.000000,0.000000,0.000000,16330
3.190452,-0.613594,-0.592870,27.375618,0.000000,0.000000,0.000000,16340
3.182782,-0.766993,-0.679931,27.375618,0.000000,0.000000,0.000000,16350
3.176646,-0.613594,-0.646763,27.375618,0.000000,0.000000,0.000000,16360
3.170510,-0.613594,-0.630178,27.375618,0.000000,0.000000,0.000000,16370
3.162840,-0.766993,-0.698585,27.375618,0.000000,0.000000,0.000000,16380
3.155170,-0.766969,-0.732777,27.375618,0.000000,0.000000,0.000000,16390
3.147501,-0.766993,-0.749885,27.375618,0.000000,0.000000,0.000000,16400
3.141365,-0.613594,-0.681739,27.375618,0.000000,0.000000,0.000000,16410
3.133695,-0.766993,-0.724366,27.375618,0.000000,0.000000,0.000000,16420
3.126025,-0.766993,-0.745679,27.375618,0.000000,0.000000,0.000000,16430
3.119889,-0.613594,-0.679637,27.375618,0.000000,0.000000,0.000000,16440
3.113753,-0.613594,-0.646615,27.375618,0.000000,0.000000,0.000000,16450
3.106083,-0.766993,-0.706804,27.375618,0.000000,0.000000,0.000000,16460
3.099947,-0.613594,-0.660199,27.375618,0.000000,0.000000,0.000000,16470
3.093811,-0.613594,-0.636897,27.375618,0.000000,0.000000,0.000000,16480
3.089209,-0.460196,-0.548546,27.375618,0.000000,0.000000,0.000000,16490
3.084607,-0.460196,-0.504371,27.375618,0.000000,0.000000,0.000000,16500
3.080005,-0.460196,-0.482283,27.375618,0.000000,0.000000,0.000000,16510
3.075403,-0.460196,-0.471239,27.375618,0.000000,0.000000,0.000000,16520
3.072335,-0.306797,-0.389018,27.375618,0.000000,0.000000,0.000000,16530
3.069268,-0.306773,-0.347896,27.375618,0.000000,0.000000,0.000000,16540
3.066200,-0.306797,-0.327346,27.375618,0.000000,0.000000,0.000000,16550
3.064666,0.000000,-0.240372,27.375618,0.000000,0.000000,0.000000,16560
3.063132,0.000000,-0.196885,27.375618,0.000000,0.000000,0.000000,16570
3.061598,0.000000,-0.175142,27.375618,0.000000,0.000000,0.000000,16580
3.061598,0.000000,-0.087571,27.375618,0.000000,0.000000,0.000000,16590
3.061598,0.000000,-0.043785,27.375618,0.000000,0.000000,0.000000,16600
3.061598,0.000000,-0.021893,27.375618,0.000000,0.000000,0.000000,16610
3.061598,0.000000,-0.010946,27.375618,0.000000,0.000000,0.000000,16620
3.063132,0.000000,0.071226,27.375618,0.000000,0.000000,0.000000,16630
3.064666,0.000000,0.112312,27.375618,0.000000,0.000000,0.000000,16640
3.067734,0.306797,0.209555,27.375618,0.000000,0.000000,0.000000,16650
3.069268,0.000000,0.181477,27.375618,0.000000,0.000000,0.000000,16660
3.072335,0.306773,0.244125,27.375618,0.000000,0.000000,0.000000,16670
3.073869,0.000000,0.198762,27.375618,0.000000,0.000000,0.000000,16680
3.076937,0.306797,0.252779,27.375618,0.000000,0.000000,0.000000,16690
3.081539,0.460196,0.356487,27.375618,0.000000,0.000000,0.000000,16700
3.084607,0.306797,0.331642,27.375618,0.000000,0.000000,0.000000,16710
3.087675,0.306797,0.319220,27.375618,0.000000,0.000000,0.000000,16720
3.092277,0.460196,0.389708,27.375618,0.000000,0.000000,0.000000,16730
3.095345,0.306797,0.348252,27.375618,0.000000,0.000000,0.000000,16740
3.099947,0.460196,0.404224,27.375618,0.000000,0.000000,0.000000,16750
3.104549,0.460196,0.432210,27.375618,0.000000,0.000000,0.000000,16760
3.109151,0.460196,0.446203,27.375618,0.000000,0.000000,0.000000,16770
3.112219,0.306797,0.376500,27.375618,0.000000,0.000000,0.000000,16780
3.116821,0.460196,0.418348,27.375618,0.000000,0.000000,0.000000,16790
3.121423,0.460196,0.439272,27.375618,0.000000,0.000000,0.000000,16800
3.124491,0.306797,0.373034,27.375618,0.000000,0.000000,0.000000,16810
3.129093,0.460196,0.416615,27.375618,0.000000,0.000000,0.000000,16820
3.133695,0.460196,0.438405,27.375618,0.000000,0.000000,0.000000,16830
3.136763,0.306797,0.372601,27.375618,0.000000,0.000000,0.000000,16840
3.139831,0.306797,0.339699,27.375618,0.000000,0.000000,0.000000,16850
3.144433,0.460196,0.399947,27.375618,0.000000,0.000000,0.000000,16860
3.147501,0.306797,0.353372,27.375618,0.000000,0.000000,0.000000,16870
3.150568,0.306797,0.330085,27.375618,0.000000,0.000000,0.000000,16880
3.153636,0.306797,0.318441,27.375618,0.000000,0.000000,0.000000,16890
3.156704,0.306797,0.312619,27.375618,0.000000,0.000000,0.000000,16900
3.158238,0.000000,0.233009,27.375618,0.000000,0.000000,0.000000,16910
3.161306,0.306797,0.269903,27.375618,0.000000,0.000000,0.000000,16920
3.162840,0.000000,0.211639,27.375618,0.000000,0.000000,0.000000,16930
3.164374,0.000000,0.182519,27.375618,0.000000,0.000000,0.000000,16940
3.165908,0.000000,0.167959,27.375618,0.000000,0.000000,0.000000,16950
3.165908,0.000000,0.083979,27.375618,0.000000,0.000000,0.000000,16960
3.167442,0.000000,0.118689,27.375618,0.000000,0.000000,0.000000,16970
3.167442,0.000000,0.059344,27.375618,0.000000,0.000000,0.000000,16980
3.167442,0.000000,0.029672,27.375618,0.000000,0.000000,0.000000,16990
3.167442,0.000000,0.014836,27.375618,0.000000,0.000000,0.000000,17000
3.165908,0.000000,-0.069281,27.375618,0.000000,0.000000,0.000000,17010
3.165908,0.000000,-0.034641,27.375618,0.000000,0.000000,0.000000,17020
3.164374,0.000000,-0.094020,27.375618,0.000000,0.000000,0.000000,17030
3.162840,0.000000,-0.123709,27.375618,0.000000,0.000000,0.000000,17040
3.161306,0.000000,-0.138542,27.375618,0.000000,0.000000,0.000000,17050
3.159772,0.000000,-0.145970,27.375618,0.000000,0.000000,0.000000,17060
3.158238,0.000000,-0.149684,27.375618,0.000000,0.000000,0.000000,17070
3.156704,0.000000,-0.151541,27.375618,0.000000,0.000000,0.000000,17080
3.155170,0.000000,-0.152470,27.375618,0.000000,0.000000,0.000000,17090
3.153636,0.000000,-0.152934,27.375618,0.000000,0.000000,0.000000,17100
3.152102,0.000000,-0.153166,27.375618,0.000000,0.000000,0.000000,17110
3.150568,0.000000,-0.153282,27.375618,0.000000,0.000000,0.000000,17120
3.147501,-0.306797,-0.230040,27.375618,0.000000,0.000000,0.000000,17130
3.145967,0.000000,-0.191719,27.375618,0.000000,0.000000,0.000000,17140
3.144433,0.000000,-0.172559,27.375618,0.000000,0.000000,0.000000,17150
3.142899,0.000000,-0.162979,27.375618,0.000000,0.000000,0.000000,17160
3.141365,0.000000,-0.158189,27.375618,0.000000,0.000000,0.000000,17170
3.139831,0.000000,-0.155794,27.375618,0.000000,0.000000,0.000000,17180
3.138297,0.000000,-0.154596,27.375618,0.000000,0.000000,0.000000,17190
3.136763,0.000000,-0.153997,27.375618,0.000000,0.000000,0.000000,17200
3.135229,0.000000,-0.153698,27.375618,0.000000,0.000000,0.000000,17210
3.133695,0.000000,-0.153548,27.375618,0.000000,0.000000,0.000000,17220
3.132161,0.000000,-0.153473,27.375618,0.000000,0.000000,0.000000,17230
3.130627,0.000000,-0.153436,27.375618,0.000000,0.000000,0.000000,17240
3.129093,0.000000,-0.153417,27.375618,0.000000,0.000000,0.000000,17250
3.127559,0.000000,-0.153408,27.375618,0.000000,0.000000,0.000000,17260
3.127559,0.000000,-0.076704,27.375618,0.000000,0.000000,0.000000,17270
3.126025,0.000000,-0.115051,27.375618,0.000000,0.000000,0.000000,17280
3.126025,0.000000,-0.057526,27.375618,0.000000,0.000000,0.000000,17290
3.124491,0.000000,-0.105462,27.375618,0.000000,0.000000,0.000000,17300
3.124491,0.000000,-0.052731,27.375618,0.000000,0.000000,0.000000,17310
3.124491,0.000000,-0.026366,27.375618,0.000000,0.000000,0.000000,17320
3.124491,0.000000,-0.013183,27.375618,0.000000,0.000000,0.000000,17330
3.124491,0.000000,-0.006591,27.375618,0.000000,0.000000,0.000000,17340
3.124491,0.000000,-0.003296,27.375618,0.000000,0.000000,0.000000,17350
3.124491,0.000000,-0.001648,27.375618,0.000000,0.000000,0.000000,17360
3.124491,0.000000,-0.000824,27.375618,0.000000,0.000000,0.000000,17370
3.124491,0.000000,-0.000412,27.375618,0.000000,0.000000,0.000000,17380
3.124491,0.000000,-0.000206,27.375618,0.000000,0.000000,0.000000,17390
3.124491,0.000000,-0.000103,27.375618,0.000000,0.000000,0.000000,17400
3.124491,0.000000,-0.000051,27.375618,0.000000,0.000000,0.000000,17410
3.124491,0.000000,-0.000026,27.375618,0.000000,0.000000,0.000000,17420
3.124491,0.000000,-0.000013,27.375618,0.000000,0.000000,0.000000,17430
3.126025,0.000000,0.076693,27.375618,0.000000,0.000000,0.000000,17440
3.126025,0.000000,0.038346,27.375618,0.000000,0.000000,0.000000,17450
3.126025,0.000000,0.019173,27.375618,0.000000,0.000000,0.000000,17460
3.126025,0.000000,0.009587,27.375618,0.000000,0.000000,0.000000,17470
3.126025,0.000000,0.004793,27.375618,0.000000,0.000000,0.000000,17480
3.126025,0.000000,0.002397,27.375618,0.000000,0.000000,0.000000,17490
3.127559,0.000000,0.077898,27.375618,0.000000,0.000000,0.000000,17500
3.127559,0.000000,0.038949,27.375618,0.000000,0.000000,0.000000,17510
3.127559,0.000000,0.019474,27.375618,0.000000,0.000000,0.000000,17520
3.127559,0.000000,0.009737,27.375618,0.000000,0.000000,0.000000,17530
3.127559,0.000000,0.004869,27.375618,0.000000,0.000000,0.000000,17540
3.127559,0.000000,0.002434,27.375618,0.000000,0.000000,0.000000,17550
3.127559,0.000000,0.001217,27.375618,0.000000,0.000000,0.000000,17560
3.127559,0.000000,0.000609,27.375618,0.000000,0.000000,0.000000,17570
3.127559,0.000000,0.000304,27.375618,0.000000,0.000000,0.000000,17580
3.127559,0.000000,0.000152,27.375618,0.000000,0.000000,0.000000,17590
3.127559,0.000000,0.000076,27.375618,0.000000,0.000000,0.000000,17600
3.127559,0.000000,0.000038,27.375618,0.000000,0.000000,0.000000,17610
3.127559,0.000000,0.000019,27.375618,0.000000,0.000000,0.000000,17620
3.127559,0.000000,0.000010,27.375618,0.000000,0.000000,0.000000,17630
3.127559,0.000000,0.000005,27.375618,0.000000,0.000000,0.000000,17640
3.127559,0.000000,0.000002,27.375618,0.000000,0.000000,0.000000,17650
3.127559,0.000000,0.000001,27.375618,0.000000,0.000000,0.000000,17660
3.127559,0.000000,0.000001,27.375618,0.000000,0.000000,0.000000,17670
3.127559,0.000000,0.000000,27.375618,0.000000,0.000000,0.000000,17680
3.127559,0.000000,0.000000,27.375618,0.000000,0.000000,0.000000,17690
3.127559,0.000000,0.000000,27.375618,0.000000,0.000000,0.000000,17700
3.127559,0.000000,0.000000,27.375618,0.000000,0.000000,0.000000,17710
3.127559,0.000000,0.000000,27.375618,0.000000,0.000000,0.000000,17720
3.127559,0.000000,0.000000,27.375618,0.000000,0.000000,0.000000,17730
3.127559,0.000000,0.000000,27.375618,0.000000,0.000000,0.000000,17740
3.127559,0.000000,0.000000,27.375618,0.000000,0.000000,0.000000,17750
3.127559,0.000000,0.000000,27.375618,0.000000,0.000000,0.000000,17760
3.127559,0.000000,0.000000,27.375618,0.000000,0.000000,0.000000,17770
3.127559,0.000000,0.000000,27.375618,0.000000,0.000000,0.000000,17780
3.127559,0.000000,0.000000,27.375618,0.000000,0.000000,0.000000,17790
3.127559,0.000000,0.000000,27.375618,0.000000,0.000000,0.000000,17800
3.127559,0.000000,0.000000,27.375618,0.000000,0.000000,0.000000,17810
3.127559,0.000000,0.000000,27.375618,0.000000,0.000000,0.000000,17820
3.127559,0.000000,0.000000,27.375618,0.000000,0.000000,0.000000,17830
3.127559,0.000000,0.000000,27.375618,0.000000,0.000000,0.000000,17840
3.127559,0.000000,0.000000,27.375618,0.000000,0.000000,0.000000,17850
3.127559,0.000000,0.000000,27.375618,0.000000,0.000000,0.000000,17860
3.127559,0.000000,0.000000,27.375618,0.000000,0.000000,0.000000,17870
3.127559,0.000000,0.000000,27.375618,0.000000,0.000000,0.000000,17880
3.127559,0.000000,0.000000,27.375618,0.000000,0.000000,0.000000,17890
3.127559,0.000000,0.000000,27.375618,0.000000,0.000000,0.000000,17900
3.127559,0.000000,0.000000,27.375618,0.000000,0.000000,0.000000,17910
3.127559,0.000000,0.000000,27.375618,0.000000,0.000000,0.000000,17920
3.127559,0.000000,0.000000,27.375618,0.000000,0.000000,0.000000,17930
3.127559,0.000000,0.000000,27.375618,0.000000,0.000000,0.000000,17940
3.127559,0.000000,0.000000,27.375618,0.000000,0.000000,0.000000,17950
3.127559,0.000000,0.000000,27.375618,0.000000,0.000000,0.000000,17960
3.127559,0.000000,0.000000,27.375618,0.000000,0.000000,0.000000,17970
3.127559,0.000000,0.000000,27.375618,0.000000,0.000000,0.000000,17980
3.127559,0.000000,0.000000,27.375618,0.000000,0.000000,0.000000,17990
3.127559,0.000000,0.000000,27.375618,0.000000,0.000000,0.000000,18000
3.127559,0.000000,0.000000,27.375618,0.000000,0.000000,0.000000,18010
3.127559,0.000000,0.000000,27.375618,0.000000,0.000000,0.000000,18020
3.127559,0.000000,0.000000,27.375618,0.000000,0.000000,0.000000,18030
3.127559,0.000000,0.000000,27.375618,0.000000,0.000000,0.000000,18040
3.127559,0.000000,0.000000,27.375618,0.000000,0.000000,0.000000,18050
3.127559,0.000000,0.000000,27.375618,0.000000,0.000000,0.000000,18060
3.127559,0.000000,0.000000,27.375618,0.000000,0.000000,0.000000,18070
3.127559,0.000000,0.000000,27.375618,0.000000,0.000000,0.000000,18080
3.127559,0.000000,0.000000,27.375618,0.000000,0.000000,0.000000,18090
3.127559,0.000000,0.000000,27.375618,0.000000,0.000000,0.000000,18100
3.127559,0.000000,0.000000,27.375618,0.000000,0.000000,0.000000,18110
3.127559,0.000000,0.000000,27.375618,0.000000,0.000000,0.000000,18120
3.127559,0.000000,0.000000,27.375618,0.000000,0.000000,0.000000,18130
3.127559,0.000000,0.000000,27.375618,0.000000,0.000000,0.000000,18140
3.127559,0.000000,0.000000,27.375618,0.000000,0.000000,0.000000,18150
3.127559,0.000000,0.000000,27.375618,0.000000,0.000000,0.000000,18160
3.127559,0.000000,0.000000,27.375618,0.000000,0.000000,0.000000,18170
3.127559,0.000000,0.000000,27.375618,0.000000,0.000000,0.000000,18180
3.127559,0.000000,0.000000,27.375618,0.000000,0.000000,0.000000,18190
3.127559,0.000000,0.000000,27.375618,0.000000,0.000000,0.000000,18200
3.127559,0.000000,0.000000,27.375618,0.000000,0.000000,0.000000,18210
3.127559,0.000000,0.000000,27.375618,0.000000,0.000000,0.000000,18220
3.127559,0.000000,0.000000,27.375618,0.000000,0.000000,0.000000,18230
3.127559,0.000000,0.000000,27.375618,0.000000,0.000000,0.000000,18240
3.127559,0.000000,0.000000,27.375618,0.000000,0.000000,0.000000,18250
3.127559,0.000000,0.000000,27.375618,0.000000,0.000000,0.000000,18260
3.127559,0.000000,0.000000,27.375618,0.000000,0.000000,0.000000,18270
3.127559,0.000000,0.000000,27.375618,0.000000,0.000000,0.000000,18280
3.127559,0.000000,0.000000,27.375618,0.000000,0.000000,0.000000,18290
3.127559,0.000000,0.000000,27.375618,0.000000,0.000000,0.000000,18300
3.127559,0.000000,0.000000,27.375618,0.000000,0.000000,0.000000,18310
3.127559,0.000000,0.000000,27.375618,0.000000,0.000000,0.000000,18320
3.127559,0.000000,0.000000,27.375618,0.000000,0.000000,0.000000,18330
3.127559,0.000000,0.000000,27.375618,0.000000,0.000000,0.000000,18340
3.127559,0.000000,0.000000,27.375618,0.000000,0.000000,0.000000,18350
3.127559,0.000000,0.000000,27.375618,0.000000,0.000000,0.000000,18360
3.127559,0.000000,0.000000,27.375618,0.000000,0.000000,0.000000,18370
3.127559,0.000000,0.000000,27.375618,0.000000,0.000000,0.000000,18380
3.127559,0.000000,0.000000,27.375618,0.000000,0.000000,0.000000,18390
3.127559,0.000000,0.000000,27.375618,0.000000,0.000000,0.000000,18400
3.127559,0.000000,0.000000,27.375618,0.000000,0.000000,0.000000,18410
3.127559,0.000000,0.000000,27.375618,0.000000,0.000000,0.000000,18420
3.127559,0.000000,0.000000,27.375618,0.000000,0.000000,0.000000,18430
3.127559,0.000000,0.000000,27.375618,0.000000,0.000000,0.000000,18440
3.127559,0.000000,0.000000,27.375618,0.000000,0.000000,0.000000,18450
3.127559,0.000000,0.000000,27.375618,0.000000,0.000000,0.000000,18460
3.127559,0.000000,0.000000,27.375618,0.000000,0.000000,0.000000,18470
3.127559,0.000000,0.000000,27.375618,0.000000,0.000000,0.000000,18480
3.127559,0.000000,0.000000,27.375618,0.000000,0.000000,0.000000,18490
3.127559,0.000000,0.000000,27.375618,0.000000,0.000000,0.000000,18500
3.127559,0.000000,0.000000,27.375618,0.000000,0.000000,0.000000,18510
3.127559,0.000000,0.000000,27.375618,0.000000,0.000000,0.000000,18520
3.127559,0.000000,0.000000,27.375618,0.000000,0.000000,0.000000,18530
3.127559,0.000000,0.000000,27.375618,0.000000,0.000000,0.000000,18540
3.127559,0.000000,0.000000,27.375618,0.000000,0.000000,0.000000,18550
3.127559,0.000000,0.000000,27.375618,0.000000,0.000000,0.000000,18560
3.127559,0.000000,0.000000,27.375618,0.000000,0.000000,0.000000,18570
3.127559,0.000000,0.000000,27.375618,0.000000,0.000000,0.000000,18580
3.127559,0.000000,0.000000,27.375618,0.000000,0.000000,0.000000,18590
3.127559,0.000000,0.000000,27.375618,0.000000,0.000000,0.000000,18600
3.127559,0.000000,0.000000,27.375618,0.000000,0.000000,0.000000,18610
3.127559,0.000000,0.000000,27.375618,0.000000,0.000000,0.000000,18620
3.127559,0.000000,0.000000,27.375618,0.000000,0.000000,0.000000,18630
3.127559,0.000000,0.000000,27.375618,0.000000,0.000000,0.000000,18640
3.127559,0.000000,0.000000,27.375618,0.000000,0.000000,0.000000,18650
3.127559,0.000000,0.000000,27.375618,0.000000,0.000000,0.000000,18660
3.127559,0.000000,0.000000,27.375618,0.000000,0.000000,0.000000,18670
3.127559,0.000000,0.000000,27.375618,0.000000,0.000000,0.000000,18680
3.127559,0.000000,0.000000,27.375618,0.000000,0.000000,0.000000,18690
3.127559,0.000000,0.000000,27.375618,0.000000,0.000000,0.000000,18700
3.127559,0.000000,0.000000,27.375618,0.000000,0.000000,0.000000,18710
3.127559,0.000000,0.000000,27.375618,0.000000,0.000000,0.000000,18720
3.127559,0.000000,0.000000,27.375618,0.000000,0.000000,0.000000,18730
3.127559,0.000000,0.000000,27.375618,0.000000,0.000000,0.000000,18740
3.127559,0.000000,0.000000,27.375618,0.000000,0.000000,0.000000,18750
3.127559,0.000000,0.000000,27.375618,0.000000,0.000000,0.000000,18760
3.127559,0.000000,0.000000,27.375618,0.000000,0.000000,0.000000,18770
3.127559,0.000000,0.000000,27.375618,0.000000,0.000000,0.000000,18780
3.127559,0.000000,0.000000,27.375618,0.000000,0.000000,0.000000,18790
3.127559,0.000000,0.000000,27.375618,0.000000,0.000000,0.000000,18800
3.127559,0.000000,0.000000,27.375618,0.000000,0.000000,0.000000,18810
3.127559,0.000000,0.000000,27.375618,0.000000,0.000000,0.000000,18820
3.127559,0.000000,0.000000,27.375618,0.000000,0.000000,0.000000,18830
3.127559,0.000000,0.000000,27.375618,0.000000,0.000000,0.000000,18840
3.127559,0.000000,0.000000,27.375618,0.000000,0.000000,0.000000,18850
3.127559,0.000000,0.000000,27.375618,0.000000,0.000000,0.000000,18860
3.127559,0.000000,0.000000,27.375618,0.000000,0.000000,0.000000,18870
3.127559,0.000000,0.000000,27.375618,0.000000,0.000000,0.000000,18880
3.127559,0.000000,0.000000,27.375618,0.000000,0.000000,0.000000,18890
3.127559,0.000000,0.000000,27.375618,0.000000,0.000000,0.000000,18900
3.127559,0.000000,0.000000,27.375618,0.000000,0.000000,0.000000,18910
3.127559,0.000000,0.000000,27.375618,0.000000,0.000000,0.000000,18920
3.127559,0.000000,0.000000,27.375618,0.000000,0.000000,0.000000,18930
3.127559,0.000000,0.000000,27.375618,0.000000,0.000000,0.000000,18940
3.127559,0.000000,0.000000,27.375618,0.000000,0.000000,0.000000,18950
3.127559,0.000000,0.000000,27.375618,0.000000,0.000000,0.000000,18960
3.127559,0.000000,0.000000,27.375618,0.000000,0.000000,0.000000,18970
3.127559,0.000000,0.000000,27.375618,0.000000,0.000000,0.000000,18980
3.127559,0.000000,0.000000,27.375618,0.000000,0.000000,0.000000,18990
3.127559,0.000000,0.000000,27.375618,0.000000,0.000000,0.000000,19000
3.127559,0.000000,0.000000,27.375618,0.000000,0.000000,0.000000,19010
3.127559,0.000000,0.000000,27.375618,0.000000,0.000000,0.000000,19020
3.127559,0.000000,0.000000,27.375618,0.000000,0.000000,0.000000,19030
3.127559,0.000000,0.000000,27.375618,0.000000,0.000000,0.000000,19040
3.127559,0.000000,0.000000,27.375618,0.000000,0.000000,0.000000,19050
3.127559,0.000000,0.000000,27.375618,0.000000,0.000000,0.000000,19060
3.127559,0.000000,0.000000,27.375618,0.000000,0.000000,0.000000,19070
3.127559,0.000000,0.000000,27.375618,0.000000,0.000000,0.000000,19080
3.127559,0.000000,0.000000,27.375618,0.000000,0.000000,0.000000,19090
3.127559,0.000000,0.000000,27.375618,0.000000,0.000000,0.000000,19100
3.127559,0.000000,0.000000,27.375618,0.000000,0.000000,0.000000,19110
3.127559,0.000000,0.000000,27.375618,0.000000,0.000000,0.000000,19120
3.127559,0.000000,0.000000,27.375618,0.000000,0.000000,0.000000,19130
3.127559,0.000000,0.000000,27.375618,0.000000,0.000000,0.000000,19140
3.127559,0.000000,0.000000,27.375618,0.000000,0.000000,0.000000,19150
3.127559,0.000000,0.000000,27.375618,0.000000,0.000000,0.000000,19160
3.127559,0.000000,0.000000,27.375618,0.000000,0.000000,0.000000,19170
3.127559,0.000000,0.000000,27.375618,0.000000,0.000000,0.000000,19180
3.127559,0.000000,0.000000,27.375618,0.000000,0.000000,0.000000,19190
3.127559,0.000000,0.000000,27.375618,0.000000,0.000000,0.000000,19200
3.127559,0.000000,0.000000,27.375618,0.000000,0.000000,0.000000,19210
3.127559,0.000000,0.000000,27.375618,0.000000,0.000000,0.000000,19220
3.127559,0.000000,0.000000,27.375618,0.000000,0.000000,0.000000,19230
3.127559,0.000000,0.000000,27.375618,0.000000,0.000000,0.000000,19240
3.127559,0.000000,0.000000,27.375618,0.000000,0.000000,0.000000,19250
3.127559,0.000000,0.000000,27.375618,0.000000,0.000000,0.000000,19260
3.127559,0.000000,0.000000,27.375618,0.000000,0.000000,0.000000,19270
3.127559,0.000000,0.000000,27.375618,0.000000,0.000000,0.000000,19280
3.127559,0.000000,0.000000,27.375618,0.000000,0.000000,0.000000,19290
3.127559,0.000000,0.000000,27.375618,0.000000,0.000000,0.000000,19300
3.127559,0.000000,0.000000,27.375618,0.000000,0.000000,0.000000,19310
3.127559,0.000000,0.000000,27.375618,0.000000,0.000000,0.000000,19320
3.127559,0.000000,0.000000,27.375618,0.000000,0.000000,0.000000,19330
3.127559,0.000000,0.000000,27.375618,0.000000,0.000000,0.000000,19340
3.127559,0.000000,0.000000,27.375618,0.000000,0.000000,0.000000,19350
3.127559,0.000000,0.000000,27.375618,0.000000,0.000000,0.000000,19360
3.127559,0.000000,0.000000,27.375618,0.000000,0.000000,0.000000,19370
3.127559,0.000000,0.000000,27.375618,0.000000,0.000000,0.000000,19380
3.127559,0.000000,0.000000,27.375618,0.000000,0.000000,0.000000,19390
3.127559,0.000000,0.000000,27.375618,0.000000,0.000000,0.000000,19400
3.127559,0.000000,0.000000,27.375618,0.000000,0.000000,0.000000,19410